6
8
0 1 0 0 0 0 1 0 1 0 0 0 0 1 0 1 0 0 0 0 1 0 1 0 0 0 0 1 0 1 0 0 0 0 1 0 0.383031 5 0 0 1 0 2 0 3 0 4 0 5 0 Y 0 0 0 
0 0 0 0 0 0 0 0 0 0 0 0 0 0 0 0 0 0 0 0 0 0 0 0 0 0 0 0 0 0 0 0 1 0 0 0 0.128682 6 0 0 1 0 2 0 3 0 3 -1 2 -1 Y 0 0 0 
0 0 0 0 0 0 0 0 0 0 0 0 0 0 0 0 0 0 0 0 0 0 0 0 0 0 0 0 0 0 1 0 1 0 0 0 0.0552469 7 3 1 2 1 2 0 2 -1 3 -1 3 0 Y 0 0 0 
0 0 0 0 0 0 0 0 0 0 0 0 0 0 0 0 0 0 1 0 0 0 0 0 0 0 0 0 0 0 0 0 0 0 0 0 0.128288 6 3 1 2 1 2 0 3 0 3 -1 4 -1 Y 0 0 0 
0 0 0 0 0 0 0 0 0 0 0 0 0 0 0 0 0 0 0 0 0 0 0 0 0 1 0 0 0 0 0 0 0 0 0 0 0.102074 6 3 1 3 0 2 0 2 -1 3 -1 4 -1 Y 0 0 0 
0 0 0 0 0 0 0 0 0 0 0 0 0 0 0 0 0 0 0 0 0 0 0 0 0 1 0 0 0 0 1 0 0 0 0 0 0.0933976 7 4 0 3 0 2 0 2 -1 3 -1 4 -1 Y 0 0 0 
0 0 0 0 0 0 0 0 0 0 0 0 0 0 0 0 0 0 1 0 0 0 0 0 0 0 0 0 0 0 0 0 1 0 0 0 0.0543071 7 3 -1 3 0 2 0 2 -1 1 -1 1 0 Y 0 0 0 
0 0 0 0 0 0 0 0 0 0 0 0 0 0 0 0 0 0 1 0 0 0 0 0 0 0 0 0 0 0 1 0 0 0 0 0 0.0549726 7 3 1 3 0 2 0 2 1 2 2 3 2 Y 0 0 0 
