1 1 2 2 1 1 2 2 2 1 2 2 1 2 1  0.00228368 3.46679e-05
1 2 2 2 1 1 2 2 2 1 2 1 1 1 1  0.00298175 3.997e-05
1 1 1 2 2 1 2 2 2 1 1 1 1 2 1  0.00723209 0.000105074
1 1 2 2 2 1 2 2 1 1 2 2 1 2 1  0.00231049 3.03524e-05
1 2 2 2 1 1 2 2 1 1 2 1 1 1 1  0.00733585 0.000130457
1 2 2 2 2 1 2 2 1 1 2 2 1 1 1  0.00342477 4.76803e-05
1 2 2 2 2 1 1 2 1 1 2 2 1 2 1  0.00204502 3.85854e-05
1 2 2 2 2 1 1 1 1 1 2 2 1 2 1  0.0033071 5.03775e-05
1 1 2 2 2 1 2 1 1 1 2 2 1 2 1  0.00298729 4.63609e-05
1 2 1 1 1 1 2 2 2 1 2 2 1 2 1  0.00300445 5.42257e-05
1 2 2 2 1 1 2 2 1 1 2 1 1 2 1  0.00301324 4.95675e-05
1 1 2 2 2 1 2 2 1 1 1 1 1 2 1  0.00725345 0.00013885
1 1 2 2 2 1 2 1 1 1 1 2 1 2 1  0.00724652 0.000135546
1 2 2 2 2 1 2 2 1 1 2 1 1 1 1  0.00996361 0.000156494
1 2 2 2 1 1 2 2 1 1 1 1 1 2 1  0.00735322 0.000113957
1 2 1 2 2 1 2 2 2 1 1 1 1 2 1  0.0029709 5.40946e-05
1 2 1 2 2 1 1 2 2 1 1 1 1 2 1  0.0072179 0.000161286
1 1 2 2 2 1 2 2 1 1 2 2 1 1 1  0.00300877 4.99019e-05
1 1 1 2 2 1 2 2 2 1 2 1 1 2 1  0.00302289 5.31119e-05
1 2 1 1 1 1 1 2 2 1 2 2 1 2 1  0.00729481 0.000136664
1 2 2 2 1 1 1 1 1 1 2 2 1 2 1  0.00739773 0.000124117
1 2 2 2 1 1 2 2 2 1 2 2 1 2 1  0.00229476 2.78828e-05
1 2 2 2 1 1 1 2 1 1 2 2 1 1 1  0.0074462 0.000148426
1 2 2 2 1 1 2 2 1 1 2 2 1 1 1  0.00303143 5.85392e-05
1 2 2 2 1 1 1 2 1 1 2 2 1 2 1  0.00305775 4.8557e-05
1 2 1 2 1 1 2 2 2 1 2 2 1 1 1  0.00302081 4.37975e-05
1 2 2 2 1 1 2 2 2 1 2 2 1 1 1  0.00233592 2.99385e-05
1 2 1 2 1 1 2 2 2 1 2 2 1 2 1  0.00123102 1.4903e-05
1 1 2 2 1 1 2 2 2 1 2 1 1 2 1  0.00297839 4.63561e-05
1 1 2 2 1 1 2 2 2 1 2 2 1 1 1  0.00301235 4.72827e-05
1 1 2 2 2 1 2 2 1 1 1 2 1 2 1  0.00299002 4.72667e-05
1 1 1 2 1 1 2 2 2 1 2 2 1 2 1  0.002988 5.88417e-05
1 2 1 2 2 1 2 2 2 1 1 2 1 1 1  0.0030296 5.56749e-05
1 2 2 2 2 1 1 2 2 1 1 2 1 1 1  0.0099742 0.000126851
1 1 1 2 2 1 2 2 2 1 1 2 1 1 1  0.00737082 0.000118991
1 1 2 2 2 1 2 1 2 1 1 2 1 1 1  0.00722976 8.03746e-05
1 2 2 1 1 1 1 2 2 1 2 2 1 2 1  0.00300895 5.76737e-05
1 2 2 1 2 1 1 1 2 1 2 2 1 2 1  0.00657122 0.000121115
1 2 2 1 1 1 2 2 2 1 1 2 1 2 1  0.00298514 4.55082e-05
1 2 2 1 2 1 2 1 2 1 2 2 1 2 1  0.00203483 3.14206e-05
1 2 2 2 2 1 2 2 1 1 2 2 1 2 1  0.00233239 3.10768e-05
1 2 2 2 2 1 2 2 1 1 2 1 1 2 1  0.00407012 5.12165e-05
1 1 1 2 1 1 2 2 2 1 2 2 1 1 1  0.00731686 0.000138964
1 2 1 2 2 1 1 2 2 1 2 1 1 2 1  0.00294851 5.01047e-05
1 2 1 2 2 1 1 2 2 1 2 1 1 1 1  0.00713031 0.000105169
1 1 2 2 2 1 2 2 2 1 1 1 1 2 1  0.00656576 7.56145e-05
1 2 2 2 2 1 1 2 2 1 1 2 1 2 1  0.013417 9.57556e-05
1 1 2 1 1 1 2 2 2 1 1 2 1 2 1  0.00725408 0.000124745
1 1 2 2 2 1 2 2 2 1 1 2 1 2 1  0.0164735 0.000112684
1 1 2 2 2 1 2 2 1 1 2 1 1 1 1  0.00725493 0.000137301
1 1 1 1 2 1 2 2 2 1 2 2 1 1 1  0.00727939 0.000129608
1 2 2 2 2 1 2 1 1 1 1 2 1 2 1  0.00657489 0.000116206
1 1 2 2 2 1 1 1 1 1 2 2 1 2 1  0.00722144 0.000136769
1 1 2 2 2 1 2 1 2 1 2 2 1 2 1  0.00336951 4.33194e-05
1 2 1 2 2 1 2 2 2 1 2 1 1 1 1  0.00297031 5.01277e-05
1 2 1 2 2 1 2 2 2 1 2 2 1 1 1  0.00409749 3.23471e-05
1 1 2 2 2 1 2 2 2 1 1 2 1 1 1  0.0131749 0.000126314
1 2 2 2 2 1 2 2 1 1 1 1 1 2 1  0.00992758 0.000131352
1 2 2 1 2 1 2 2 2 1 1 2 1 2 1  0.00202185 3.48169e-05
1 1 1 2 2 1 2 2 2 1 2 2 1 1 1  0.0132236 0.000128904
1 1 2 1 2 1 2 2 2 1 2 2 1 2 1  0.00338401 4.62125e-05
1 1 2 1 2 1 2 2 2 1 1 2 1 1 1  0.00722481 0.000142282
1 1 2 1 2 1 2 2 2 1 2 2 1 1 1  0.00299394 5.84628e-05
1 1 2 2 2 1 1 1 2 1 2 2 1 1 1  0.00721467 0.000129733
1 2 2 2 1 1 1 1 2 1 2 2 1 2 1  0.0030209 5.28435e-05
1 2 2 1 2 1 1 2 2 1 2 2 1 2 1  0.00338015 4.46329e-05
1 1 2 1 1 1 2 2 2 1 2 2 1 2 1  0.00299502 4.82195e-05
1 2 2 2 1 1 1 2 2 1 2 2 1 2 1  0.00232533 3.4988e-05
1 1 2 2 2 1 2 1 2 1 1 2 1 2 1  0.00657456 7.33819e-05
1 2 2 2 2 1 1 2 2 1 2 1 1 2 1  0.00407393 4.38641e-05
1 1 2 2 2 1 2 2 2 1 2 2 1 1 1  0.0239374 0.000153707
1 1 2 2 2 1 1 2 2 1 1 2 1 2 1  0.00994355 0.000150645
1 1 2 2 2 1 1 2 2 1 2 1 1 1 1  0.00740601 0.000118492
1 1 2 2 2 1 2 2 2 1 2 2 1 2 1  0.0272685 0.000160738
1 1 2 2 1 1 2 2 2 1 2 1 1 1 1  0.00726655 0.000122643
1 1 2 2 1 1 2 2 2 1 1 1 1 2 1  0.00720936 0.000112032
1 2 2 2 2 1 1 2 2 1 2 1 1 1 1  0.00986018 0.000127318
1 2 2 2 2 1 1 2 2 1 1 1 1 2 1  0.00989963 0.000135875
1 2 2 2 2 1 2 1 1 1 2 2 1 2 1  0.00203085 3.7923e-05
1 2 2 2 2 1 2 2 2 1 2 1 1 1 1  0.0165202 0.000148332
1 2 1 2 1 1 1 2 2 1 2 2 1 2 1  0.00297808 5.14919e-05
1 2 2 2 1 1 1 2 2 1 2 2 1 1 1  0.00303003 4.46633e-05
1 2 1 2 2 1 1 2 2 1 1 2 1 1 1  0.00731619 0.00014853
1 2 2 2 2 1 2 2 2 1 2 2 1 1 1  0.0272221 0.000205884
1 1 2 2 2 1 2 2 2 1 2 1 1 2 1  0.00408222 5.01871e-05
1 1 2 2 2 1 1 2 2 1 2 1 1 2 1  0.00301341 4.1994e-05
1 1 2 2 2 1 1 2 1 1 2 2 1 1 1  0.00735345 0.000126042
1 1 2 2 2 1 1 2 2 1 1 1 1 2 1  0.00735669 0.000126035
1 1 2 2 2 1 2 2 2 1 2 1 1 1 1  0.0132384 0.000142402
1 2 1 2 2 1 1 2 2 1 2 2 1 2 1  0.0104701 0.000124179
1 1 2 2 2 1 2 1 2 1 2 2 1 1 1  0.00302978 4.98516e-05
1 1 2 2 2 1 1 2 2 1 2 2 1 1 1  0.0132103 0.000144776
1 1 2 2 2 1 2 2 1 1 2 1 1 2 1  0.00300656 5.09502e-05
1 2 2 1 2 1 2 1 2 1 1 2 1 1 1  0.00737099 0.000111871
1 2 2 1 1 1 1 1 2 1 2 2 1 2 1  0.00731382 0.000145205
1 1 2 1 2 1 2 2 2 1 1 2 1 2 1  0.00653448 0.000109391
1 2 2 2 2 1 1 2 2 1 2 2 1 2 1  0.020746 0.000122167
1 2 1 2 2 1 1 2 2 1 1 2 1 2 1  0.00995203 0.000125043
1 2 2 2 1 1 2 2 1 1 1 2 1 2 1  0.00301907 3.7423e-05
1 2 1 2 2 1 2 2 2 1 2 1 1 2 1  0.00122388 2.28046e-05
1 2 2 2 2 1 2 2 2 1 2 2 1 2 1  0.0307948 0.000217875
1 1 2 2 2 1 1 1 2 1 2 2 1 2 1  0.00990337 0.00012038
1 2 2 2 2 1 1 1 2 1 2 2 1 1 1  0.0065667 9.67615e-05
1 2 2 2 2 1 1 1 2 1 2 2 1 2 1  0.00823288 7.86582e-05
1 2 2 2 2 1 2 1 2 1 2 2 1 1 1  0.0034169 3.9237e-05
1 2 2 1 1 1 2 1 2 1 2 2 1 2 1  0.00302304 5.96442e-05
1 1 1 1 1 1 2 2 2 1 2 2 1 2 1  0.00730469 0.000153413
1 2 2 2 2 1 2 1 2 1 1 2 1 1 1  0.0100133 0.000131024
1 2 2 2 2 1 2 2 2 1 2 1 1 2 1  0.00558126 4.94799e-05
1 2 2 2 2 1 2 2 1 1 1 2 1 2 1  0.00340245 4.88939e-05
1 2 2 1 2 1 2 1 2 1 1 2 1 2 1  0.00333875 5.30525e-05
1 2 2 2 2 1 2 1 2 1 2 2 1 2 1  0.00350828 3.86887e-05
1 2 2 1 1 1 2 1 2 1 1 2 1 2 1  0.00727844 0.000139419
1 2 2 2 1 1 2 2 2 1 2 1 1 2 1  0.00123655 1.87803e-05
1 2 2 2 2 1 2 2 2 1 1 2 1 1 1  0.0165591 0.000148103
1 2 2 2 1 1 2 1 2 1 1 2 1 2 1  0.00299823 6.01829e-05
1 2 2 1 1 1 2 2 2 1 2 2 1 2 1  0.00230551 3.16157e-05
1 2 2 2 1 1 2 2 2 1 1 2 1 2 1  0.00230585 3.86072e-05
1 1 1 2 2 1 2 2 2 1 1 2 1 2 1  0.00988467 0.000127568
1 2 2 2 1 1 2 1 1 1 2 2 1 2 1  0.00300768 5.8196e-05
1 2 2 2 1 1 2 1 2 1 2 2 1 2 1  0.00125539 2.11407e-05
1 1 2 2 2 1 1 2 2 1 1 2 1 1 1  0.00727174 0.000120392
1 2 2 2 2 1 2 2 2 1 1 2 1 2 1  0.0208211 0.000134176
1 2 1 2 2 1 2 2 2 1 2 2 1 2 1  0.00555962 4.7814e-05
1 2 2 2 2 1 2 2 2 1 1 1 1 2 1  0.0104766 0.000123392
1 2 2 2 2 1 2 1 2 1 1 2 1 2 1  0.00827055 8.65392e-05
1 2 2 2 2 1 1 2 2 1 2 2 1 1 1  0.0164981 0.000109545
1 2 1 2 2 1 2 2 2 1 1 2 1 2 1  0.00407584 3.51748e-05
1 2 2 2 1 1 2 2 2 1 1 1 1 2 1  0.00298497 4.46607e-05
1 2 2 2 1 1 2 1 1 1 1 2 1 2 1  0.00726067 0.000164787
1 2 2 1 2 1 2 2 2 1 2 2 1 2 1  0.0023011 3.05098e-05
1 1 1 2 2 1 2 2 2 1 2 2 1 2 1  0.0164906 0.000128245
1 1 2 2 2 1 1 2 1 1 2 2 1 2 1  0.00300164 5.23942e-05
1 2 2 2 2 1 1 2 1 1 2 2 1 1 1  0.00663339 0.00012062
1 2 2 1 2 1 2 2 2 1 1 2 1 1 1  0.00301208 4.27006e-05
1 2 2 1 2 1 2 2 2 1 2 2 1 1 1  0.00227805 3.51862e-05
1 2 2 1 2 1 1 2 2 1 2 2 1 1 1  0.00299588 4.38424e-05
1 1 1 2 2 1 2 2 2 1 2 1 1 1 1  0.00733051 0.000139825
1 2 1 1 2 1 1 2 2 1 2 2 1 1 1  0.00725898 0.000106395
1 2 2 2 1 1 2 2 1 1 2 2 1 2 1  0.00233605 3.25938e-05
1 2 1 1 2 1 1 2 2 1 2 2 1 2 1  0.00980934 0.000114223
1 2 1 2 2 1 1 2 2 1 2 2 1 1 1  0.00658441 6.66593e-05
1 2 1 2 1 1 1 2 2 1 2 2 1 1 1  0.00728421 0.000138503
1 1 2 2 2 1 1 2 2 1 2 2 1 2 1  0.016475 0.000132643
1 2 1 1 2 1 2 2 2 1 2 2 1 2 1  0.00407987 4.40227e-05
1 1 1 1 2 1 2 2 2 1 2 2 1 2 1  0.00992587 0.000130678
1 2 2 1 2 1 2 1 2 1 2 2 1 1 1  0.00300107 4.3218e-05
1 1 2 2 1 1 2 2 2 1 1 2 1 2 1  0.00297553 4.76179e-05
1 2 2 1 2 1 1 1 2 1 2 2 1 1 1  0.00726789 0.000126522
1 2 1 1 2 1 2 2 2 1 2 2 1 1 1  0.00299213 4.26019e-05
