1 1 2 2 2 1 1 1 1 2 1 1 2 2 2 1 2 2 1 2 1 1e-07 3.16228e-07
1 2 2 1 2 1 1 2 1 2 2 1 2 2 2 1 1 2 1 1 1 6e-07 1.89737e-06
1 2 2 2 2 1 1 2 1 2 2 1 1 2 2 1 1 2 1 1 1 4.02e-05 1.81402e-05
1 2 2 2 1 2 1 2 2 2 1 1 2 2 1 1 2 1 1 1 1 0.0001082 8.75796e-05
1 2 1 1 2 2 1 1 2 2 2 1 2 2 1 1 1 2 1 2 1 5.19e-05 2.48884e-05
1 1 1 1 1 2 1 2 2 2 1 1 2 2 2 1 2 2 1 2 1 8.55e-05 3.9079e-05
1 2 2 2 1 2 1 2 1 2 2 1 1 2 2 1 2 1 1 1 1 5.52e-05 3.58726e-05
1 1 2 2 2 1 1 1 2 2 2 1 1 1 2 1 2 2 1 2 1 3.03e-05 1.65667e-05
1 1 2 2 2 1 1 1 1 1 2 1 2 2 2 1 2 2 1 2 1 3.83e-05 1.86908e-05
1 2 2 1 2 2 1 1 2 2 2 1 2 2 1 1 1 1 1 2 1 3.52e-05 2.15396e-05
1 1 2 2 2 1 1 2 2 2 2 1 2 2 1 1 2 1 1 1 1 0.0018162 0.000149541
1 2 1 2 2 2 1 2 2 2 2 1 1 2 2 1 1 1 1 2 1 0.0007079 6.52797e-05
1 2 2 2 2 1 1 2 2 2 2 1 2 2 1 1 2 1 1 1 1 0.0007041 7.35443e-05
1 1 2 2 2 2 1 1 2 2 2 1 1 2 1 1 2 2 1 2 1 0.0006957 7.38768e-05
1 2 2 2 1 2 1 2 2 2 2 1 2 1 2 1 1 2 1 2 1 0.0001613 2.2794e-05
1 2 1 2 2 1 1 2 2 2 2 1 2 2 2 1 1 1 1 2 1 0.0006643 5.41008e-05
1 1 2 2 2 2 1 2 2 2 2 1 1 2 1 1 2 2 1 2 1 0.0003277 3.20972e-05
1 2 1 1 2 1 1 2 2 2 2 1 2 2 2 1 2 2 1 2 1 0.0002959 3.67377e-05
1 1 2 1 2 1 1 2 2 2 2 1 2 2 2 1 2 2 1 1 1 0.0007165 3.90847e-05
1 1 1 1 2 1 1 2 2 2 2 1 2 2 2 1 2 2 1 1 1 0.0016996 0.000191686
1 2 1 1 2 2 1 2 2 2 2 1 2 2 2 1 2 1 1 1 1 0.0006862 5.02036e-05
1 1 2 2 2 2 1 1 2 2 2 1 1 1 2 1 2 2 1 1 1 0.0017286 0.00023105
1 2 1 2 2 2 1 2 2 2 2 1 2 2 1 1 2 1 1 1 1 0.0006659 0.000100266
1 1 1 2 2 2 1 2 2 2 2 1 2 2 1 1 2 1 1 1 1 0.0017175 0.000252861
1 2 2 1 2 2 1 2 1 2 2 1 1 2 2 1 1 1 1 2 1 0.0016384 0.000119561
1 1 1 2 2 2 1 2 2 2 2 1 2 1 1 1 1 2 1 2 1 0.0016632 0.000238755
1 1 1 2 2 2 1 2 2 2 2 1 2 1 1 1 2 2 1 2 1 0.000753 0.000127407
1 2 2 2 1 1 1 1 2 1 2 1 2 2 2 1 1 2 1 2 1 0.0016592 0.000179414
1 1 2 2 2 2 1 2 2 2 1 1 2 1 2 1 1 2 1 2 1 0.0006923 6.52296e-05
1 2 2 2 1 2 1 2 2 1 2 1 2 2 2 1 1 2 1 1 1 0.0006431 7.05446e-05
1 2 1 2 2 2 1 1 2 2 2 1 1 2 2 1 1 2 1 1 1 0.0018379 0.000275884
1 1 2 2 2 2 1 1 2 2 2 1 1 2 1 1 2 2 1 1 1 0.0016945 0.000207627
1 1 2 2 2 2 1 2 2 1 1 1 2 1 2 1 1 2 1 2 1 0.0016864 9.9104e-05
1 1 2 1 2 2 1 2 2 2 2 1 2 2 2 1 1 1 1 2 1 0.0007445 7.93687e-05
1 1 2 1 2 2 1 2 2 2 2 1 1 2 2 1 1 2 1 2 1 0.0024261 0.000149211
1 2 2 2 2 2 1 2 2 2 2 1 1 2 2 1 1 1 1 2 1 0.0038877 0.000202936
1 2 2 1 2 1 1 2 2 2 2 1 2 2 2 1 2 2 1 1 1 0.0005456 3.60654e-05
1 2 2 2 2 2 1 2 1 2 2 1 1 2 2 1 2 2 1 1 1 0.0017737 9.90298e-05
1 2 2 2 2 2 1 2 1 2 2 1 1 2 2 1 1 2 1 2 1 0.003174 0.000188364
1 2 1 2 2 2 1 2 2 2 2 1 2 2 1 1 2 2 1 1 1 0.0002925 5.8597e-05
1 2 2 2 2 2 1 2 1 2 2 1 1 2 2 1 2 1 1 1 1 0.0022423 0.000243985
1 1 2 1 2 2 1 2 2 2 2 1 1 2 2 1 2 1 1 2 1 0.000745 7.58917e-05
1 1 2 2 2 2 1 2 1 2 2 1 1 2 2 1 1 1 1 2 1 0.0016985 0.000105241
1 2 1 2 1 1 1 1 2 2 2 1 2 2 2 1 2 2 1 2 1 0.0007026 8.31948e-05
1 1 2 2 2 2 1 1 2 1 1 1 2 2 2 1 1 2 1 2 1 0.001673 0.000233845
1 2 2 2 2 2 1 2 2 2 1 1 2 2 2 1 1 1 1 2 1 0.0007903 5.42424e-05
1 1 2 2 2 2 1 1 2 2 2 1 2 2 2 1 1 2 1 2 1 0.0039506 0.000253344
1 2 1 2 2 2 1 2 2 2 2 1 2 1 2 1 1 2 1 1 1 0.000751 5.76907e-05
1 2 1 2 2 2 1 1 2 2 2 1 2 1 2 1 1 2 1 1 1 0.0017847 0.000204652
1 1 2 1 2 2 1 2 2 2 2 1 1 2 2 1 2 2 1 2 1 0.0024579 0.000148297
1 1 2 2 2 2 1 1 2 2 1 1 2 2 2 1 2 2 1 1 1 0.0006984 6.49567e-05
1 2 2 2 2 1 1 2 2 2 2 1 2 2 1 1 2 1 1 2 1 0.0003072 3.01912e-05
1 1 2 1 2 2 1 2 2 2 2 1 1 2 2 1 2 2 1 1 1 0.0015644 0.000141456
1 1 2 2 2 2 1 2 2 1 2 1 2 1 2 1 2 2 1 1 1 0.0007064 4.56148e-05
1 1 2 2 2 2 1 1 2 2 1 1 2 2 2 1 2 1 1 2 1 0.0007086 6.75265e-05
1 2 2 2 2 2 1 1 2 2 2 1 2 2 2 1 2 2 1 2 1 0.0079638 0.000193779
1 1 2 2 2 2 1 2 2 2 1 1 1 1 2 1 2 2 1 2 1 0.0007273 7.43342e-05
1 1 1 2 2 2 1 2 2 2 2 1 1 2 1 1 2 2 1 1 1 0.0017316 0.000217139
1 1 2 2 2 2 1 2 2 1 1 1 2 2 2 1 2 2 1 2 1 0.0005389 2.60062e-05
1 1 1 1 2 1 1 2 2 2 2 1 2 2 2 1 2 2 1 2 1 0.0007411 7.32461e-05
1 2 2 1 2 2 1 1 1 2 2 1 2 2 2 1 1 2 1 1 1 0.001854 0.00021883
1 2 2 2 2 2 1 2 2 2 1 1 2 1 2 1 2 2 1 2 1 0.00032 2.80278e-05
1 1 2 2 2 2 1 2 1 2 1 1 2 2 2 1 2 2 1 2 1 0.0002823 2.35799e-05
1 2 1 2 2 2 1 2 2 2 2 1 2 2 1 1 2 2 1 2 1 0.000222 2.5434e-05
1 1 2 2 2 2 1 2 2 2 1 1 2 1 1 1 1 2 1 2 1 0.0016983 0.000168925
1 1 2 2 2 2 1 2 2 2 1 1 2 2 2 1 2 1 1 2 1 0.0002949 2.72211e-05
1 1 2 2 2 2 1 2 2 2 1 1 2 2 2 1 1 1 1 2 1 0.0007039 4.72757e-05
1 2 1 1 1 2 1 1 2 2 2 1 2 2 2 1 2 2 1 2 1 0.0022758 0.000242683
1 2 2 1 2 2 1 2 2 2 2 1 2 2 2 1 2 1 1 2 1 0.0002303 2.56344e-05
1 2 2 2 2 2 1 2 2 2 2 1 2 2 1 1 2 2 1 1 1 0.0013264 8.91805e-05
1 2 2 1 2 2 1 2 2 2 2 1 2 2 2 1 2 2 1 1 1 0.000594 5.6421e-05
1 2 2 1 2 1 1 2 1 2 2 1 2 2 2 1 2 2 1 1 1 0.0007197 6.93831e-05
1 1 1 2 2 2 1 2 2 2 2 1 2 2 1 1 2 1 1 2 1 0.0007006 7.91443e-05
1 2 2 1 2 2 1 1 1 2 2 1 2 2 2 1 2 1 1 1 1 0.0017405 0.000155004
1 1 2 2 2 2 1 1 1 2 2 1 2 2 2 1 2 2 1 1 1 0.0031766 0.000172688
1 2 2 1 2 2 1 2 1 2 2 1 2 2 2 1 2 2 1 1 1 0.0003251 2.1042e-05
1 2 2 2 2 2 1 2 2 2 1 1 2 1 2 1 1 2 1 2 1 0.000781 6.17468e-05
1 2 2 1 1 2 1 1 1 2 2 1 2 2 2 1 2 2 1 1 1 0.0016644 0.000245293
1 2 1 2 2 2 1 1 2 2 2 1 2 2 1 1 2 2 1 1 1 0.0006882 5.06158e-05
1 1 2 2 2 2 1 2 2 2 1 1 2 2 2 1 1 2 1 2 1 0.0005437 6.49137e-05
1 2 2 2 1 2 1 2 1 2 2 1 2 2 2 1 2 2 1 2 1 0.0003233 2.04888e-05
1 2 2 1 2 1 1 2 2 2 2 1 2 2 2 1 2 2 1 2 1 0.0002245 2.19608e-05
1 2 2 2 1 2 1 2 1 1 2 1 2 2 2 1 2 2 1 2 1 0.0006197 4.99312e-05
1 2 2 1 2 2 1 1 2 2 2 1 2 2 2 1 2 1 1 1 1 0.0006932 9.287e-05
1 1 2 2 2 2 1 2 2 2 2 1 1 2 2 1 2 2 1 1 1 0.0049992 0.00019968
1 2 2 2 2 2 1 2 1 1 1 1 2 2 2 1 2 2 1 2 1 0.0001613 1.72759e-05
1 2 2 2 1 2 1 2 1 2 2 1 1 2 2 1 2 2 1 1 1 0.0007743 5.50698e-05
1 2 2 2 1 2 1 2 2 1 2 1 1 2 2 1 2 2 1 1 1 0.0007472 7.92924e-05
1 2 1 2 2 2 1 1 2 2 2 1 1 2 2 1 2 1 1 2 1 0.0006983 3.8569e-05
1 2 2 2 2 1 1 1 2 1 2 1 2 2 2 1 2 2 1 2 1 0.0003001 3.64523e-05
1 2 2 2 2 2 1 2 2 1 2 1 2 2 2 1 2 2 1 1 1 0.0005386 4.8562e-05
1 2 1 1 2 2 1 1 2 2 2 1 2 2 2 1 1 2 1 1 1 0.001746 0.000141436
1 1 2 2 2 2 1 1 1 2 2 1 2 2 2 1 2 1 1 2 1 0.0006782 4.01298e-05
1 2 1 2 2 2 1 2 2 2 2 1 2 2 1 1 1 2 1 2 1 0.0002826 2.62645e-05
1 2 2 2 2 2 1 1 1 2 2 1 2 2 2 1 2 1 1 2 1 0.0006262 5.90796e-05
1 2 2 2 2 2 1 2 1 2 2 1 2 2 2 1 2 1 1 2 1 0.0003036 3.93762e-05
1 1 2 2 2 2 1 2 2 2 2 1 2 2 2 1 2 2 1 2 1 0.0106376 0.000250922
1 2 2 2 2 2 1 2 1 2 2 1 2 2 2 1 2 1 1 1 1 0.0007902 8.37984e-05
1 1 2 2 2 2 1 1 2 2 2 1 2 2 1 1 2 2 1 2 1 0.0005258 4.77768e-05
1 1 2 2 2 2 1 1 1 2 2 1 2 2 2 1 2 1 1 1 1 0.0015915 0.000204222
1 2 2 2 2 1 1 1 2 2 2 1 1 1 1 1 2 2 1 2 1 2.72e-05 1.87427e-05
1 1 2 2 2 2 1 2 1 1 2 1 1 2 2 1 2 2 1 1 1 0.0017367 0.000153642
1 2 2 2 2 1 1 1 2 1 1 1 2 2 2 1 2 2 1 2 1 0.0007067 7.96395e-05
1 2 2 1 2 2 1 1 2 2 2 1 2 2 2 1 1 1 1 2 1 0.0007471 7.98477e-05
1 2 1 2 2 2 1 2 2 2 2 1 2 2 2 1 1 1 1 2 1 0.0003258 2.29579e-05
1 1 2 2 2 2 1 2 2 2 2 1 2 1 1 1 1 2 1 2 1 0.0015343 0.000105631
1 2 1 2 2 2 1 2 2 2 2 1 1 2 2 1 2 1 1 2 1 0.0003078 3.66661e-05
1 2 1 2 2 2 1 2 2 2 2 1 1 2 2 1 2 1 1 1 1 0.0007247 7.62118e-05
1 2 2 2 2 2 1 1 2 2 2 1 1 2 1 1 2 2 1 1 1 0.0023361 0.000117875
1 1 2 2 1 2 1 2 2 2 2 1 2 2 2 1 1 2 1 2 1 0.0004725 4.59958e-05
1 2 2 2 1 2 1 1 2 1 2 1 2 2 2 1 1 2 1 1 1 0.0016984 0.000237155
1 2 2 2 1 2 1 2 2 2 2 1 2 2 2 1 2 2 1 1 1 0.0005619 6.69369e-05
1 1 1 2 2 2 1 2 2 2 2 1 1 2 2 1 1 2 1 1 1 0.0016909 0.000268712
1 2 2 2 2 1 1 1 2 2 2 1 2 2 2 1 2 1 1 1 1 0.000748 7.14438e-05
1 2 1 2 2 2 1 2 2 2 2 1 1 2 2 1 2 2 1 1 1 0.0013054 6.25872e-05
1 2 2 2 1 2 1 2 2 2 2 1 1 1 2 1 2 2 1 2 1 0.000481 4.71428e-05
1 1 1 2 2 2 1 2 2 2 2 1 2 1 2 1 1 2 1 1 1 0.0017384 0.000148189
1 2 1 2 2 2 1 2 2 2 1 1 1 1 1 1 2 2 1 2 1 3.82e-05 1.64303e-05
1 2 2 2 2 2 1 1 2 1 2 1 2 2 2 1 1 2 1 2 1 0.0012549 0.000100354
1 2 2 1 2 1 1 1 2 2 2 1 2 2 2 1 2 2 1 2 1 0.0002849 3.4828e-05
1 2 2 1 2 2 1 2 2 2 2 1 2 2 2 1 1 2 1 1 1 0.0005455 3.88566e-05
1 1 2 2 2 2 1 2 1 2 2 1 2 2 2 1 1 1 1 2 1 0.000681 4.90668e-05
1 2 2 2 1 2 1 2 2 2 2 1 2 2 2 1 1 2 1 2 1 0.0003077 2.90366e-05
1 2 2 2 2 2 1 2 2 2 2 1 1 2 2 1 2 2 1 2 1 0.0080676 0.000274997
1 1 2 2 2 2 1 2 2 2 2 1 2 2 1 1 2 2 1 2 1 0.0006012 2.27635e-05
1 1 2 2 2 2 1 1 2 2 2 1 2 1 2 1 1 2 1 1 1 0.0018414 0.000128193
1 2 2 2 2 2 1 1 2 2 2 1 1 1 2 1 2 2 1 1 1 0.0023884 0.000205393
1 2 2 2 2 2 1 1 2 1 2 1 2 2 2 1 2 2 1 1 1 0.0004617 4.37011e-05
1 1 2 2 2 2 1 1 2 2 2 1 2 2 2 1 1 2 1 1 1 0.0032538 0.000151785
1 2 1 2 2 2 1 1 2 2 2 1 2 2 2 1 1 2 1 1 1 0.0016169 7.73685e-05
1 2 2 2 2 2 1 1 2 2 2 1 1 2 2 1 2 2 1 2 1 0.0052047 0.000152942
1 2 2 2 2 2 1 2 2 2 2 1 2 2 2 1 2 1 1 1 1 0.0063722 0.000272134
1 2 2 2 2 2 1 2 2 2 1 1 2 2 1 1 1 2 1 2 1 0.0009538 7.34678e-05
1 2 2 1 2 2 1 2 2 2 2 1 2 2 2 1 1 2 1 2 1 0.0007527 5.82715e-05
1 2 1 2 2 2 1 1 2 2 2 1 1 2 2 1 2 2 1 2 1 0.0039401 0.000191164
1 2 1 2 1 2 1 2 2 2 2 1 2 2 2 1 2 2 1 2 1 0.0003267 3.83407e-05
1 2 2 2 2 2 1 2 2 2 2 1 2 2 1 1 2 1 1 1 1 0.0038906 0.000289693
1 2 1 2 2 2 1 1 2 2 2 1 2 2 1 1 2 1 1 1 1 0.0016342 0.000119956
1 1 2 2 2 2 1 2 2 2 2 1 2 1 2 1 1 2 1 2 1 0.0025618 0.000133375
1 2 2 2 2 2 1 1 1 2 2 1 2 2 2 1 2 1 1 1 1 0.0015367 0.000142383
1 1 1 2 2 1 1 2 2 2 2 1 2 2 2 1 2 2 1 2 1 0.0005511 4.77062e-05
1 2 1 2 2 2 1 2 2 2 2 1 1 2 2 1 1 2 1 1 1 0.0007241 8.46948e-05
1 2 2 2 2 2 1 2 1 1 2 1 1 2 2 1 2 2 1 2 1 0.0019875 0.00011278
1 2 2 2 2 2 1 2 2 1 2 1 1 2 2 1 2 2 1 1 1 0.0008309 5.6916e-05
1 2 2 2 2 1 1 2 2 2 1 1 1 2 1 1 2 2 1 2 1 0.0007004 8.27744e-05
1 2 2 2 2 1 1 2 2 2 1 1 1 2 2 1 2 2 1 1 1 0.000689 5.68995e-05
1 1 1 2 2 2 1 2 2 2 2 1 2 2 1 1 1 1 1 2 1 0.0017251 0.000127274
1 2 2 2 2 2 1 2 2 2 1 1 1 1 1 1 2 2 1 2 1 0.0023229 0.000158322
1 1 2 2 2 1 1 2 2 2 2 1 2 1 2 1 2 2 1 2 1 0.0003193 3.42574e-05
1 2 2 2 2 2 1 2 2 2 2 1 2 2 2 1 2 1 1 2 1 0.0021339 7.83956e-05
1 1 2 2 2 2 1 2 1 2 2 1 1 2 2 1 2 1 1 2 1 0.0006719 6.97415e-05
1 1 2 2 2 1 1 2 2 2 2 1 2 2 2 1 2 2 1 1 1 0.0005367 5.53234e-05
1 2 2 2 2 2 1 1 2 2 2 1 1 2 2 1 2 1 1 2 1 0.0009792 0.000101015
1 1 2 2 2 2 1 1 2 2 2 1 2 2 2 1 1 1 1 2 1 0.0015182 0.000131722
1 2 1 2 2 2 1 2 2 2 2 1 2 1 2 1 2 2 1 1 1 0.0003078 2.27635e-05
1 1 2 1 2 1 1 2 2 2 2 1 1 2 2 1 2 2 1 2 1 0.0007187 4.69942e-05
1 2 1 2 1 1 1 2 2 2 2 1 2 2 2 1 2 2 1 2 1 0.0002797 3.31228e-05
1 2 2 2 2 2 1 1 2 2 2 1 1 2 2 1 1 2 1 1 1 0.0023133 0.000227498
1 2 2 2 2 1 1 1 2 2 2 1 2 2 2 1 2 2 1 1 1 0.0005528 5.22107e-05
1 1 2 2 2 2 1 2 1 2 2 1 1 2 2 1 2 1 1 1 1 0.0016051 0.000273855
1 1 2 2 2 2 1 2 2 2 2 1 2 2 2 1 2 1 1 2 1 0.0018942 7.58885e-05
1 2 2 2 2 2 1 2 2 2 2 1 2 1 2 1 1 2 1 1 1 0.0038776 0.000215955
1 1 1 2 2 2 1 2 2 2 2 1 1 1 2 1 2 2 1 1 1 0.0017773 0.000222248
1 2 2 1 2 1 1 1 2 2 2 1 2 2 2 1 2 2 1 1 1 0.0007205 6.53167e-05
1 1 1 2 2 2 1 2 2 2 2 1 2 1 2 1 2 2 1 2 1 0.0008031 4.39354e-05
1 2 2 1 2 2 1 1 1 2 2 1 2 2 2 1 2 2 1 1 1 0.0016204 0.000128348
1 2 2 2 1 2 1 2 1 1 2 1 1 2 2 1 2 2 1 1 1 0.0017912 0.000128996
1 1 2 2 2 2 1 2 1 1 2 1 1 2 2 1 2 2 1 2 1 0.002405 0.000149674
1 1 2 2 2 2 1 2 2 1 2 1 2 2 2 1 1 2 1 1 1 0.0007051 4.52265e-05
1 2 1 1 2 2 1 2 2 2 2 1 2 2 2 1 2 2 1 2 1 0.0016357 9.63559e-05
1 1 2 2 2 2 1 2 2 2 1 1 2 1 2 1 2 2 1 2 1 0.0002962 2.7828e-05
1 2 2 2 2 2 1 2 1 2 2 1 2 2 2 1 2 2 1 2 1 0.0013176 6.03475e-05
1 2 2 2 2 2 1 2 1 1 2 1 2 2 2 1 2 2 1 1 1 0.0004781 4.95972e-05
1 2 2 1 1 1 1 2 1 2 2 1 1 2 2 1 2 2 1 2 1 0.0016217 0.000199371
1 1 2 2 2 2 1 2 1 1 2 1 2 2 2 1 2 2 1 2 1 0.000952 4.01801e-05
1 2 2 2 1 2 1 2 2 2 2 1 2 1 2 1 2 2 1 2 1 0.0001372 1.68246e-05
1 2 2 2 2 2 1 1 2 2 2 1 2 2 2 1 2 1 1 2 1 0.0011671 6.45402e-05
1 1 2 2 2 2 1 2 1 2 2 1 1 2 2 1 2 2 1 2 1 0.0025105 0.000180795
1 2 2 1 2 1 1 1 1 2 2 1 2 2 2 1 2 2 1 1 1 0.0017488 0.00018207
1 1 2 2 2 2 1 2 2 2 1 1 2 2 1 1 1 2 1 2 1 0.0007317 7.44029e-05
1 2 2 2 2 2 1 2 1 2 2 1 2 2 2 1 2 2 1 1 1 0.0009675 5.64511e-05
1 2 2 2 2 2 1 2 2 1 2 1 1 1 2 1 2 2 1 1 1 0.0023683 0.000242435
1 1 1 2 2 2 1 2 2 2 2 1 1 2 2 1 1 2 1 2 1 0.002393 0.000278586
1 2 2 2 2 2 1 1 2 2 2 1 2 1 2 1 2 2 1 1 1 0.0009824 7.00876e-05
1 2 2 2 2 2 1 2 1 2 2 1 1 2 2 1 2 2 1 2 1 0.00306 0.000134297
1 2 2 2 2 2 1 2 2 1 1 1 1 2 2 1 2 2 1 2 1 0.0004791 3.25899e-05
1 2 2 2 2 2 1 1 1 1 2 1 2 2 2 1 2 2 1 1 1 0.0007514 6.29554e-05
1 2 1 2 2 2 1 1 2 2 2 1 1 2 2 1 2 1 1 1 1 0.0017786 0.000286235
1 2 2 2 1 1 1 1 2 2 2 1 2 2 2 1 1 2 1 2 1 0.0007018 7.8559e-05
1 1 2 2 2 1 1 2 2 2 2 1 1 2 2 1 2 2 1 1 1 0.0006929 9.42543e-05
1 2 1 2 2 1 1 2 2 2 2 1 2 2 2 1 2 2 1 1 1 0.0002926 3.52521e-05
1 2 1 1 2 2 1 2 2 2 2 1 2 2 2 1 1 1 1 2 1 0.0006977 5.17838e-05
1 2 2 2 1 2 1 2 1 2 2 1 2 2 2 1 2 2 1 1 1 0.0002885 2.77459e-05
1 2 2 2 2 2 1 1 2 2 1 1 2 2 2 1 1 1 1 2 1 0.001608 0.000151307
1 1 2 2 2 2 1 1 2 2 2 1 1 2 2 1 2 2 1 1 1 0.0031939 0.000160105
1 2 2 2 2 1 1 2 1 2 1 1 1 2 2 1 2 2 1 2 1 0.0006913 9.99334e-05
1 2 1 2 2 2 1 1 2 2 2 1 2 2 2 1 2 2 1 1 1 0.0035915 0.000173842
1 2 2 2 2 2 1 2 2 2 2 1 1 2 2 1 2 1 1 1 1 0.0038557 0.000158865
1 1 2 2 2 1 1 2 2 2 2 1 2 1 1 1 1 2 1 2 1 0.0017265 0.000168804
1 2 2 2 2 2 1 1 2 2 2 1 1 2 2 1 2 2 1 1 1 0.0043276 0.000236226
1 2 2 2 2 2 1 2 2 1 2 1 1 1 2 1 2 2 1 2 1 0.0019718 0.000170156
1 2 1 1 1 2 1 2 2 2 2 1 2 2 2 1 2 2 1 1 1 0.0007033 8.02788e-05
1 2 1 2 2 2 1 1 2 2 2 1 2 2 2 1 2 1 1 2 1 0.0003194 2.11933e-05
1 2 2 2 2 2 1 2 2 2 2 1 1 2 2 1 2 2 1 1 1 0.0063858 0.000276771
1 2 2 2 2 1 1 2 2 2 2 1 2 2 2 1 2 2 1 1 1 0.0005346 5.24303e-05
1 1 2 2 2 2 1 2 2 2 2 1 1 2 1 1 2 2 1 1 1 0.0015523 7.96925e-05
1 1 2 2 2 2 1 2 2 2 2 1 1 2 2 1 2 1 1 1 1 0.0031215 0.000120292
1 2 2 2 2 2 1 2 2 2 2 1 2 2 1 1 2 1 1 2 1 0.0015954 6.59363e-05
1 1 2 1 2 2 1 2 2 2 2 1 2 2 2 1 2 2 1 2 1 0.0013209 0.000113261
1 1 2 2 2 2 1 1 2 1 2 1 2 2 2 1 2 2 1 2 1 0.0007796 7.83159e-05
1 2 2 2 2 2 1 2 2 2 2 1 2 2 1 1 2 2 1 2 1 0.0008601 4.6302e-05
1 2 2 1 2 2 1 1 1 2 2 1 2 2 2 1 1 2 1 2 1 0.0024338 0.000169013
1 1 2 2 2 2 1 2 2 2 2 1 1 2 2 1 2 1 1 2 1 0.001316 6.4917e-05
1 2 2 2 2 2 1 1 2 2 2 1 2 2 1 1 2 1 1 2 1 0.0009425 5.38253e-05
1 2 1 2 2 2 1 1 2 2 2 1 2 1 2 1 1 2 1 2 1 0.0016483 0.000135472
1 1 2 2 1 2 1 2 2 2 2 1 2 1 2 1 1 2 1 1 1 0.0017833 0.000162158
1 1 2 2 2 2 1 1 2 2 2 1 2 2 2 1 2 2 1 1 1 0.0056239 0.000253928
1 2 2 2 2 1 1 1 1 2 2 1 2 2 2 1 2 2 1 2 1 0.0005604 4.64045e-05
1 2 2 2 2 2 1 2 2 2 1 1 2 2 2 1 2 2 1 2 1 0.0004853 3.0317e-05
1 1 2 2 2 2 1 1 2 2 1 1 2 2 2 1 1 1 1 2 1 0.0016372 0.00016169
1 1 2 2 2 2 1 1 2 2 2 1 2 2 1 1 2 1 1 1 1 0.0016822 0.00013625
1 1 1 1 2 2 1 2 2 2 2 1 2 2 2 1 1 1 1 2 1 0.0017786 0.000208363
1 1 2 2 2 2 1 1 2 2 2 1 2 2 2 1 2 1 1 2 1 0.0009337 4.69847e-05
1 1 2 2 2 2 1 2 2 2 2 1 2 2 1 1 1 2 1 2 1 0.0009416 8.84436e-05
1 1 1 2 2 2 1 2 2 2 2 1 1 2 2 1 2 2 1 2 1 0.0038966 0.000301678
1 2 2 2 2 2 1 2 2 1 1 1 1 1 2 1 2 2 1 2 1 0.0015922 0.00011472
1 1 2 2 1 1 1 2 2 2 2 1 2 2 2 1 2 2 1 2 1 0.0005431 5.24202e-05
1 1 1 2 2 2 1 2 2 2 2 1 2 2 2 1 2 2 1 2 1 0.0064711 0.000384283
1 2 2 2 1 2 1 2 1 1 2 1 1 2 2 1 2 2 1 2 1 0.0014861 0.000129811
1 2 2 2 1 2 1 2 2 2 2 1 1 1 2 1 2 2 1 1 1 0.0007226 0.000111151
1 2 2 1 2 2 1 2 1 2 2 1 2 2 2 1 2 1 1 1 1 0.0007572 9.65836e-05
1 2 2 2 2 1 1 2 2 1 2 1 2 2 2 1 1 2 1 2 1 0.0002941 2.07442e-05
1 1 1 2 2 2 1 2 2 2 2 1 1 2 2 1 1 1 1 2 1 0.0017743 0.000214305
1 2 2 2 2 2 1 1 2 2 2 1 1 1 2 1 2 2 1 2 1 0.0031442 0.000223791
1 2 2 1 1 2 1 1 1 2 2 1 2 2 2 1 2 2 1 2 1 0.0023706 0.000172859
1 1 2 2 1 1 1 2 2 2 2 1 2 1 2 1 2 2 1 2 1 0.0007581 8.1338e-05
1 2 2 2 1 2 1 1 2 2 2 1 2 2 2 1 2 2 1 1 1 0.0005443 5.16549e-05
1 1 2 2 2 2 1 2 2 1 2 1 2 2 2 1 2 2 1 1 1 0.0005507 5.42731e-05
1 2 1 1 2 2 1 2 2 2 2 1 2 2 2 1 1 2 1 2 1 0.0009643 7.74066e-05
1 2 2 2 2 2 1 2 2 2 1 1 2 2 2 1 1 2 1 2 1 0.0005512 5.18241e-05
1 2 2 2 2 1 1 2 2 1 2 1 2 1 2 1 2 2 1 2 1 0.0002952 2.06171e-05
1 1 1 1 2 2 1 2 2 2 2 1 2 2 2 1 2 2 1 2 1 0.0040476 0.000271469
1 2 2 2 2 2 1 1 1 2 2 1 2 2 2 1 1 2 1 2 1 0.0021125 0.000171263
1 2 2 2 2 2 1 1 2 2 2 1 1 2 2 1 2 1 1 1 1 0.0023053 0.000152096
1 1 2 2 1 2 1 2 2 2 2 1 1 2 2 1 2 2 1 2 1 0.0008045 6.36872e-05
1 2 1 2 2 2 1 1 2 2 2 1 2 2 2 1 1 2 1 2 1 0.0018357 0.000112953
1 2 2 2 2 1 1 1 2 2 1 1 2 2 2 1 2 2 1 1 1 0.0007341 8.20792e-05
1 2 1 2 2 2 1 2 2 2 2 1 2 1 2 1 1 2 1 2 1 0.0006429 6.58018e-05
1 2 1 2 2 2 1 1 2 2 2 1 2 2 2 1 2 1 1 1 1 0.0015952 5.28537e-05
1 1 1 2 2 2 1 2 2 2 2 1 1 2 2 1 2 1 1 2 1 0.0007631 7.37374e-05
1 1 2 2 2 2 1 2 1 2 2 1 2 2 2 1 2 2 1 2 1 0.0012996 9.29423e-05
1 1 2 1 2 1 1 2 2 2 2 1 1 2 2 1 2 2 1 1 1 0.0017001 0.000231134
1 2 2 2 1 2 1 1 2 1 2 1 2 2 2 1 1 2 1 2 1 0.000739 4.5529e-05
1 2 2 2 2 2 1 1 2 1 1 1 2 2 2 1 1 2 1 2 1 0.0007695 7.85695e-05
1 2 1 2 2 2 1 2 2 2 2 1 2 2 2 1 2 2 1 2 1 0.0021353 0.000118626
1 1 2 2 2 2 1 2 2 2 2 1 1 1 2 1 2 2 1 2 1 0.001774 0.000138112
1 2 2 2 2 2 1 2 1 1 2 1 1 2 2 1 2 2 1 1 1 0.0015997 9.26739e-05
1 2 1 2 2 1 1 2 2 2 2 1 2 2 2 1 2 1 1 1 1 0.0007227 6.33738e-05
1 2 2 2 2 1 1 1 2 1 2 1 2 2 2 1 1 2 1 2 1 0.0006833 6.89977e-05
1 2 2 2 2 2 1 2 2 2 1 1 1 2 1 1 2 2 1 2 1 0.0009857 7.80328e-05
1 1 2 2 1 2 1 2 2 2 2 1 1 2 2 1 2 2 1 1 1 0.0006879 7.36032e-05
1 1 1 2 2 2 1 2 2 2 2 1 2 2 1 1 1 2 1 2 1 0.0006792 8.35169e-05
1 1 1 2 2 2 1 2 2 2 2 1 2 2 2 1 2 1 1 1 1 0.0030299 0.000160968
1 2 1 1 2 1 1 2 2 2 2 1 2 2 2 1 2 2 1 1 1 0.000724 7.42204e-05
1 1 1 1 2 2 1 2 2 2 2 1 2 2 2 1 1 2 1 1 1 0.0016319 0.000154299
1 2 2 2 2 2 1 2 2 2 2 1 2 2 2 1 2 2 1 1 1 0.0106876 0.000209767
1 2 1 1 2 2 1 1 2 2 2 1 2 2 2 1 1 2 1 2 1 0.0024404 0.000178018
1 2 1 1 2 2 1 2 2 2 2 1 2 2 2 1 1 2 1 1 1 0.0007063 4.25912e-05
1 1 2 2 2 2 1 2 2 2 2 1 2 2 2 1 1 2 1 2 1 0.0070931 0.000325237
1 2 2 2 2 1 1 1 2 2 2 1 2 2 2 1 1 1 1 2 1 0.0007159 8.10657e-05
1 2 2 1 2 2 1 2 1 2 2 1 2 2 2 1 1 2 1 1 1 0.0007285 0.000108539
1 2 1 2 2 2 1 1 2 2 2 1 2 2 1 1 2 2 1 2 1 0.0005419 4.56081e-05
1 1 1 2 2 2 1 2 2 2 2 1 1 2 2 1 2 2 1 1 1 0.0031024 0.000223789
1 2 2 2 2 2 1 2 2 1 2 1 1 2 2 1 2 2 1 2 1 0.0008439 6.8787e-05
1 2 2 1 2 1 1 2 2 2 2 1 1 2 2 1 2 2 1 1 1 0.0006734 8.63329e-05
1 2 2 2 2 2 1 2 2 2 2 1 2 2 2 1 1 2 1 2 1 0.0080194 0.000220684
1 2 2 1 2 2 1 1 1 2 2 1 2 2 2 1 2 2 1 2 1 0.0025176 0.000193814
1 1 2 2 2 2 1 2 1 2 2 1 2 2 2 1 2 1 1 1 1 0.0006905 5.86823e-05
1 2 1 2 2 2 1 1 2 2 2 1 2 2 2 1 2 2 1 2 1 0.004073 0.000192982
1 1 2 2 2 2 1 2 2 2 2 1 2 2 2 1 2 1 1 1 1 0.0057054 0.000201641
1 2 1 2 2 1 1 1 2 2 2 1 2 2 2 1 2 2 1 2 1 0.0005386 4.12612e-05
1 2 1 2 2 1 1 1 2 2 2 1 1 2 2 1 1 2 1 2 1 2.29e-05 1.76097e-05
1 1 2 2 1 1 1 2 2 2 2 1 1 1 2 1 2 2 1 2 1 0.0018156 0.000255056
1 2 2 2 1 2 1 2 2 1 2 1 2 2 2 1 2 2 1 1 1 0.0005476 7.79575e-05
1 2 2 2 2 2 1 2 1 2 2 1 1 2 2 1 1 1 1 2 1 0.002314 0.000175297
1 1 2 2 2 2 1 1 1 2 2 1 2 2 2 1 1 1 1 2 1 0.00166 0.000200791
1 2 2 2 2 1 1 1 2 1 1 1 2 2 2 1 1 2 1 2 1 0.0016637 0.000163092
1 2 1 2 2 2 1 2 2 2 2 1 2 2 2 1 2 2 1 1 1 0.0019434 6.20469e-05
1 2 2 1 1 2 1 1 2 2 2 1 2 2 2 1 2 2 1 1 1 0.0007128 0.000111317
1 2 2 1 1 1 1 2 2 2 2 1 1 2 2 1 2 2 1 2 1 0.000708 7.34091e-05
1 2 2 2 1 1 1 2 1 1 2 1 2 2 2 1 2 2 1 2 1 0.0006954 9.03772e-05
1 1 2 2 2 2 1 1 2 2 2 1 2 2 1 1 2 1 1 2 1 0.0006802 6.11225e-05
1 2 2 2 2 1 1 2 2 2 2 1 2 2 2 1 2 2 1 2 1 0.0006264 3.60284e-05
1 2 2 2 2 2 1 1 1 2 2 1 2 2 2 1 2 2 1 2 1 0.0031715 8.72318e-05
1 2 1 2 2 2 1 2 2 2 2 1 2 2 1 1 2 1 1 2 1 0.0002783 2.01442e-05
1 1 1 2 2 2 1 2 2 2 2 1 2 2 2 1 2 2 1 1 1 0.0056922 0.000294144
1 2 2 2 2 2 1 1 2 2 2 1 2 2 2 1 1 2 1 1 1 0.0038756 0.000225548
1 1 2 2 2 2 1 2 2 1 1 1 2 2 2 1 1 2 1 2 1 0.0006567 8.54089e-05
1 2 2 2 2 2 1 2 2 2 2 1 1 2 2 1 1 2 1 2 1 0.0053417 0.00027798
1 1 2 2 2 2 1 2 2 2 2 1 1 2 2 1 2 2 1 2 1 0.0063564 0.000187574
1 2 2 1 2 2 1 1 2 2 2 1 2 2 2 1 2 1 1 2 1 0.0002788 3.14105e-05
1 1 2 2 2 2 1 2 2 2 2 1 1 2 2 1 1 2 1 1 1 0.0031284 0.000169056
1 2 2 2 1 2 1 1 1 1 2 1 2 2 2 1 2 2 1 1 1 0.0016201 0.000172506
1 1 2 2 1 2 1 2 2 2 2 1 2 2 2 1 1 2 1 1 1 0.000724 5.10381e-05
1 2 1 2 2 2 1 1 2 2 2 1 1 1 2 1 2 2 1 1 1 0.0017791 0.000165494
1 2 2 2 2 2 1 2 2 2 1 1 1 2 1 1 2 2 1 1 1 0.0023507 0.000177511
1 2 2 2 2 1 1 2 2 2 1 1 1 2 2 1 2 2 1 2 1 0.0005361 6.11036e-05
1 2 2 2 1 1 1 2 2 1 2 1 2 2 2 1 2 2 1 2 1 0.0005462 4.36598e-05
1 1 2 2 2 2 1 2 1 2 2 1 1 2 2 1 2 2 1 1 1 0.001561 0.00010496
1 2 1 1 2 2 1 2 2 2 2 1 2 2 2 1 2 2 1 1 1 0.0012923 7.52936e-05
1 1 2 2 2 2 1 1 2 2 2 1 2 2 2 1 2 2 1 2 1 0.0064904 0.000207804
1 2 1 2 2 2 1 2 2 2 2 1 2 1 1 1 1 2 1 2 1 0.000657 6.07582e-05
1 2 1 2 1 1 1 1 2 2 2 1 2 2 2 1 1 2 1 2 1 0.0017291 0.000149203
1 1 1 2 2 2 1 2 2 2 2 1 2 2 2 1 1 2 1 2 1 0.0039514 0.000116979
1 2 2 2 1 1 1 2 2 2 2 1 1 2 2 1 2 2 1 2 1 0.0005393 5.57276e-05
1 1 2 2 2 2 1 2 2 2 2 1 1 1 2 1 2 2 1 1 1 0.001547 9.01308e-05
1 2 1 2 2 2 1 2 2 2 2 1 2 2 2 1 2 1 1 1 1 0.0009778 6.32733e-05
1 2 1 2 2 2 1 2 2 2 2 1 2 2 2 1 1 2 1 2 1 0.0011982 5.34869e-05
1 2 2 1 2 2 1 1 2 2 2 1 2 2 2 1 2 2 1 1 1 0.00096 7.78745e-05
1 1 2 1 1 1 1 2 2 2 2 1 2 2 2 1 2 2 1 2 1 0.0007031 4.61602e-05
1 2 2 2 1 2 1 1 1 2 2 1 2 2 2 1 2 2 1 1 1 0.0007136 8.56403e-05
1 2 2 2 2 2 1 1 2 2 2 1 2 1 2 1 1 2 1 2 1 0.0021827 0.000148191
1 2 2 2 2 1 1 2 1 2 2 1 2 2 2 1 2 2 1 1 1 0.0003091 5.15244e-05
1 2 1 2 1 2 1 2 2 2 2 1 2 2 2 1 1 2 1 2 1 0.0006471 7.74503e-05
1 2 2 2 2 2 1 1 2 2 2 1 2 2 2 1 1 1 1 2 1 0.0017638 0.000118439
1 2 2 2 2 2 1 2 2 2 2 1 2 1 2 1 2 2 1 1 1 0.0013441 7.18988e-05
1 1 2 2 2 2 1 2 1 2 2 1 2 2 2 1 2 2 1 1 1 0.00097 4.35635e-05
1 2 2 2 2 1 1 2 2 2 1 1 2 2 2 1 2 2 1 1 1 0.0005748 2.70834e-05
1 1 2 2 2 2 1 1 2 2 2 1 2 2 2 1 2 1 1 1 1 0.0029937 0.000158319
1 2 2 2 2 2 1 1 2 2 2 1 2 1 2 1 1 2 1 1 1 0.0024019 0.000153467
1 2 2 2 2 1 1 2 2 2 2 1 2 2 2 1 2 1 1 2 1 0.0002265 2.29698e-05
1 1 1 2 2 2 1 2 2 2 1 1 1 1 2 1 2 2 1 2 1 4.78e-05 2.22051e-05
1 1 2 2 2 1 1 2 2 2 2 1 1 2 2 1 2 2 1 2 1 0.0005266 5.82947e-05
1 2 2 2 2 2 1 1 2 2 2 1 2 2 1 1 2 2 1 1 1 0.0009228 4.9515e-05
1 1 1 1 2 2 1 2 2 2 2 1 2 2 2 1 2 2 1 1 1 0.0032278 0.000264304
1 1 2 2 2 1 1 2 2 2 2 1 2 2 1 1 2 2 1 2 1 0.0005576 5.79678e-05
1 1 2 2 2 1 1 2 2 2 2 1 2 2 1 1 1 1 1 2 1 0.0016611 0.000227149
1 2 2 2 2 2 1 2 2 2 2 1 2 2 2 1 1 1 1 2 1 0.0040918 0.000229067
1 2 2 2 2 2 1 1 2 2 1 1 2 2 2 1 2 1 1 2 1 0.0006462 5.08676e-05
1 2 1 2 2 2 1 1 2 2 2 1 2 1 1 1 1 2 1 2 1 0.0016903 0.00016926
1 2 2 2 2 2 1 2 2 2 2 1 1 2 2 1 2 1 1 2 1 0.0015861 9.44263e-05
1 1 1 2 2 1 1 2 2 2 2 1 2 2 2 1 1 2 1 2 1 0.0006774 4.82774e-05
1 2 2 2 2 2 1 2 2 2 1 1 2 2 1 1 2 2 1 2 1 0.0007335 3.58492e-05
1 2 2 2 2 2 1 2 1 2 2 1 1 2 2 1 2 1 1 2 1 0.0009101 8.95004e-05
1 2 2 2 2 1 1 1 2 2 2 1 1 2 2 1 1 1 1 2 1 2.59e-05 1.84599e-05
1 1 2 2 2 2 1 2 2 2 2 1 2 2 2 1 1 1 1 2 1 0.0035561 0.000113135
1 2 1 2 2 2 1 2 2 2 2 1 1 2 1 1 2 2 1 2 1 0.0002968 3.53075e-05
1 2 2 1 1 2 1 2 1 2 2 1 1 2 2 1 2 2 1 2 1 0.0024169 0.000153943
1 2 2 2 2 2 1 2 2 2 1 1 2 2 2 1 2 1 1 2 1 0.0003422 3.22897e-05
1 1 2 2 2 1 1 2 2 2 2 1 2 2 1 1 2 1 1 2 1 0.0007064 8.09955e-05
1 2 2 2 2 1 1 2 2 2 2 1 2 2 2 1 1 2 1 2 1 0.0005546 4.66362e-05
1 2 2 2 2 2 1 1 1 2 2 1 2 2 2 1 1 2 1 1 1 0.0016145 0.000105319
1 2 2 2 2 2 1 1 1 2 2 1 2 2 2 1 2 2 1 1 1 0.0025244 8.35467e-05
1 2 2 2 2 1 1 2 2 2 2 1 2 2 2 1 1 1 1 2 1 0.0005508 2.98879e-05
1 1 2 2 2 1 1 2 2 2 2 1 2 2 2 1 2 1 1 2 1 0.0002917 3.97186e-05
1 2 2 2 1 1 1 2 2 1 2 1 1 1 2 1 2 2 1 2 1 0.0017616 0.000184717
1 1 1 2 2 1 1 2 2 2 2 1 2 2 2 1 2 2 1 1 1 0.000708 5.68546e-05
1 2 2 2 2 2 1 1 1 2 2 1 2 2 2 1 1 1 1 2 1 0.0015293 0.000116225
1 1 2 1 1 2 1 2 2 2 2 1 1 2 2 1 2 2 1 2 1 0.0022822 0.000156714
1 2 2 1 2 1 1 2 2 2 2 1 1 2 2 1 2 2 1 2 1 0.0002855 2.25401e-05
1 2 2 1 2 2 1 1 2 2 2 1 2 2 2 1 2 2 1 2 1 0.0013391 0.000105544
1 2 2 2 1 1 1 2 2 1 2 1 2 1 2 1 2 2 1 2 1 0.0006976 9.19519e-05
1 1 2 2 1 1 1 2 2 2 2 1 1 2 2 1 2 2 1 2 1 0.000683 5.66117e-05
1 1 1 2 2 2 1 2 2 2 2 1 1 2 2 1 2 1 1 1 1 0.0017537 0.000138824
1 2 2 2 2 2 1 2 2 2 2 1 2 1 2 1 2 2 1 2 1 0.0013526 6.38178e-05
1 1 1 2 1 2 1 2 2 2 2 1 2 2 2 1 1 2 1 1 1 0.0017486 0.000124668
1 1 2 2 2 2 1 2 1 2 2 1 1 2 2 1 1 2 1 1 1 0.0018334 0.000280898
1 1 2 2 2 2 1 2 2 2 2 1 2 2 2 1 1 2 1 1 1 0.005682 0.000128253
1 1 2 2 2 2 1 1 2 2 1 1 2 2 2 1 1 2 1 2 1 0.0006874 7.11184e-05
1 1 2 2 2 2 1 1 2 2 2 1 1 2 2 1 2 2 1 2 1 0.0039512 0.000268798
1 1 2 2 2 1 1 2 2 2 2 1 1 1 2 1 2 2 1 2 1 0.0007986 0.000142041
1 2 2 2 1 2 1 2 2 2 2 1 2 2 2 1 2 2 1 2 1 0.0004789 2.344e-05
1 1 2 2 2 2 1 2 2 2 2 1 1 2 2 1 1 2 1 2 1 0.0043569 0.000221679
1 2 1 2 2 1 1 1 2 2 2 1 2 2 2 1 2 1 1 2 1 0.0007414 8.83833e-05
1 2 2 2 2 2 1 2 2 2 1 1 2 2 1 1 2 2 1 1 1 0.000949 5.74282e-05
1 1 2 2 2 2 1 1 2 2 2 1 2 1 1 1 2 2 1 2 1 0.0006883 5.43345e-05
1 2 1 2 1 2 1 2 2 2 2 1 2 2 2 1 2 2 1 1 1 0.0003069 3.27531e-05
1 1 2 2 2 2 1 2 2 2 1 1 2 2 1 1 1 1 1 2 1 0.0017129 0.000195719
1 1 2 2 2 2 1 1 1 2 1 1 2 2 2 1 2 2 1 1 1 0.0017198 0.000111705
1 2 2 2 1 2 1 1 1 2 2 1 2 2 2 1 2 2 1 2 1 0.0007926 5.28818e-05
1 2 1 2 2 2 1 2 2 2 2 1 2 2 2 1 1 2 1 1 1 0.0009833 5.78889e-05
1 1 2 2 2 2 1 2 2 2 2 1 2 1 2 1 2 2 1 2 1 0.0009475 4.49129e-05
1 2 1 2 1 2 1 1 2 2 2 1 2 2 2 1 1 2 1 1 1 0.0017632 0.000158521
1 1 2 2 2 2 1 2 2 1 2 1 2 2 2 1 1 2 1 2 1 0.0004517 4.81273e-05
1 1 2 2 2 2 1 2 2 1 2 1 1 2 2 1 2 2 1 2 1 0.0008265 6.82141e-05
1 1 1 2 2 2 1 2 2 2 2 1 2 1 2 1 1 2 1 2 1 0.001514 0.000100388
1 1 1 2 2 1 1 2 2 2 2 1 2 2 2 1 2 1 1 1 1 0.0017423 0.00019867
1 2 2 2 2 2 1 1 2 2 1 1 2 2 2 1 2 1 1 1 1 0.0015402 0.000146993
1 2 2 1 2 2 1 2 2 2 2 1 1 2 2 1 2 2 1 1 1 0.0003231 4.1356e-05
1 1 2 2 2 2 1 1 2 2 1 1 2 2 2 1 2 2 1 2 1 0.00052 2.70965e-05
1 2 2 2 1 2 1 2 2 2 2 1 1 2 2 1 2 2 1 1 1 0.0005679 5.85784e-05
1 1 2 2 2 2 1 1 2 2 2 1 2 2 1 1 2 2 1 1 1 0.0007149 5.24859e-05
1 2 1 2 2 1 1 1 2 2 2 1 2 2 2 1 1 2 1 2 1 0.0007359 5.08646e-05
1 2 2 1 2 2 1 2 2 2 2 1 2 2 2 1 2 2 1 2 1 0.0008857 5.26499e-05
1 1 2 2 2 2 1 2 2 2 1 1 1 1 1 1 2 2 1 2 1 7e-07 2.21359e-06
1 2 1 2 2 1 1 2 2 2 2 1 2 2 2 1 2 1 1 2 1 0.0002927 3.29311e-05
1 1 2 1 1 1 1 2 2 2 2 1 1 2 2 1 2 2 1 2 1 0.0017241 0.000206857
1 2 2 2 2 2 1 2 2 2 2 1 1 1 2 1 2 2 1 1 1 0.0025218 0.00014935
1 1 2 1 2 2 1 2 2 2 2 1 2 2 2 1 1 2 1 1 1 0.0007157 6.55558e-05
1 2 2 2 2 1 1 1 2 2 1 1 2 2 2 1 2 1 1 1 1 0.0017777 0.000118254
1 1 1 2 2 2 1 2 2 2 2 1 2 2 2 1 1 2 1 1 1 0.0031048 0.000207996
1 1 1 2 2 2 1 2 2 2 2 1 2 2 1 1 2 2 1 2 1 0.0005523 5.01997e-05
1 2 1 2 2 2 1 2 2 2 2 1 2 2 1 1 1 1 1 2 1 0.0006971 6.00749e-05
1 1 2 2 1 2 1 2 2 2 2 1 2 1 2 1 2 2 1 2 1 0.0004829 3.33548e-05
1 1 1 2 2 2 1 2 2 2 2 1 2 2 2 1 2 1 1 2 1 0.0009657 3.85142e-05
1 1 2 2 2 2 1 2 2 2 1 1 2 2 2 1 2 1 1 1 1 0.0007524 7.50973e-05
1 1 2 1 2 2 1 2 2 2 2 1 1 2 2 1 2 1 1 1 1 0.0017467 0.00022657
1 2 1 2 2 2 1 2 2 2 2 1 1 1 1 1 2 2 1 2 1 0.000694 0.000103813
1 2 2 2 2 2 1 2 2 2 2 1 2 2 1 1 1 1 1 2 1 0.00392 0.000324243
1 2 2 2 1 2 1 2 1 2 2 1 1 2 2 1 2 2 1 2 1 0.0008032 7.73129e-05
1 2 2 1 2 2 1 2 2 2 2 1 1 2 2 1 1 1 1 2 1 0.0006963 6.71665e-05
1 1 1 2 2 2 1 2 2 2 2 1 2 1 2 1 2 2 1 1 1 0.0007295 7.87856e-05
1 2 2 1 2 2 1 2 1 2 2 1 1 2 2 1 2 2 1 2 1 0.0011046 9.55641e-05
1 2 2 2 2 1 1 2 2 2 2 1 1 1 1 1 2 2 1 2 1 0.0007327 7.47916e-05
1 1 2 2 2 2 1 2 2 2 1 1 2 2 2 1 2 2 1 1 1 0.0005199 3.11571e-05
1 1 1 2 1 1 1 2 2 2 2 1 2 2 2 1 1 2 1 2 1 0.0017199 0.000197863
1 2 2 2 1 1 1 2 2 2 2 1 2 2 2 1 2 2 1 2 1 0.0005217 4.7612e-05
1 2 2 2 2 1 1 2 1 2 2 1 2 2 2 1 2 2 1 2 1 0.0002325 2.78976e-05
1 2 2 2 1 2 1 2 1 1 2 1 2 2 2 1 2 2 1 1 1 0.0006949 8.61116e-05
1 2 2 2 2 1 1 2 1 2 2 1 1 2 2 1 2 2 1 2 1 0.0005445 5.3784e-05
1 1 2 2 2 2 1 2 2 1 2 1 2 1 2 1 1 2 1 2 1 0.0007692 6.9906e-05
1 2 2 2 2 1 1 2 2 2 1 1 2 2 2 1 2 1 1 1 1 0.0006963 9.26319e-05
1 2 2 2 2 2 1 1 2 1 2 1 2 2 2 1 2 2 1 2 1 0.0004642 2.70424e-05
1 2 2 2 1 1 1 1 1 2 2 1 2 2 2 1 2 2 1 2 1 0.0006978 4.33328e-05
1 2 2 2 1 2 1 1 2 1 2 1 2 2 2 1 2 2 1 1 1 0.0007139 7.40112e-05
1 2 2 2 1 2 1 1 2 2 2 1 2 2 2 1 2 2 1 2 1 0.0005488 5.97491e-05
1 2 2 2 2 2 1 2 1 1 2 1 2 2 2 1 2 2 1 2 1 0.0005887 3.71246e-05
1 1 2 2 2 2 1 2 2 2 1 1 2 2 2 1 2 2 1 2 1 0.0005256 3.35467e-05
1 2 1 2 1 1 1 2 2 2 2 1 2 2 2 1 1 2 1 2 1 0.0007452 9.15409e-05
1 2 2 2 2 2 1 1 2 2 2 1 2 2 2 1 1 2 1 2 1 0.0047398 0.000163522
1 1 2 2 1 1 1 2 2 2 2 1 2 2 2 1 1 2 1 2 1 0.0007125 7.03851e-05
1 2 2 2 2 1 1 2 2 2 2 1 2 2 1 1 2 2 1 2 1 0.0002264 2.20363e-05
1 2 1 2 2 2 1 2 2 2 2 1 1 1 2 1 2 2 1 2 1 0.0009782 6.02233e-05
1 1 1 2 1 1 1 2 2 2 2 1 2 2 2 1 2 2 1 2 1 0.0007296 7.55795e-05
1 2 2 2 2 2 1 2 2 2 2 1 2 2 2 1 2 2 1 2 1 0.012044 0.000205285
1 2 2 2 2 1 1 1 2 2 2 1 2 2 2 1 1 2 1 2 1 0.0005514 4.76473e-05
1 2 2 2 2 2 1 1 2 1 1 1 2 2 2 1 2 2 1 2 1 0.0001575 2.23271e-05
1 2 2 2 2 2 1 2 1 2 1 1 2 2 2 1 2 2 1 2 1 0.0001342 9.04065e-06
1 2 2 2 2 2 1 2 2 2 1 1 2 2 2 1 2 1 1 1 1 0.0007898 0.000110978
1 2 2 2 2 2 1 2 2 2 1 1 2 2 1 1 2 1 1 1 1 0.0023491 0.000260649
1 2 2 2 1 1 1 1 2 2 2 1 2 2 2 1 2 2 1 2 1 0.0005354 7.31136e-05
1 1 2 2 2 1 1 2 2 2 2 1 2 1 2 1 1 2 1 2 1 0.0007205 8.21371e-05
1 2 2 2 2 2 1 2 2 2 1 1 2 2 1 1 2 1 1 2 1 0.0009684 8.39381e-05
1 1 2 2 2 2 1 2 2 2 2 1 2 1 2 1 1 2 1 1 1 0.0031331 0.000149703
1 2 2 1 1 2 1 2 2 2 2 1 2 2 2 1 2 2 1 2 1 0.0007416 5.90013e-05
1 2 2 1 2 2 1 1 2 2 2 1 2 2 2 1 1 2 1 2 1 0.0009759 7.92723e-05
1 2 2 2 2 2 1 2 2 2 1 1 2 2 1 1 1 1 1 2 1 0.0023139 0.000208681
1 2 2 2 2 1 1 2 2 2 1 1 2 2 2 1 1 1 1 2 1 0.0007015 5.45247e-05
1 2 2 2 2 2 1 2 2 1 2 1 2 1 2 1 2 2 1 2 1 0.0005842 6.23357e-05
1 2 2 2 2 1 1 2 2 2 2 1 2 2 1 1 1 1 1 2 1 0.0007081 5.66067e-05
1 2 2 1 2 2 1 2 1 2 2 1 1 2 2 1 1 2 1 2 1 0.0023613 0.000219325
1 1 2 2 2 1 1 2 2 2 2 1 2 2 2 1 1 1 1 2 1 0.0006982 7.41976e-05
1 1 2 2 2 2 1 2 1 2 2 1 2 2 2 1 2 1 1 2 1 0.0002707 3.07031e-05
1 1 2 2 2 2 1 1 2 2 2 1 1 2 2 1 1 2 1 2 1 0.0023943 0.000219246
1 2 2 1 2 2 1 2 2 2 2 1 1 2 2 1 2 2 1 2 1 0.0007226 4.36099e-05
1 1 2 2 2 2 1 2 2 2 2 1 2 2 2 1 2 2 1 1 1 0.0094002 0.000156501
1 1 2 2 2 2 1 2 2 2 2 1 2 2 1 1 1 1 1 2 1 0.0030598 0.000294363
1 1 2 2 2 1 1 2 2 2 2 1 2 2 2 1 2 2 1 2 1 0.0005643 3.54246e-05
1 1 2 2 2 2 1 2 2 1 1 1 1 2 2 1 2 2 1 2 1 0.000724 6.83407e-05
1 2 2 2 2 2 1 2 2 1 1 1 2 1 2 1 2 2 1 2 1 0.0006334 5.21306e-05
1 1 2 2 1 2 1 2 2 2 2 1 1 1 2 1 2 2 1 2 1 0.0015209 0.000161833
1 2 2 2 2 1 1 2 2 2 2 1 1 1 2 1 2 2 1 2 1 0.0005607 4.44298e-05
1 2 2 2 2 1 1 2 2 2 1 1 2 2 2 1 2 2 1 2 1 0.0005383 3.56435e-05
1 2 2 2 2 1 1 2 2 2 2 1 1 2 2 1 2 2 1 2 1 0.000549 4.37061e-05
1 1 2 2 2 2 1 1 2 2 2 1 1 1 2 1 2 2 1 2 1 0.0022788 0.000241571
1 1 2 2 2 2 1 2 1 2 2 1 2 2 2 1 1 2 1 2 1 0.0009798 7.70134e-05
1 2 2 2 2 1 1 2 2 2 2 1 1 2 2 1 2 2 1 1 1 0.0005335 4.09179e-05
1 2 2 2 2 2 1 2 1 2 2 1 2 2 2 1 1 2 1 2 1 0.00107 6.18529e-05
1 2 1 2 2 2 1 1 2 2 2 1 2 1 2 1 2 2 1 1 1 0.0007716 6.42343e-05
1 1 2 2 2 2 1 1 1 2 2 1 2 2 2 1 1 2 1 2 1 0.002332 0.000193204
1 2 2 1 1 2 1 2 2 2 2 1 1 2 2 1 2 2 1 2 1 0.0009316 6.9215e-05
1 2 1 2 2 1 1 2 2 2 2 1 2 2 2 1 2 2 1 2 1 0.0002321 2.08936e-05
1 2 2 2 2 2 1 2 1 2 2 1 2 2 2 1 1 1 1 2 1 0.0007981 5.62266e-05
1 2 2 2 2 2 1 1 2 2 2 1 2 2 1 1 1 1 1 2 1 0.0023305 0.000266323
1 2 2 2 2 2 1 1 2 2 2 1 2 1 1 1 1 2 1 2 1 0.0023796 0.000135225
1 2 2 2 2 2 1 1 2 2 2 1 2 1 1 1 2 2 1 2 1 0.0009589 6.27472e-05
1 2 2 2 2 2 1 1 2 2 2 1 2 2 1 1 2 2 1 2 1 0.0007049 5.31924e-05
1 1 2 2 1 2 1 2 2 2 2 1 2 1 2 1 1 2 1 2 1 0.0007624 7.54088e-05
1 2 2 2 2 2 1 2 2 2 2 1 2 1 1 1 2 2 1 2 1 0.0007187 3.51063e-05
1 2 2 2 2 2 1 2 2 2 2 1 2 1 1 1 1 2 1 2 1 0.0024257 0.000247573
1 2 1 2 2 2 1 1 2 2 2 1 2 2 1 1 1 2 1 2 1 0.000733 0.000107196
1 1 2 1 2 2 1 2 2 2 2 1 1 2 2 1 1 2 1 1 1 0.0017909 0.000103518
1 2 2 2 2 2 1 1 2 2 2 1 2 2 1 1 1 2 1 2 1 0.0009549 3.80831e-05
1 2 2 2 2 1 1 2 2 2 2 1 2 1 2 1 1 2 1 2 1 0.0005463 4.53824e-05
1 1 1 2 2 2 1 2 2 2 2 1 1 1 2 1 2 2 1 2 1 0.002444 0.000227265
1 2 1 2 2 1 1 1 2 2 2 1 2 2 2 1 2 1 1 1 1 0.0018017 0.000242577
1 1 2 2 2 2 1 1 1 2 2 1 2 2 2 1 1 2 1 1 1 0.0017387 0.000147981
1 1 2 2 2 2 1 2 1 2 2 1 2 2 2 1 1 2 1 1 1 0.0007175 7.8739e-05
1 1 2 2 2 2 1 1 2 2 2 1 2 2 1 1 1 2 1 2 1 0.0007069 5.88547e-05
1 2 2 2 2 1 1 2 2 2 1 1 1 1 1 1 2 2 1 2 1 0.0016838 0.000224864
1 1 1 2 1 2 1 2 2 2 2 1 2 2 2 1 1 2 1 2 1 0.0015705 0.00015741
1 2 2 2 2 2 1 2 2 2 2 1 1 1 1 1 2 2 1 2 1 0.0010201 8.05004e-05
1 2 2 2 2 2 1 2 2 2 2 1 1 2 1 1 2 2 1 2 1 0.0007559 6.31514e-05
1 2 2 2 2 1 1 2 2 2 1 1 1 1 2 1 2 2 1 2 1 0.0007112 7.8115e-05
1 2 2 2 2 2 1 2 2 2 1 1 1 2 2 1 2 2 1 2 1 0.0005545 4.37372e-05
1 1 2 2 2 2 1 2 2 2 1 1 2 2 1 1 2 1 1 1 1 0.0017024 0.000164097
1 2 2 2 2 1 1 2 2 1 1 1 1 2 2 1 2 2 1 2 1 0.0007212 7.72353e-05
1 2 2 2 2 1 1 2 2 1 1 1 2 1 2 1 2 2 1 2 1 0.0007339 8.3143e-05
1 2 2 1 1 1 1 1 1 2 2 1 2 2 2 1 2 2 1 2 1 0.0017183 0.000185185
1 2 1 1 2 1 1 1 2 2 2 1 2 2 2 1 2 2 1 1 1 0.0018505 0.000101686
1 2 2 2 2 2 1 2 1 1 1 1 1 2 2 1 2 2 1 2 1 0.0007946 9.97421e-05
1 2 2 2 2 1 1 2 2 2 2 1 2 2 1 1 2 2 1 1 1 0.0002877 2.25539e-05
1 2 2 2 2 2 1 2 2 2 1 1 1 1 2 1 2 2 1 2 1 0.0008063 4.92072e-05
1 2 1 2 2 2 1 2 2 2 2 1 1 2 2 1 2 2 1 2 1 0.0015655 9.26502e-05
1 2 2 2 2 1 1 2 2 1 2 1 1 1 2 1 2 2 1 2 1 0.0007445 9.61934e-05
1 2 2 2 1 1 1 2 2 2 2 1 1 1 2 1 2 2 1 2 1 0.0007491 9.1646e-05
1 2 2 2 2 1 1 2 2 1 2 1 1 2 2 1 2 2 1 2 1 0.0002965 3.26096e-05
1 2 2 2 2 1 1 2 1 1 2 1 1 2 2 1 2 2 1 2 1 0.000702 7.39444e-05
1 2 2 2 2 1 1 2 1 2 1 1 2 2 2 1 2 2 1 2 1 0.0002983 2.97473e-05
1 2 2 2 2 2 1 2 1 2 1 1 1 2 2 1 2 2 1 2 1 0.0004939 6.3602e-05
1 2 2 2 2 1 1 2 2 1 1 1 2 2 2 1 2 2 1 2 1 0.0005236 7.1262e-05
1 2 2 2 2 2 1 2 2 1 1 1 2 2 2 1 2 2 1 2 1 0.0002894 3.55096e-05
1 1 2 2 2 2 1 2 2 1 1 1 2 1 2 1 2 2 1 2 1 0.0007032 7.96476e-05
1 2 2 2 2 1 1 2 1 1 1 1 2 2 2 1 2 2 1 2 1 0.00072 0.000117469
1 1 2 2 2 2 1 2 2 1 1 1 1 1 2 1 2 2 1 2 1 0.0017516 0.000171643
1 2 1 2 2 2 1 1 2 2 2 1 2 1 2 1 2 2 1 2 1 0.0008176 6.6103e-05
1 1 1 2 2 2 1 2 2 2 2 1 2 2 2 1 1 1 1 2 1 0.0016067 0.000138032
1 2 2 2 2 2 1 2 1 2 2 1 1 2 2 1 1 2 1 1 1 0.0023022 0.000192649
1 1 2 2 2 2 1 2 2 1 2 1 1 1 2 1 2 2 1 2 1 0.0015679 6.94045e-05
1 1 2 2 2 2 1 1 2 1 2 1 2 2 2 1 2 2 1 1 1 0.0006999 5.88434e-05
1 2 2 2 1 1 1 2 2 1 2 1 1 2 2 1 2 2 1 2 1 0.000678 3.30421e-05
1 1 2 2 2 1 1 2 2 2 2 1 2 2 2 1 2 1 1 1 1 0.0007323 7.12711e-05
1 1 2 1 1 2 1 2 2 2 2 1 2 2 2 1 2 2 1 1 1 0.0006892 8.01593e-05
1 2 2 2 2 1 1 2 2 1 2 1 2 1 2 1 1 2 1 2 1 0.0006696 5.68901e-05
1 2 2 2 2 1 1 2 2 2 2 1 2 2 2 1 2 1 1 1 1 0.0005408 3.87579e-05
1 1 2 2 2 2 1 2 2 2 1 1 1 2 1 1 2 2 1 2 1 0.0007493 7.85678e-05
1 2 2 2 1 2 1 2 2 1 2 1 1 2 2 1 2 2 1 2 1 0.0004666 3.08768e-05
1 2 2 2 1 1 1 2 1 2 2 1 2 2 2 1 2 2 1 2 1 0.0002841 3.94784e-05
1 2 2 2 1 2 1 2 2 1 2 1 1 1 2 1 2 2 1 2 1 0.0007931 8.80965e-05
1 2 1 2 1 2 1 2 2 2 2 1 2 2 2 1 1 2 1 1 1 0.0007319 6.20581e-05
1 2 2 2 1 2 1 2 2 1 2 1 2 1 2 1 2 2 1 2 1 0.0001723 2.48643e-05
1 2 2 2 1 1 1 2 2 2 2 1 2 1 2 1 2 2 1 2 1 0.0003038 3.67327e-05
1 2 2 1 2 2 1 2 1 2 2 1 2 2 2 1 2 2 1 2 1 0.0007712 5.48772e-05
1 2 2 2 1 1 1 2 2 2 2 1 2 1 2 1 1 2 1 2 1 0.0006959 0.000108284
1 2 2 2 2 1 1 1 2 2 1 1 2 2 2 1 2 2 1 2 1 0.0005514 4.31437e-05
1 2 2 2 2 1 1 2 2 2 2 1 2 2 1 1 1 2 1 2 1 0.0002932 3.08718e-05
1 2 2 2 2 1 1 2 2 2 1 1 2 2 1 1 1 2 1 2 1 0.0007095 7.1223e-05
1 2 2 2 2 1 1 2 2 1 1 1 2 2 2 1 1 2 1 2 1 0.0006881 4.266e-05
1 2 2 2 2 2 1 2 2 2 2 1 1 2 1 1 2 2 1 1 1 0.0025695 0.000161772
1 1 2 2 2 2 1 1 1 2 2 1 2 2 2 1 2 2 1 2 1 0.003878 0.00019656
1 2 2 2 2 1 1 2 2 2 1 1 2 1 2 1 1 2 1 2 1 0.0007084 6.39621e-05
1 1 1 1 2 2 1 2 2 2 2 1 2 2 2 1 2 1 1 2 1 0.0007229 9.30704e-05
1 2 2 2 2 1 1 2 2 2 1 1 2 1 1 1 1 2 1 2 1 0.0016393 0.000182695
1 2 1 1 1 1 1 2 2 2 2 1 2 2 2 1 2 2 1 2 1 0.0006793 8.8832e-05
1 2 2 2 1 2 1 2 2 1 2 1 2 1 2 1 2 2 1 1 1 0.00074 0.000167413
1 2 2 2 2 2 1 2 2 2 2 1 2 1 2 1 1 2 1 2 1 0.0031426 0.000215652
1 1 2 2 2 2 1 2 2 2 2 1 2 1 2 1 2 2 1 1 1 0.0009553 8.4119e-05
1 2 2 2 2 2 1 2 2 2 1 1 2 1 1 1 1 2 1 2 1 0.0022928 0.0001461
1 2 2 2 2 1 1 2 2 2 1 1 2 1 1 1 2 2 1 2 1 0.0006659 6.75334e-05
1 2 2 2 2 1 1 2 2 1 1 1 1 1 2 1 2 2 1 2 1 0.0017993 0.000244603
1 1 2 2 2 1 1 2 2 2 2 1 1 2 1 1 2 2 1 2 1 0.0007245 5.56542e-05
1 1 2 2 2 1 1 2 2 2 2 1 1 2 1 1 2 2 1 1 1 0.0017301 0.000192929
1 2 1 2 2 2 1 1 2 2 2 1 1 1 1 1 2 2 1 2 1 0.0017529 0.000314478
1 1 2 2 2 1 1 2 2 2 2 1 2 2 1 1 2 2 1 1 1 0.0007247 5.20791e-05
1 1 2 2 2 2 1 2 1 1 2 1 2 2 2 1 2 2 1 1 1 0.0007146 9.63238e-05
1 2 2 2 2 1 1 1 1 2 2 1 2 2 2 1 2 2 1 1 1 0.0007165 7.05569e-05
1 2 2 1 2 2 1 2 2 2 2 1 1 2 2 1 1 2 1 1 1 0.0007253 0.000117949
1 1 2 2 2 2 1 2 2 2 2 1 2 2 1 1 2 2 1 1 1 0.0010034 7.40558e-05
1 2 2 2 1 2 1 2 2 2 2 1 1 2 2 1 2 2 1 2 1 0.0005393 3.49605e-05
1 2 2 2 2 2 1 2 2 2 2 1 1 2 2 1 1 2 1 1 1 0.0038054 0.000254434
1 2 1 1 2 2 1 2 2 2 2 1 2 2 2 1 2 1 1 2 1 0.0002908 2.63978e-05
1 2 1 2 2 2 1 1 2 2 2 1 2 2 1 1 2 1 1 2 1 0.0006349 7.76866e-05
1 2 2 1 2 2 1 1 1 2 2 1 2 2 2 1 2 1 1 2 1 0.0007108 5.60155e-05
1 2 2 1 2 1 1 2 1 2 2 1 1 2 2 1 1 2 1 2 1 4.39e-05 3.88285e-05
1 2 1 2 2 2 1 2 2 2 2 1 1 2 2 1 1 2 1 2 1 0.0009665 7.1674e-05
1 2 2 2 2 1 1 2 2 2 2 1 1 2 1 1 2 2 1 1 1 0.0006977 7.68694e-05
1 2 2 1 2 2 1 2 1 2 2 1 2 2 2 1 2 1 1 2 1 0.0003062 3.42565e-05
1 1 1 1 2 2 1 2 2 2 2 1 2 2 2 1 1 2 1 2 1 0.0024333 0.000135928
1 1 2 1 2 2 1 2 2 2 2 1 2 2 2 1 1 2 1 2 1 0.0010057 5.33251e-05
1 2 2 2 2 2 1 1 2 1 2 1 2 2 2 1 1 2 1 1 1 0.0015333 7.92746e-05
1 2 2 2 2 2 1 2 2 1 2 1 2 2 2 1 1 2 1 1 1 0.0007632 6.28946e-05
1 1 2 2 2 2 1 1 2 2 2 1 1 2 2 1 2 1 1 1 1 0.0017167 0.000219156
1 1 2 2 2 2 1 1 2 1 2 1 2 2 2 1 1 2 1 1 1 0.0017422 8.23904e-05
1 1 2 2 2 2 1 1 2 1 2 1 2 2 2 1 1 2 1 2 1 0.0015215 0.000103993
1 1 2 2 2 2 1 1 2 1 1 1 2 2 2 1 2 2 1 2 1 0.0006734 8.28884e-05
1 1 2 2 2 2 1 1 2 2 1 1 2 2 2 1 2 1 1 1 1 0.0017107 0.000242391
1 1 2 2 2 2 1 2 2 1 2 1 2 1 2 1 1 2 1 1 1 0.0017371 0.000167552
1 1 2 2 2 2 1 2 2 2 2 1 2 2 1 1 2 1 1 1 1 0.0032093 0.000233071
1 2 2 2 2 2 1 2 2 1 2 1 2 1 2 1 1 2 1 1 1 0.0021053 0.000133626
1 2 2 2 2 2 1 2 2 1 2 1 2 1 2 1 2 2 1 1 1 0.0009258 7.84372e-05
1 2 1 1 2 2 1 1 2 2 2 1 2 2 2 1 2 1 1 2 1 0.0007298 5.53229e-05
1 1 2 2 2 2 1 2 2 1 2 1 1 2 2 1 2 2 1 1 1 0.000719 5.71703e-05
1 1 1 2 2 2 1 2 2 2 2 1 1 2 1 1 2 2 1 2 1 0.0007118 6.67945e-05
1 1 2 1 2 1 1 2 2 2 2 1 2 2 2 1 2 2 1 2 1 0.0002799 2.6185e-05
1 1 2 2 2 2 1 1 2 2 2 1 1 2 2 1 2 1 1 2 1 0.0007132 9.51254e-05
1 1 1 2 2 2 1 2 2 2 2 1 2 2 1 1 2 2 1 1 1 0.0007336 7.60178e-05
1 1 2 2 2 2 1 1 2 2 2 1 1 2 2 1 1 2 1 1 1 0.0017462 0.000183673
1 2 2 2 2 1 1 1 2 2 1 1 2 2 2 1 1 1 1 2 1 0.0017803 0.000159687
1 1 2 2 2 2 1 2 1 2 1 1 2 2 2 1 2 2 1 1 1 0.0007053 4.48654e-05
1 1 2 2 2 2 1 1 1 2 1 1 2 2 2 1 2 2 1 2 1 0.0007156 9.24809e-05
1 2 2 2 2 1 1 1 1 1 2 1 2 2 2 1 2 2 1 2 1 0.0007117 6.27837e-05
1 1 2 2 2 2 1 2 1 2 1 1 1 2 2 1 2 2 1 2 1 0.0007009 5.98952e-05
1 1 2 2 2 2 1 2 1 2 1 1 1 2 2 1 2 2 1 1 1 0.0016755 0.000148909
1 2 2 2 2 2 1 2 1 2 1 1 1 2 2 1 2 2 1 1 1 0.0015886 8.89022e-05
1 2 2 1 2 2 1 1 1 2 2 1 2 2 2 1 1 1 1 2 1 0.0017265 0.000164489
1 2 2 2 2 1 1 2 1 2 2 1 1 2 2 1 2 2 1 1 1 0.0006896 0.000121961
1 2 2 2 2 1 1 2 1 1 1 1 1 2 2 1 2 2 1 2 1 0.0017921 0.000108955
1 1 2 2 2 2 1 2 2 2 1 1 1 2 2 1 2 2 1 2 1 0.0005714 2.4972e-05
1 2 2 1 2 2 1 2 2 2 2 1 1 2 2 1 1 2 1 2 1 0.0009758 7.17229e-05
1 1 2 1 2 2 1 2 2 2 2 1 1 2 2 1 1 1 1 2 1 0.0017742 0.000224474
1 2 1 2 2 1 1 1 2 2 2 1 2 2 2 1 2 2 1 1 1 0.0007406 6.49653e-05
1 2 2 2 2 1 1 2 2 2 1 1 2 2 2 1 2 1 1 2 1 0.0002969 2.6117e-05
1 2 2 2 2 1 1 2 1 2 1 1 2 2 2 1 2 2 1 1 1 0.0007169 7.16573e-05
1 2 2 2 2 2 1 2 2 2 1 1 2 2 2 1 2 2 1 1 1 0.0005487 4.92591e-05
1 2 2 2 2 1 1 1 1 2 1 1 2 2 2 1 2 2 1 1 1 0.001709 0.000219487
1 2 2 2 1 1 1 2 1 1 2 1 1 2 2 1 2 2 1 2 1 0.0016346 0.00020525
1 2 2 2 2 2 1 1 2 2 1 1 2 2 2 1 2 2 1 1 1 0.0004818 3.84846e-05
1 2 2 2 2 1 1 2 2 2 2 1 1 2 1 1 2 2 1 2 1 0.0002977 3.84305e-05
1 2 2 2 2 1 1 1 1 2 1 1 2 2 2 1 2 2 1 2 1 0.0007456 5.32754e-05
1 2 2 1 2 1 1 1 1 2 2 1 2 2 2 1 2 2 1 2 1 0.0007098 6.98455e-05
1 2 1 2 2 2 1 1 2 2 2 1 1 2 2 1 1 2 1 2 1 0.0022888 0.000236799
1 2 2 1 2 1 1 2 1 2 2 1 2 2 2 1 2 2 1 2 1 0.0002924 2.84496e-05
1 2 2 1 1 1 1 2 1 2 2 1 2 2 2 1 2 2 1 2 1 0.0007147 5.43304e-05
1 2 2 2 2 1 1 2 2 2 1 1 2 2 1 1 2 2 1 1 1 0.0007025 5.67749e-05
1 2 2 2 2 2 1 1 2 2 1 1 2 2 2 1 2 2 1 2 1 0.0002934 3.9607e-05
1 2 2 1 1 2 1 2 1 2 2 1 2 2 2 1 2 2 1 2 1 0.0010092 5.49319e-05
1 2 2 2 1 2 1 2 2 2 2 1 2 2 2 1 1 2 1 1 1 0.0005314 3.90077e-05
1 1 2 2 2 2 1 2 1 1 1 1 2 2 2 1 2 2 1 2 1 0.0007288 5.84158e-05
1 2 2 2 1 2 1 1 2 2 2 1 2 2 2 1 1 2 1 1 1 0.0006947 5.78678e-05
1 2 2 2 1 2 1 2 2 1 2 1 2 2 2 1 1 2 1 2 1 0.0001487 2.16438e-05
1 2 2 2 1 2 1 2 2 1 2 1 1 1 2 1 2 2 1 1 1 0.0017802 0.000269403
1 2 1 2 2 2 1 2 2 2 2 1 1 2 1 1 2 2 1 1 1 0.0007276 0.000101939
1 2 2 2 2 1 1 2 2 2 2 1 2 1 2 1 2 2 1 2 1 0.000229 2.02649e-05
1 2 2 1 1 2 1 2 1 2 2 1 1 2 2 1 2 1 1 2 1 4.23e-05 2.29107e-05
1 1 2 1 2 2 1 2 2 2 2 1 2 2 2 1 2 1 1 2 1 0.0003004 3.89849e-05
1 2 2 1 2 2 1 2 2 2 2 1 1 2 2 1 2 1 1 2 1 0.0003019 2.30287e-05
1 2 2 2 2 2 1 2 2 1 2 1 2 2 2 1 2 2 1 2 1 0.0004808 1.16314e-05
1 2 2 2 2 2 1 2 2 1 2 1 2 1 2 1 1 2 1 2 1 0.0008369 9.52522e-05
1 2 2 1 1 1 1 2 2 2 2 1 2 2 2 1 2 2 1 2 1 0.0005102 6.08126e-05
1 2 2 2 2 2 1 2 2 1 1 1 2 2 2 1 1 2 1 2 1 0.0004785 4.38514e-05
1 2 2 2 2 2 1 2 2 1 1 1 2 1 2 1 1 2 1 2 1 0.0015152 0.000155083
1 2 2 2 1 1 1 2 2 1 2 1 2 2 2 1 1 2 1 2 1 0.0006611 0.000108102
1 1 2 2 2 2 1 1 2 2 2 1 1 2 2 1 1 1 1 2 1 0.0016978 0.000187695
1 2 2 2 2 2 1 2 2 2 2 1 2 2 1 1 1 2 1 2 1 0.0013005 0.000114476
1 2 2 2 1 1 1 1 2 1 2 1 2 2 2 1 2 2 1 2 1 0.0006784 5.10124e-05
1 2 1 2 1 2 1 1 2 2 2 1 2 2 2 1 2 2 1 1 1 0.0007445 7.97904e-05
1 2 2 2 2 1 1 2 2 2 1 1 2 2 1 1 1 1 1 2 1 0.0017555 0.000223435
1 2 1 1 1 2 1 1 2 2 2 1 2 2 2 1 2 2 1 1 1 0.0018125 0.000291582
1 2 2 1 1 2 1 1 2 2 2 1 2 2 2 1 2 2 1 2 1 0.0009841 9.52616e-05
1 2 2 2 2 1 1 1 2 2 2 1 2 2 2 1 2 2 1 2 1 0.0005274 1.98729e-05
1 2 2 1 1 1 1 1 2 2 2 1 2 2 2 1 2 2 1 2 1 0.0006998 7.84769e-05
1 1 2 2 1 2 1 2 2 2 2 1 2 2 2 1 2 2 1 2 1 0.0005221 4.64003e-05
1 1 2 2 2 2 1 2 2 1 2 1 1 1 2 1 2 2 1 1 1 0.001744 0.000239057
1 1 2 2 2 2 1 2 2 1 2 1 2 2 2 1 2 2 1 2 1 0.0005592 3.33093e-05
1 2 1 1 2 2 1 1 2 2 2 1 2 2 2 1 2 2 1 2 1 0.0039379 0.000235461
1 1 2 2 2 2 1 1 1 1 2 1 2 2 2 1 2 2 1 2 1 0.0022458 0.000131667
1 2 2 2 2 1 1 2 2 2 1 1 1 2 1 1 2 2 1 1 1 0.0017175 0.00013623
1 2 2 1 2 1 1 2 1 2 2 1 1 2 2 1 2 2 1 2 1 0.0007685 9.52672e-05
1 2 2 2 2 2 1 1 1 1 2 1 2 2 2 1 2 2 1 2 1 0.0008942 5.22532e-05
1 2 2 1 2 2 1 2 2 2 2 1 2 2 2 1 2 1 1 1 1 0.000548 8.70504e-05
1 2 2 2 2 2 1 1 2 2 2 1 2 2 1 1 2 1 1 1 1 0.0023103 0.000125495
1 2 2 2 2 2 1 1 1 2 1 1 2 2 2 1 2 2 1 1 1 0.0007718 8.60101e-05
1 2 1 2 2 2 1 1 2 2 2 1 2 1 1 1 2 2 1 2 1 0.0007502 0.000108372
1 2 2 2 2 2 1 2 1 2 2 1 2 2 2 1 1 2 1 1 1 0.0008024 6.0423e-05
1 2 2 1 2 2 1 1 2 2 2 1 2 2 2 1 1 2 1 1 1 0.0007459 5.20266e-05
1 1 2 2 2 2 1 2 1 2 2 1 1 2 2 1 1 2 1 2 1 0.0023912 0.000134843
1 2 2 2 2 1 1 2 2 1 1 1 2 1 2 1 1 2 1 2 1 0.0016987 0.000123517
1 2 1 1 2 1 1 1 2 2 2 1 2 2 2 1 2 2 1 2 1 0.0006708 5.44341e-05
1 2 2 2 2 2 1 1 2 2 2 1 1 2 2 1 1 2 1 2 1 0.003095 0.000232838
1 2 2 2 2 2 1 2 2 2 1 1 1 2 2 1 2 2 1 1 1 0.0008433 4.95492e-05
1 1 2 2 2 1 1 2 2 2 2 1 2 2 1 1 1 2 1 2 1 0.0006747 6.97329e-05
1 1 2 2 2 2 1 2 1 1 1 1 1 2 2 1 2 2 1 2 1 0.0016593 7.90064e-05
1 2 1 2 2 2 1 2 2 2 2 1 1 1 2 1 2 2 1 1 1 0.000738 8.95954e-05
1 1 2 2 2 1 1 2 2 2 2 1 2 1 1 1 2 2 1 2 1 0.0006978 9.70519e-05
1 2 2 2 2 1 1 2 2 2 2 1 2 1 1 1 1 2 1 2 1 0.0006984 0.000101425
1 2 2 2 2 2 1 2 2 2 2 1 2 2 2 1 1 2 1 1 1 0.0064094 0.000188053
1 1 2 2 1 2 1 2 2 2 2 1 2 1 2 1 2 2 1 1 1 0.0007178 7.76499e-05
1 2 2 2 2 1 1 2 2 1 2 1 2 1 2 1 1 2 1 1 1 3.79e-05 1.89177e-05
1 2 2 2 2 1 1 1 2 2 1 1 2 2 2 1 1 2 1 2 1 0.0006872 8.07751e-05
1 2 2 2 1 2 1 2 2 2 2 1 2 1 2 1 1 2 1 1 1 0.0007018 8.51819e-05
1 2 1 2 2 1 1 2 2 2 2 1 2 2 2 1 1 2 1 2 1 0.0002936 2.77817e-05
1 2 2 2 1 2 1 1 2 2 2 1 2 2 2 1 1 2 1 2 1 0.000484 3.1209e-05
1 2 2 1 2 2 1 2 1 2 2 1 2 2 2 1 1 2 1 2 1 0.0010054 7.08491e-05
1 2 2 2 2 2 1 2 2 1 2 1 2 2 2 1 1 2 1 2 1 0.0004568 3.99244e-05
1 2 2 2 2 1 1 2 2 2 1 1 2 2 1 1 2 2 1 2 1 0.0005362 4.49513e-05
1 1 2 2 2 2 1 1 2 2 2 1 2 2 1 1 1 1 1 2 1 0.0015826 0.000169961
1 2 2 2 2 2 1 2 2 2 2 1 1 1 2 1 2 2 1 2 1 0.0030355 0.000156307
1 1 2 2 2 2 1 1 2 2 2 1 2 1 1 1 1 2 1 2 1 0.0017717 0.000113887
1 2 2 1 2 2 1 2 1 2 2 1 1 2 2 1 2 1 1 2 1 0.0007386 6.33267e-05
1 1 2 2 2 2 1 2 2 2 2 1 2 1 1 1 2 2 1 2 1 0.0003197 2.52897e-05
1 2 1 1 2 2 1 1 2 2 2 1 2 2 2 1 2 1 1 1 1 0.0017328 0.000140825
1 1 1 2 2 1 1 2 2 2 2 1 2 2 2 1 2 1 1 2 1 0.0007167 7.26637e-05
1 1 2 2 2 2 1 2 2 2 2 1 1 2 2 1 1 1 1 2 1 0.0030778 0.000183833
1 1 2 2 2 2 1 1 2 2 2 1 2 1 2 1 2 2 1 2 1 0.0007889 4.37352e-05
1 2 2 2 2 2 1 1 2 2 2 1 2 1 2 1 2 2 1 2 1 0.0011335 5.65199e-05
1 1 2 1 1 2 1 2 2 2 2 1 2 2 2 1 2 2 1 2 1 0.0009626 8.07069e-05
1 2 1 1 2 2 1 1 2 2 2 1 2 2 2 1 2 2 1 1 1 0.0031638 0.000199412
1 2 2 1 1 2 1 2 2 2 2 1 2 2 2 1 2 2 1 1 1 0.0005404 7.45732e-05
1 2 2 2 2 2 1 2 2 2 1 1 2 1 1 1 2 2 1 2 1 0.0009425 4.50956e-05
1 1 2 2 1 2 1 2 2 2 2 1 2 2 2 1 2 2 1 1 1 0.0005606 4.67314e-05
1 1 2 2 1 2 1 2 2 2 2 1 1 1 2 1 2 2 1 1 1 0.0016668 0.000213138
1 2 2 2 2 2 1 1 2 2 2 1 2 2 2 1 2 1 1 1 1 0.0038652 0.000181227
1 2 2 2 2 1 1 2 1 2 1 1 1 2 2 1 2 2 1 1 1 0.0016473 0.000265067
1 1 2 1 1 2 1 2 2 2 2 1 1 2 2 1 2 2 1 1 1 0.0016842 0.00014302
1 2 2 2 2 1 1 2 2 2 1 1 2 2 2 1 1 2 1 2 1 0.0005532 4.84763e-05
1 2 2 1 1 2 1 2 1 2 2 1 2 2 2 1 2 2 1 1 1 0.0006974 5.85761e-05
1 2 2 1 2 2 1 2 2 2 2 1 2 2 2 1 1 1 1 2 1 0.0005387 3.62156e-05
1 2 1 2 2 2 1 1 2 2 2 1 1 2 1 1 2 2 1 2 1 0.0007 7.89993e-05
1 2 2 2 1 2 1 2 2 1 2 1 2 2 2 1 2 2 1 2 1 0.0002935 3.31637e-05
1 2 2 2 1 1 1 1 1 1 2 1 2 2 2 1 2 2 1 2 1 0.001675 0.000122939
1 2 2 2 1 1 1 2 2 2 2 1 2 2 2 1 1 2 1 2 1 0.0005441 4.96509e-05
1 2 2 2 1 2 1 1 1 1 2 1 2 2 2 1 2 2 1 2 1 0.0014846 0.000102364
1 2 2 2 2 1 1 2 2 2 2 1 2 1 1 1 2 2 1 2 1 0.0002959 4.08859e-05
1 2 2 2 2 1 1 2 2 2 1 1 2 2 1 1 2 1 1 2 1 0.0007236 7.58583e-05
1 1 2 1 2 2 1 2 2 2 2 1 2 2 2 1 2 2 1 1 1 0.0009869 7.16045e-05
1 2 2 2 1 2 1 1 2 1 2 1 2 2 2 1 2 2 1 2 1 0.0004774 3.17917e-05
1 1 2 2 1 1 1 2 2 2 2 1 2 1 2 1 1 2 1 2 1 0.0016846 0.000187946
1 1 1 1 2 2 1 2 2 2 2 1 2 2 2 1 2 1 1 1 1 0.00169 0.000189907
1 2 1 1 1 1 1 1 2 2 2 1 2 2 2 1 2 2 1 2 1 0.0015495 0.000151155
1 2 1 2 1 2 1 1 2 2 2 1 2 2 2 1 2 2 1 2 1 0.0008129 8.80422e-05
1 2 1 1 1 2 1 2 2 2 2 1 2 2 2 1 2 2 1 2 1 0.000981 0.000102426
1 1 1 2 1 2 1 2 2 2 2 1 2 2 2 1 2 2 1 1 1 0.0007324 9.56233e-05
1 1 2 2 2 2 1 2 2 2 1 1 2 2 1 1 2 1 1 2 1 0.0007124 6.24468e-05
1 2 2 2 2 1 1 1 2 2 1 1 2 2 2 1 2 1 1 2 1 0.0007229 7.73067e-05
1 1 1 1 1 2 1 2 2 2 2 1 2 2 2 1 2 2 1 1 1 0.0016766 0.00020436
1 1 1 1 1 2 1 2 2 2 2 1 2 2 2 1 2 2 1 2 1 0.0023624 0.000264508
1 1 2 2 2 2 1 1 1 1 2 1 2 2 2 1 2 2 1 1 1 0.0016047 0.000124357
1 2 2 2 2 2 1 1 1 2 1 1 2 2 2 1 2 2 1 2 1 0.0001671 2.02235e-05
1 2 1 2 2 2 1 1 2 2 2 1 1 2 1 1 2 2 1 1 1 0.001689 0.000217422
1 2 2 1 2 2 1 2 2 2 2 1 1 2 2 1 2 1 1 1 1 0.0007366 7.86797e-05
1 2 2 2 1 2 1 2 2 2 2 1 2 1 2 1 2 2 1 1 1 0.0002987 4.33693e-05
1 2 1 2 2 2 1 2 2 2 2 1 2 1 2 1 2 2 1 2 1 0.0003393 3.05252e-05
1 1 2 2 2 2 1 2 2 2 1 1 2 2 1 1 2 2 1 2 1 0.0005556 6.5349e-05
1 2 1 2 2 2 1 2 2 2 2 1 2 2 2 1 2 1 1 2 1 0.0002618 2.82796e-05
1 1 2 1 2 2 1 2 2 2 2 1 2 2 2 1 2 1 1 1 1 0.0006973 9.41453e-05
1 2 1 2 1 2 1 1 2 2 2 1 2 2 2 1 1 2 1 2 1 0.0016053 0.000146477
1 2 2 1 1 2 1 2 2 2 2 1 1 2 2 1 2 2 1 1 1 0.0006954 0.0001028
1 2 2 2 2 2 1 1 2 2 1 1 2 2 2 1 1 2 1 2 1 0.00049 5.87575e-05
1 1 1 2 1 2 1 2 2 2 2 1 2 2 2 1 2 2 1 2 1 0.000789 4.36425e-05
1 2 2 2 2 1 1 2 2 1 2 1 2 2 2 1 2 2 1 2 1 0.0002341 1.15897e-05
1 2 2 2 2 1 1 2 2 2 1 1 2 1 2 1 2 2 1 2 1 0.0002901 4.42153e-05
1 1 2 2 2 2 1 1 2 2 2 1 2 1 2 1 1 2 1 2 1 0.0016518 0.000147754
1 2 1 2 2 2 1 1 2 2 2 1 1 1 2 1 2 2 1 2 1 0.0024202 0.000284362
1 1 2 2 2 2 1 2 2 2 1 1 2 2 1 1 2 2 1 1 1 0.0007356 8.49695e-05
1 1 2 2 2 2 1 2 2 2 1 1 2 1 1 1 2 2 1 2 1 0.0006983 6.5791e-05
1 1 2 2 2 2 1 2 2 2 1 1 1 2 1 1 2 2 1 1 1 0.0017627 0.000180151
1 1 2 2 2 2 1 2 2 2 1 1 1 2 2 1 2 2 1 1 1 0.0007173 4.19419e-05
1 2 2 2 2 2 1 1 2 2 2 1 1 2 2 1 1 1 1 2 1 0.0022867 0.000189455
1 2 2 2 2 2 1 2 1 2 1 1 2 2 2 1 2 2 1 1 1 0.000485 4.83735e-05
1 2 2 2 2 1 1 2 1 1 2 1 2 2 2 1 2 2 1 2 1 0.0003115 3.09632e-05
1 1 2 2 2 2 1 2 2 2 2 1 2 2 1 1 2 1 1 2 1 0.0012815 9.49026e-05
1 2 2 2 2 2 1 1 2 2 2 1 1 2 1 1 2 2 1 2 1 0.0009581 4.6314e-05
1 2 2 1 2 2 1 2 1 2 2 1 2 2 2 1 1 1 1 2 1 0.0007256 7.70616e-05
1 2 1 2 2 2 1 1 2 2 2 1 1 2 2 1 2 2 1 1 1 0.0031914 0.000178023
1 1 2 2 2 1 1 2 2 2 2 1 2 2 2 1 1 2 1 2 1 0.0005471 4.09185e-05
1 1 2 2 2 2 1 1 2 2 2 1 2 1 2 1 2 2 1 1 1 0.0007236 6.01317e-05
1 2 2 2 2 1 1 1 2 2 2 1 2 2 2 1 2 1 1 2 1 0.0003076 3.11954e-05
1 1 2 2 2 2 1 2 2 1 2 1 2 1 2 1 2 2 1 2 1 0.0004854 3.97022e-05
1 2 2 2 2 2 1 1 2 2 2 1 2 2 2 1 2 2 1 1 1 0.0071155 0.000301033
1 2 2 2 2 2 1 1 2 2 2 1 1 1 1 1 2 2 1 2 1 0.0023026 0.000300244
1 1 1 2 2 1 1 2 2 2 2 1 2 2 2 1 1 1 1 2 1 0.0016918 0.000220439
1 2 2 2 1 1 1 2 1 2 2 1 1 2 2 1 2 2 1 2 1 0.0006759 7.39646e-05
1 2 1 2 2 2 1 2 2 2 2 1 2 1 1 1 2 2 1 2 1 0.0003014 4.00006e-05
