6
78
0 1 0 0 0 0 1 0 1 0 0 0 0 1 0 1 0 0 0 0 1 0 1 0 0 0 0 1 0 1 0 0 0 0 1 0 0.00347007 5 1 0 0 0 1 0 0 2 0 0 3 0 0 4 0 0 5 0 0 Y 0 0 0.0939396 1.79267e-05 6 1 16899 0 0 48 13504 0 0 70 2918 0 0 74 1116 0 0 76 1112 0 0 77 451 0 0 
0 1 0 0 0 0 1 0 1 0 0 0 0 1 0 1 0 0 0 0 1 0 1 1 0 0 0 1 0 1 0 0 0 1 1 0 0.00783833 6 1 1.67718 -0.0756377 0.476078 2.51623 -0.587286 0.217018 3.50089 -0.740562 0.252033 4.0632 0.0725528 0.0991463 4.77417 -0.437932 0.596341 4.88796 0.540545 0.402735 Y 0 0 0.0531076 0.000624617 6 69 2895 0 0 3 18899 0 0 4 14360 0 0 2 28267 0 0 60 4763 0 0 65 2816 0 0 
0 1 0 0 0 0 1 0 1 0 0 0 0 1 0 1 1 0 0 0 1 0 1 1 0 0 1 1 0 1 0 0 0 1 1 0 0.013036 7 1 1.586 -0.688842 0.310822 2.51042 -0.369737 0.482265 3.38221 -0.354952 -0.0114352 4.007 0.418476 0.032162 4.35303 -0.490221 0.263195 4.93009 0.315496 0.406845 Y 0 0 0.0264761 0.000256271 6 8 34507 0 0 44 1894 0 0 53 4147 0 0 9 11408 0 0 42 41025 0 0 5 51019 0 0 
0 1 1 0 0 0 1 0 1 0 0 0 1 1 0 1 0 0 0 0 1 0 1 1 0 0 0 1 0 1 0 0 0 1 1 0 0.00445605 7 1 2.22787 -0.237202 -0.194648 2.77031 -0.207874 0.642567 3.23784 -0.115186 -0.239149 4.11978 0.348011 -0.11007 4.39685 -0.519626 0.311659 4.91563 0.322145 0.503018 Y 0 0 0.123155 4.43322e-05 2 54 5689 0 0 8 30311 0 0 
0 1 1 0 0 0 1 0 1 0 0 0 1 1 0 1 1 0 0 0 1 0 1 0 0 0 1 1 0 1 0 0 0 0 1 0 0.00654638 7 1 2.77192 -0.338747 -1.00462 2.90873 -0.747052 -0.105215 3.70366 -0.575854 -0.6841 3.88202 0.384232 -0.444455 4.24828 -0.333768 0.140326 4.34871 -0.216205 1.12566 Y 0 0 0.046834 0.000463222 5 5 22834 0 0 8 15730 0 0 58 17867 0 0 55 5185 0 0 38 10384 0 0 
0 1 1 1 0 0 1 0 1 0 0 0 1 1 0 1 1 0 1 0 1 0 1 0 0 0 1 1 0 1 0 0 0 0 1 0 0.0302777 8 1 2.77713 -0.215948 -0.945768 2.86573 -0.971284 -0.301346 3.68002 -0.612452 -0.767348 3.48307 0.334278 -0.485627 3.97782 -0.28818 0.128922 4.46208 -0.120631 0.991717 Y 0 0 0.00858542 5.14105e-05 7 28 91862 0 0 13 81734 0 0 52 41119 0 0 7 90052 0 0 46 105246 0 0 34 10940 0 0 27 11047 0 0 
0 1 0 1 0 0 1 0 1 0 0 0 0 1 0 1 1 0 1 0 1 0 1 0 0 0 1 1 0 1 0 0 0 0 1 0 0.00307203 7 1 2.61201 -0.278133 -0.777925 2.90267 -0.932265 -0.0680204 3.64171 -0.444913 -0.546938 3.23608 0.478735 -0.535748 3.84263 0.186681 0.203358 4.72081 0.664264 0.311463 Y 0 0 0.0123458 8.7066e-05 4 5 101474 0 0 9 24558 0 0 64 15064 0 0 45 2904 0 0 
0 1 1 1 0 0 1 0 1 0 0 0 1 1 0 1 1 0 1 0 1 0 1 1 0 0 1 1 0 1 0 0 0 1 1 0 0.039577 9 1 2.89881 -0.199417 -0.756511 2.86805 -1.08991 -0.304478 3.72154 -0.561817 -0.300574 3.55797 0.424551 -0.313997 3.93583 0.00793766 0.508781 4.40024 0.802015 0.127307 Y 0 0 0.00689001 3.38009e-05 4 10 322112 0 0 15 140181 0 0 39 132699 0 0 25 17008 0 0 
0 1 1 1 0 0 1 0 1 0 0 0 1 1 0 1 0 0 1 0 1 0 1 1 0 0 0 1 0 1 0 0 0 1 1 0 0.0136698 8 1 2.99825 -0.164376 -0.725836 2.85875 -1.07136 -0.311348 3.72853 -0.586191 -0.201865 3.83718 0.37094 -0.479026 3.99671 0.158749 0.492251 4.40325 0.975686 0.0779673 Y 0 0 0.0275232 0.000250448 3 7 95891 0 0 41 40510 0 0 40 7599 0 0 
0 1 0 1 0 0 1 0 1 0 0 0 0 1 0 1 1 0 1 0 1 0 1 1 0 0 1 1 0 1 0 0 0 1 1 0 0.01542 8 1 2.46636 0.255995 0.735505 2.37766 -0.710273 0.49058 3.28011 -0.416731 0.804876 3.12249 0.288007 1.49085 4.04681 -0.0509297 1.33865 3.91549 0.829223 1.80014 Y 0 0 0.00234353 8.27752e-06 7 27 40381 0 0 13 279272 0 0 7 301165 0 0 11 86474 0 0 20 35748 0 0 34 39766 0 0 57 9194 0 0 
0 1 1 1 0 0 1 0 1 0 0 0 1 1 0 1 1 1 1 0 1 0 1 1 0 0 1 1 0 1 0 0 1 1 1 0 0.0699311 10 1 2.54568 0.335099 1.18433 2.59013 -0.341995 0.458583 3.37886 -0.200904 1.05819 3.40307 0.58909 1.67191 3.94547 -0.21054 1.8892 4.19707 0.376003 1.11201 Y 0 0 0.0046423 1.69735e-05 4 14 241724 0 0 12 242932 0 0 22 498299 0 0 16 25045 0 0 
0 1 0 1 0 0 1 0 1 0 0 0 0 1 0 1 1 1 1 0 1 0 1 1 0 0 1 1 0 1 0 0 1 1 1 0 0.00824528 9 1 2.47453 0.368728 1.17371 2.5833 -0.309413 0.454929 3.45333 -0.263981 0.952521 3.37684 0.495331 1.61114 3.95407 -0.294156 1.82245 4.22413 0.340837 1.09226 Y 0 0 0.0055328 2.8244e-05 2 10 277467 0 0 24 82533 0 0 
0 1 1 1 0 0 1 0 1 1 0 0 1 1 0 1 1 1 1 1 1 0 1 1 0 0 1 1 0 1 0 0 1 1 1 0 0.0144078 11 1 2.4287 -0.307538 1.11252 2.89437 -0.0115217 0.281608 3.41946 -0.375053 1.04986 2.98031 0.518223 1.1288 3.65846 0.215768 1.81078 3.94263 0.461907 0.882643 Y 0 0 0.0171301 0.000117031 1 16 216000 0 0 
0 1 1 0 0 0 1 0 1 1 0 0 1 1 0 1 1 1 0 1 1 0 1 0 0 0 1 1 0 1 0 0 1 0 1 0 0.029937 9 1 1.94376 -0.456664 0.924328 2.7309 -1.11495 0.860691 2.46693 -0.710902 1.7407 3.01504 -0.172823 1.08039 3.0672 0.0290732 2.06682 3.39918 -0.922792 2.02693 Y 0 0 0.00780115 3.8226e-05 4 10 268699 0 0 21 96297 0 0 26 62461 0 0 18 76543 0 0 
0 1 1 1 0 0 1 0 1 1 0 1 1 1 0 1 1 1 1 1 1 0 1 0 0 0 1 1 0 1 0 1 1 0 1 0 0.0698528 11 1 2.06756 -0.439387 0.926125 2.83665 -1.07928 0.891528 2.60747 -0.656344 1.77184 2.99986 -0.0903619 1.05258 3.41769 -0.101527 1.95689 3.4949 -1.07716 1.65875 Y 0 0 0.00171315 3.88001e-06 1 16 2.232e+06 0 0 
0 1 0 1 0 0 1 0 1 1 0 1 0 1 0 1 1 1 1 1 1 0 1 0 0 0 1 1 0 1 0 1 1 0 1 0 0.0386026 10 1 2.06106 -0.142123 0.833385 2.76667 -0.818519 1.04214 2.70835 -0.365184 1.93151 2.96747 0.171911 1.12987 3.68856 -0.17117 1.73695 3.36475 -1.11862 1.78722 Y 0 0 0.00237042 7.07789e-06 5 22 817801 0 0 30 182080 0 0 14 193650 0 0 16 26565 0 0 31 3904 0 0 
0 1 1 1 0 0 1 0 1 1 1 1 1 1 0 1 1 1 1 1 1 0 1 0 0 1 1 1 0 1 0 1 1 0 1 0 0.109433 12 1 1.86958 0.0486781 1.0926 2.66844 -0.543998 0.950708 2.49512 -0.137119 1.85827 2.80413 0.449946 1.10268 3.43541 -0.208894 1.50083 2.93441 -1.02797 1.78451 Y 0 0 0 0 0 
0 1 1 0 0 0 1 0 1 1 1 1 1 1 0 1 1 1 0 1 1 0 1 0 0 1 1 1 0 1 0 1 1 0 1 0 0.0203042 11 1 1.57365 -0.277166 1.2514 2.44038 -0.680679 0.950569 2.37513 -0.265176 1.85476 2.70863 0.293374 1.09361 3.29073 -0.434377 1.47143 2.71382 -1.19957 1.77114 Y 0 0 0.00569787 2.2652e-05 1 16 648000 0 0 
0 1 1 0 0 0 1 0 1 1 1 1 1 1 0 1 0 1 0 1 1 0 1 0 0 1 0 1 0 1 0 1 1 0 1 0 0.0216375 10 1 1.42778 -0.397537 1.43793 2.26359 -0.500663 0.896152 2.37178 -0.31431 1.86927 2.77544 0.306802 1.19425 3.19385 -0.606425 1.27804 2.46916 -1.26404 1.54353 Y 0 0 0.00234987 7.33219e-06 4 14 397631 0 0 22 380983 0 0 17 206862 0 0 16 22524 0 0 
0 1 0 0 0 0 1 0 1 1 1 1 0 1 0 1 1 1 0 1 1 0 1 0 0 1 1 1 0 1 0 1 1 0 1 0 0.0135655 10 1 1.47148 -0.00569941 1.54608 2.27073 -0.243005 0.985201 2.58016 -0.660033 1.83266 2.88616 0.266351 1.61307 3.22534 -0.512718 1.08087 2.50228 -1.20909 0.99014 Y 0 0 0.0252257 0.000176481 3 22 141929 0 0 17 69022 0 0 16 5049 0 0 
0 1 1 0 0 0 1 0 1 1 0 1 1 1 0 1 0 1 0 1 1 0 1 0 0 0 0 1 0 1 0 1 1 0 1 0 0.00361163 9 1 1.73442 0.0197884 1.58052 2.67677 -0.0171244 1.26002 2.36236 -0.710615 1.90097 3.23518 -0.264086 2.05287 3.26715 -0.920847 1.2835 2.32653 -0.884192 0.914648 Y 0 0 0.00400494 1.70882e-05 3 39 162686 0 0 24 66962 0 0 18 130352 0 0 
0 1 1 0 0 0 1 0 1 1 1 1 1 1 0 1 1 0 0 1 1 0 1 0 0 1 1 1 0 1 0 1 0 0 1 0 0.0358568 10 1 1.86376 0.272528 1.77592 2.67371 0.0439698 1.22607 2.35891 -0.600841 1.93056 3.14097 -0.00547886 2.11977 3.26006 -0.740786 1.46283 2.43528 -0.866502 0.909166 Y 0 0 0.00528037 2.18032e-05 4 22 400463 0 0 17 200965 0 0 14 101919 0 0 16 16653 0 0 
0 1 1 1 0 0 1 0 1 1 1 0 1 1 0 1 1 1 1 1 1 0 1 0 0 1 1 1 0 1 0 0 1 0 1 0 0.107767 11 1 2.37165 -0.0745468 2.33465 2.74447 -0.457084 1.48179 2.29581 -1.05267 2.14551 3.17995 -0.638487 2.37304 3.13626 -1.35884 1.68407 2.25623 -1.36686 1.19711 Y 0 0 0.0043083 1.18985e-05 1 16 1.728e+06 0 0 
0 1 0 0 0 0 1 0 1 1 1 1 0 1 0 1 0 1 0 1 1 0 1 0 0 1 0 1 0 1 0 1 1 0 1 0 0.00197165 9 1 2.34946 -1.63028 2.05376 2.72682 -0.984165 2.72531 3.1873 -0.139931 3.02373 3.72165 -0.893949 2.6406 3.31864 -1.74624 2.9825 3.24305 -0.951928 3.58825 Y 0 0 0.0330694 0.000380446 2 18 28347 0 0 19 43653 0 0 
0 1 0 0 1 0 1 0 1 1 0 1 0 1 0 1 0 1 0 1 1 0 1 1 1 0 0 1 0 1 0 1 1 1 1 0 0.0178369 10 1 1.99899 -1.80132 3.08181 2.54903 -1.0074 2.80679 3.39713 -0.547662 2.53953 3.44023 -1.44238 2.96979 2.75229 -1.5406 3.68983 3.13953 -0.640343 3.52773 Y 0 0 0.00126084 3.12733e-06 3 14 689262 0 0 22 651341 0 0 16 27397 0 0 
0 1 0 1 1 0 1 0 1 0 0 1 0 1 0 1 0 1 1 0 1 0 1 1 1 0 0 1 0 1 0 1 1 1 1 0 0.0148992 10 1 2.13801 -1.8475 2.75084 2.83858 -1.37321 2.21801 3.67366 -1.30602 2.7492 3.01352 -1.84732 3.28463 2.16798 -1.41938 3.64444 2.81948 -0.888299 3.10252 Y 0 0 0.00104361 2.35961e-06 4 14 1.04147e+06 0 0 30 516427 0 0 16 52654 0 0 31 9450 0 0 
0 1 0 0 1 1 1 0 1 0 0 1 0 1 0 1 0 1 0 0 1 0 1 1 1 0 0 1 0 1 1 1 1 1 1 0 0.00897972 10 1 2.13487 -1.31707 2.66594 2.96652 -1.17304 2.13452 3.78011 -1.20083 2.70939 3.04681 -1.79185 3.0301 2.37991 -1.36777 3.64497 2.94216 -0.786897 3.05072 Y 0 0 0.0119857 7.39123e-05 2 14 278421 0 0 16 9579 0 0 
0 1 0 0 0 1 1 0 1 1 0 1 0 1 0 1 0 1 0 1 1 0 1 0 0 0 0 1 0 1 1 1 1 0 1 0 0.0135902 9 1 2.98891 -2.19692 3.27424 2.90038 -1.37724 2.69046 3.24121 -0.568881 3.16641 3.74959 -1.42858 3.19865 3.55609 -1.64053 4.15103 2.74999 -1.27354 3.69556 Y 0 0 0.00123541 3.05008e-06 6 21 487808 0 0 18 214071 0 0 15 311609 0 0 25 80930 0 0 32 21491 0 0 24 108091 0 0 
0 1 0 0 0 0 1 0 1 1 0 1 0 1 0 1 0 1 0 1 1 0 1 1 0 0 0 1 0 1 0 1 1 1 1 0 0.0197207 9 1 2.88392 -2.25112 3.07521 2.84081 -1.27174 2.85503 3.40632 -0.5531 3.26152 3.68889 -1.50185 3.37262 3.65254 -1.52538 4.37482 2.8735 -1.17043 3.86184 Y 0 0 0.0130254 8.55483e-05 5 24 9622 0 0 21 93212 0 0 29 72304 0 0 39 53056 0 0 19 59806 0 0 
0 1 0 0 0 0 1 0 1 1 0 1 0 1 0 1 1 1 0 1 1 0 1 1 0 0 1 1 0 1 0 1 1 1 1 0 0.0172643 10 1 3.42063 -1.7439 2.78636 3.62098 -0.933574 3.35529 3.64238 -0.960211 4.36193 3.29727 -1.73721 3.84883 2.84254 -1.48179 4.70746 2.76228 -0.897046 3.88596 Y 0 0 0.0315113 0.000246539 2 22 212576 0 0 16 3424 0 0 
0 1 0 1 0 1 1 0 1 1 0 1 0 1 0 1 1 1 1 1 1 0 1 0 0 0 1 1 0 1 1 1 1 0 1 0 0.018997 11 1 2.88127 -1.67356 2.79427 3.71876 -1.28151 3.18407 3.4592 -1.15227 4.14193 3.22766 -2.01022 3.67736 2.51891 -1.49074 4.16585 2.82024 -0.898476 3.41509 Y 0 0 0.00182944 4.76553e-06 2 16 778877 0 0 31 481123 0 0 
0 1 0 1 1 1 1 0 1 1 0 1 0 1 0 1 1 1 1 1 1 0 1 0 1 0 1 1 0 1 1 1 1 0 1 0 0.0061259 12 1 3.27419 -1.68697 3.1928 3.95962 -1.49741 3.90665 3.21892 -1.22448 4.51454 3.19115 -2.13256 4.08437 2.52463 -1.42921 3.8032 3.27137 -0.776616 3.62356 Y 0 0 0 0 0 
0 1 0 1 1 0 1 0 1 1 0 1 0 1 0 1 1 0 1 1 1 0 1 0 1 0 1 1 0 1 0 1 0 0 1 0 0.00209732 10 1 3.85315 -1.71862 2.72598 3.91359 -1.42195 3.67225 2.92859 -1.35739 3.83869 3.30934 -2.18071 3.43855 2.88409 -1.50225 2.85528 3.52082 -0.741808 3.03594 Y 0 0 0.00167351 5.14198e-06 4 30 284314 0 0 17 271504 0 0 31 6624 0 0 16 13558 0 0 
0 1 1 0 0 0 1 0 1 0 1 1 1 1 0 1 1 0 0 0 1 0 1 0 0 1 1 1 0 1 0 1 0 0 1 0 0.00843394 9 1 3.7545 -1.90437 3.07731 3.12009 -2.07153 3.83695 3.20611 -2.72141 3.08392 2.36957 -2.92201 2.56611 2.45122 -2.07095 3.09217 2.93489 -1.22817 3.34861 Y 0 0 0.0292705 0.000272285 2 21 89264 0 0 15 54736 0 0 
0 1 1 0 0 1 1 0 1 0 1 1 1 1 0 1 0 0 0 0 1 0 1 0 0 1 0 1 0 1 1 1 0 0 1 0 0.00972048 9 1 3.41474 -1.79615 3.07673 2.46937 -2.04949 3.31922 3.15042 -2.77493 3.18283 3.00293 -3.1093 2.25669 2.44919 -2.27948 2.34564 2.64052 -1.33791 2.6434 Y 0 0 0.00181169 5.70532e-06 4 15 288586 0 0 25 153341 0 0 26 291606 0 0 24 202467 0 0 
0 1 1 0 1 1 1 0 1 1 0 0 1 1 0 1 0 0 0 1 1 0 1 1 1 0 0 1 0 1 1 0 0 1 1 0 0.00129776 10 1 3.11351 -1.00594 3.16078 3.06933 -1.92061 3.5709 3.75699 -1.72812 2.85675 2.86304 -2.21608 2.64804 2.93385 -1.3153 2.22209 2.2639 -1.48899 2.95629 Y 0 0 0.00534521 2.80315e-05 4 12 85263 0 0 30 88368 0 0 16 4112 0 0 31 2257 0 0 
0 1 0 0 1 0 1 0 1 1 1 1 0 1 0 1 1 0 0 1 1 0 1 0 1 1 1 1 0 1 0 1 0 0 1 0 0.00159099 10 1 2.97927 -1.04963 2.83483 2.57191 -0.963007 1.91963 3.1978 -1.49845 1.34751 3.14102 -0.508417 1.20785 3.56185 -0.869447 2.04891 2.95164 -0.103645 2.27553 Y 0 0 0.011784 7.82064e-05 3 17 70557 0 0 12 34762 0 0 16 2681 0 0 
0 1 0 1 0 0 1 0 1 1 1 0 0 1 0 1 0 0 1 1 1 0 1 1 0 1 0 1 0 1 0 0 0 1 1 0 0.00787646 9 1 1.85064 -0.698978 2.9013 2.81221 -0.499337 3.08451 3.37713 -0.645956 2.26458 2.4183 -0.363278 2.1553 2.82106 0.416185 2.61524 2.80497 0.378218 1.61453 Y 0 0 0.00725745 3.79469e-05 4 10 90205 0 0 21 130970 0 0 36 13995 0 0 18 52830 0 0 
0 1 0 1 0 0 1 0 1 1 0 0 0 1 0 1 0 0 1 1 1 0 1 1 0 0 0 1 0 1 0 0 0 1 1 0 0.00473302 8 1 1.73102 -0.59796 3.00981 2.68961 -0.88553 3.04379 3.26118 -0.826677 2.21906 2.31139 -0.502165 2.1882 2.89338 0.201629 2.61428 2.62602 0.267713 1.6446 Y 0 0 0.0379848 0.000336211 3 37 8591 0 0 13 44148 0 0 41 19261 0 0 
0 1 0 1 0 0 1 0 1 1 1 0 0 1 0 1 1 1 1 1 1 0 1 0 0 1 1 1 0 1 0 0 1 0 1 0 0.0143475 10 1 1.38957 -0.463616 3.54059 2.15215 -0.949882 3.09656 2.40516 -0.660619 2.17682 1.77826 -0.0851867 2.70813 2.74606 -0.1555 2.98036 2.76356 0.25784 2.07463 Y 0 0 0.0157568 0.000118589 2 22 248935 0 0 16 3065 0 0 
0 1 1 0 0 1 1 0 1 1 0 0 1 1 0 1 0 0 0 1 1 0 1 1 0 0 0 1 0 1 1 0 0 1 1 0 0.0113949 9 1 1.30208 0.381993 2.40546 1.73839 -0.4852 2.61215 2.01336 0.348115 3.09484 2.31656 0.18763 2.15344 2.50148 -0.3842 1.33974 1.55482 -0.200354 1.61303 Y 0 0 0.00198877 6.3797e-06 4 15 334909 0 0 10 353542 0 0 25 81348 0 0 35 22201 0 0 
0 1 1 1 0 0 1 0 1 1 0 0 1 1 0 1 0 0 1 1 1 0 1 1 0 0 0 1 0 1 0 0 0 1 1 0 0.00846165 9 1 1.53497 0.594338 2.58534 1.53531 -0.405295 2.52025 2.2666 0.0549817 3.01274 2.23551 0.101371 2.01009 2.52189 0.612186 1.20027 1.72411 -0.00373663 1.16543 Y 0 0 0.0623402 0.000629451 1 10 72000 0 0 
0 1 1 1 0 0 1 0 1 1 0 0 1 1 0 1 0 0 1 1 1 0 1 0 0 0 0 1 0 1 0 0 0 0 1 0 0.00877102 8 1 2.10348 0.554459 2.07584 1.43861 1.13009 2.56376 2.41708 1.31841 2.66513 2.05408 0.488704 3.08254 1.74138 0.462608 4.04721 1.04056 0.354538 3.344 Y 0 0 0.0651456 0.000698279 3 11 9658 0 0 46 42074 0 0 41 20268 0 0 
0 1 0 0 1 1 1 0 1 1 0 0 0 1 0 1 0 1 0 1 1 0 1 0 1 0 0 1 0 1 1 0 1 0 1 0 0.000742773 9 1 0.844536 0.512465 3.63178 1.06633 1.01443 2.80066 1.47167 1.80249 3.26221 0.499241 1.60929 3.37121 0.726122 1.25256 4.27981 1.64681 1.0709 3.90656 Y 0 0 0.00752823 4.43582e-05 1 25 180000 0 0 
0 1 0 0 1 1 1 0 1 0 0 1 0 1 0 1 0 0 0 0 1 0 1 0 1 0 0 1 0 1 1 1 0 0 1 0 0.00223181 8 1 -0.348105 1.21136 3.92696 0.166257 1.99437 3.60543 0.697363 2.80377 3.91379 0.811071 2.1981 4.69564 -0.0866747 1.76667 4.71355 0.615046 1.29544 4.16896 Y 0 0 0.00541869 2.73808e-05 3 11 69640 0 0 34 130267 0 0 40 88093 0 0 
0 1 0 0 1 0 1 0 1 0 0 1 0 1 0 1 0 0 0 0 1 0 1 1 1 0 0 1 0 1 0 1 0 1 1 0 0.00169598 8 1 -0.652255 1.31016 3.92725 0.118863 1.76846 3.4665 0.419716 2.69554 3.69438 0.55159 2.41353 4.65828 -0.195694 1.75429 4.69728 0.6743 1.50647 4.26336 Y 0 0 0.00230799 7.76025e-06 4 34 203091 0 0 57 52803 0 0 43 39794 0 0 27 208312 0 0 
0 1 1 1 0 0 1 0 1 1 0 0 1 1 0 1 1 0 1 1 1 0 1 0 0 0 1 1 0 1 0 0 0 0 1 0 0.0173154 9 1 -0.108395 1.93616 3.08113 0.800881 2.32824 2.91143 0.197529 2.75164 3.58957 0.618591 1.86857 3.78015 0.400543 2.49326 4.53579 1.03487 1.79513 4.88633 Y 0 0 0.0195053 0.000150655 3 29 106623 0 0 10 95667 0 0 24 13710 0 0 
0 1 0 0 0 0 1 0 1 1 0 0 0 1 0 1 1 0 0 1 1 0 1 0 0 0 1 1 0 1 0 0 0 0 1 0 0.00273803 7 1 -0.331909 2.19595 2.4024 0.0673814 2.28875 3.3061 -0.392986 2.42414 4.19499 0.269488 1.66662 4.07128 0.26006 2.20768 4.91304 1.22047 2.32563 4.64487 Y 0 0 0.092834 2.04205e-05 4 5 25875 0 0 49 7869 0 0 63 1728 0 0 44 528 0 0 
0 1 0 0 0 0 1 0 1 0 0 0 0 1 0 1 1 0 0 0 1 0 1 0 0 0 1 1 0 1 0 0 0 0 1 0 0.00647699 6 1 -0.0656693 2.40237 2.39491 -0.00340137 2.27748 3.4105 -0.364361 2.36186 4.33824 0.252176 1.58672 4.17047 0.311826 2.11171 5.02435 1.16075 2.54117 4.72053 Y 0 0 0.0461897 0.000457076 9 2 14755 0 0 4 14808 0 0 67 11465 0 0 47 12274 0 0 6 2898 0 0 65 1518 0 0 50 9654 0 0 62 1955 0 0 60 2673 0 0 
0 1 0 0 0 0 1 0 1 1 1 0 0 1 0 1 1 0 0 1 1 0 1 0 0 1 1 1 0 1 0 0 0 0 1 0 0.00292971 8 1 -0.534631 2.70159 2.51258 -0.00274173 2.30766 3.27093 -0.595847 2.15275 4.06747 0.25743 1.65045 3.97002 0.297419 2.63638 4.16544 1.17106 2.96257 3.80252 Y 0 0 0.0962799 1.72371e-05 3 28 24862 0 0 51 9460 0 0 11 1678 0 0 
0 1 0 0 0 0 1 0 1 1 1 0 0 1 0 1 0 0 0 1 1 0 1 0 0 1 0 1 0 1 0 0 0 0 1 0 0.00426538 7 1 -0.637532 2.4341 2.47204 -0.127411 2.25939 3.31169 -0.683245 2.09642 4.1267 0.239261 1.70706 4.05429 0.214201 2.71156 4.14037 1.19855 2.84771 4.15633 Y 0 0 0.0381837 0.00030687 7 5 14484 0 0 66 6110 0 0 58 21705 0 0 59 8268 0 0 9 3248 0 0 49 16226 0 0 64 1959 0 0 
0 1 0 0 0 0 1 0 1 1 1 1 0 1 0 1 1 0 0 1 1 0 1 0 0 1 1 1 0 1 0 1 0 0 1 0 0.00778987 9 1 0.106947 2.40506 2.46997 0.244486 2.2666 3.45141 -0.553917 2.11205 4.02363 0.346768 1.87082 4.36648 0.0944326 2.83524 4.25843 1.01998 2.58979 3.99041 Y 0 0 0.020272 0.000155739 4 19 57716 0 0 21 46961 0 0 10 34400 0 0 36 4923 0 0 
0 1 0 0 0 0 1 0 1 0 1 1 0 1 0 1 1 0 0 0 1 0 1 1 0 1 1 1 0 1 0 1 0 1 1 0 0.0118825 9 1 0.224794 2.74549 2.65921 0.343354 2.25925 3.52096 -0.492239 2.04132 4.01963 0.328647 1.72757 4.49622 0.165147 2.7108 4.39932 1.08217 2.3303 4.20916 Y 0 0 0.00691711 3.6041e-05 5 15 99382 0 0 19 102761 0 0 29 123081 0 0 18 31523 0 0 32 3253 0 0 
0 1 0 0 0 0 1 0 1 0 0 1 0 1 0 1 1 0 0 0 1 0 1 1 0 0 1 1 0 1 0 1 0 1 1 0 0.00225421 8 1 0.822242 2.36618 2.419 0.215459 2.1743 3.18273 -0.228218 2.01224 4.06994 0.601721 1.71803 4.54853 0.509207 2.68736 4.27465 1.05241 2.04548 3.72041 Y 0 0 0.0103602 6.87952e-05 4 40 20516 0 0 46 64573 0 0 52 55429 0 0 57 3482 0 0 
0 1 0 0 0 1 1 0 1 0 0 1 0 1 0 1 1 0 0 0 1 0 1 0 0 0 1 1 0 1 1 1 0 0 1 0 0.00466323 8 1 0.299994 2.09259 2.58863 -0.488938 2.02224 3.20428 -0.59317 1.94519 4.21219 0.278029 1.56324 4.53301 0.214277 2.52878 4.27938 0.452485 1.90106 3.54996 Y 0 0 0.00896478 6.00925e-05 3 7 158141 0 0 40 54242 0 0 43 3617 0 0 
0 1 0 0 1 1 1 0 1 0 0 0 0 1 0 1 1 0 0 0 1 0 1 0 1 0 1 1 0 1 1 0 0 0 1 0 0.00722174 8 1 0.803667 4.47435 2.94193 1.73584 4.28101 2.61231 1.2573 4.36084 1.73663 1.3514 3.36599 1.58693 0.741938 3.70245 2.30595 0.0145783 4.39866 2.28709 Y 0 0 0.00530206 2.60992e-05 5 13 129358 0 0 33 128788 0 0 40 47520 0 0 34 17798 0 0 27 36536 0 0 
0 1 0 1 0 0 1 0 1 0 0 1 0 1 0 1 0 0 1 0 1 0 1 1 0 0 0 1 0 1 0 1 0 1 1 0 0.00109048 8 1 0.305804 4.16592 -0.0758066 0.472389 4.21981 -1.07118 1.21524 4.68117 -0.592435 1.16475 3.72325 -0.350099 1.95662 3.74454 -0.958377 1.06431 3.44747 -1.31694 Y 0 0 0.0033927 1.5177e-05 5 37 111949 0 0 40 58803 0 0 27 93975 0 0 57 21759 0 0 73 1514 0 0 
0 1 0 1 0 0 1 0 1 0 0 1 0 1 0 1 1 0 1 0 1 0 1 1 0 0 1 1 0 1 0 1 0 1 1 0 0.00279114 9 1 3.11546 5.34847 2.70974 3.45343 5.85705 1.92206 3.98754 6.08046 2.73986 4.0812 5.0874 2.80676 4.54833 5.57607 2.06076 3.82118 4.9181 1.85335 Y 0 0 0.00123144 3.13558e-06 4 18 334995 0 0 25 300089 0 0 24 186434 0 0 32 42482 0 0 
0 1 1 0 1 0 1 0 1 0 0 0 1 1 0 1 1 0 0 0 1 0 1 0 1 0 1 1 0 1 0 0 0 0 1 0 0.0119328 8 1 3.65587 6.53316 2.50292 2.76411 6.56928 2.9582 3.58525 6.39451 3.48506 4.39013 6.04155 3.98393 4.36663 6.03744 2.97321 4.02355 5.1617 3.31467 Y 0 0 0.0140161 0.000110349 7 37 17253 0 0 28 46205 0 0 51 35001 0 0 33 43062 0 0 7 47689 0 0 27 5813 0 0 52 20977 0 0 
0 1 0 0 1 0 1 0 1 0 1 0 0 1 0 1 1 0 0 0 1 0 1 0 1 1 1 1 0 1 0 0 0 0 1 0 0.00310138 8 1 2.81084 6.33355 3.24082 2.67696 5.54242 3.83965 1.8445 5.03543 3.55434 2.28551 5.48062 2.77481 1.8971 6.05042 3.50049 1.21392 5.74055 2.83978 Y 0 0 0.0327249 0.000297402 4 13 30212 0 0 23 6240 0 0 51 23962 0 0 37 11586 0 0 
0 1 1 0 0 0 1 0 1 0 1 0 1 1 0 1 0 0 0 0 1 0 1 0 0 1 0 1 0 1 0 0 0 0 1 0 0.00430128 7 1 0.148858 7.30901 3.45989 0.648391 6.70353 2.83177 0.604038 7.70529 2.64512 1.39686 7.23518 2.26474 0.518043 6.98538 1.8684 0.907355 6.10935 1.58393 Y 0 0 0.00799524 4.52892e-05 8 55 20417 0 0 5 79131 0 0 58 64745 0 0 54 21880 0 0 53 13740 0 0 63 11176 0 0 56 2466 0 0 45 2445 0 0 
0 1 0 0 1 0 1 0 1 0 0 0 0 1 0 1 1 1 0 0 1 0 1 0 1 0 1 1 0 1 0 0 1 0 1 0 0.00107065 8 1 0.332085 3.76579 1.11754 0.984862 4.0377 0.402391 1.47816 4.42041 1.19371 1.19906 5.38763 1.17816 0.53344 4.68619 1.44266 1.2649 4.6757 2.12707 Y 0 0 0.0138184 9.99444e-05 3 11 19519 0 0 37 51269 0 0 27 37212 0 0 
0 1 0 0 1 0 1 0 1 0 0 0 0 1 0 1 1 0 0 0 1 0 1 0 1 0 1 1 0 1 0 0 0 0 1 0 0.00224925 7 1 0.0882669 3.72598 1.06956 0.889448 3.86377 0.491144 1.45092 4.22852 1.23842 0.897048 5.04164 1.04067 0.573035 4.36355 1.70195 1.37036 4.56145 2.27205 Y 0 0 0.0108421 7.56155e-05 8 59 36421 0 0 61 7039 0 0 58 48323 0 0 55 16164 0 0 9 15738 0 0 64 9566 0 0 63 8871 0 0 56 1878 0 0 
0 1 0 0 1 0 1 0 1 1 0 0 0 1 0 1 1 0 0 1 1 0 1 0 1 0 1 1 0 1 0 0 0 0 1 0 0.00185193 8 1 0.237113 3.57425 1.21518 0.815261 3.86344 0.464613 1.36934 4.03275 1.27727 0.687418 4.70512 1.00206 0.584243 4.23565 1.88152 1.41043 4.3662 2.41579 Y 0 0 0.00997244 6.88733e-05 5 52 63072 0 0 51 50363 0 0 40 12190 0 0 27 18116 0 0 73 259 0 0 
0 1 0 0 0 0 1 0 1 0 1 1 0 1 0 1 0 1 0 0 1 0 1 0 0 1 0 1 0 1 0 1 1 0 1 0 0.00288186 8 1 1.78234 5.67116 5.01042 0.995106 5.87179 4.42695 0.522179 5.35724 3.71233 1.28016 5.76011 3.19381 1.54076 5.17841 3.96944 0.788722 4.89779 4.5653 Y 0 0 0.00673654 3.78511e-05 6 27 25602 0 0 28 91038 0 0 23 40130 0 0 52 44965 0 0 20 11290 0 0 57 2975 0 0 
0 1 0 0 1 1 1 0 1 0 0 0 0 1 0 1 0 0 0 0 1 0 1 0 1 0 0 1 0 1 1 0 0 0 1 0 0.00345889 7 1 4.17411 5.50578 4.59836 3.38956 5.48154 3.97227 2.92694 5.43268 4.86237 3.28081 6.33266 4.59052 4.00626 6.2197 5.26772 4.04024 5.26784 5.57964 Y 0 0 0.00621987 3.40342e-05 5 44 34254 0 0 45 5925 0 0 55 98837 0 0 9 95985 0 0 54 52999 0 0 
0 1 0 1 0 0 1 0 1 1 1 0 0 1 0 1 0 0 1 1 1 0 1 0 0 1 0 1 0 1 0 0 0 0 1 0 0.00252213 8 1 4.67211 4.45116 6.38865 4.78472 3.88249 7.21709 3.91209 3.43879 6.98518 4.66597 3.44379 6.33169 4.96922 2.90615 7.12069 5.21289 2.22122 6.41438 Y 0 0 0.0288549 0.000327713 4 28 35222 0 0 46 20132 0 0 37 12605 0 0 20 4041 0 0 
0 1 0 0 0 0 1 0 1 0 0 0 0 1 0 1 1 1 0 0 1 0 1 0 0 0 1 1 0 1 0 0 1 0 1 0 0.00514516 7 1 5.18165 -0.732481 4.95072 5.4034 -1.69511 4.92992 4.50859 -2.13362 5.10749 5.06847 -2.90477 4.81765 5.17901 -2.53558 5.73701 4.55403 -1.82344 6.06447 Y 0 0 0.0425506 0.000520772 6 5 26621 0 0 66 5696 0 0 38 11662 0 0 42 20645 0 0 9 6066 0 0 61 1310 0 0 
0 1 0 1 0 1 1 0 1 0 1 0 0 1 0 1 0 0 1 0 1 0 1 0 0 1 0 1 0 1 1 0 0 0 1 0 0.000222077 8 1 2.66108 -5.91382 -4.0596 3.22739 -5.7552 -4.87836 3.60475 -4.98233 -4.36334 2.70139 -4.9255 -3.93198 2.72429 -4.90446 -4.94437 1.93055 -5.36709 -4.5188 Y 0 0 0.00602178 2.96574e-05 2 20 87409 0 0 57 56591 0 0 
0 1 1 0 0 0 1 0 1 0 0 0 1 1 0 1 0 1 0 0 1 0 1 0 0 0 0 1 0 1 0 0 1 0 1 0 0.001659 7 1 6.90114 -2.67613 3.76382 7.84461 -2.48194 3.49191 7.45643 -3.38465 3.30419 7.20107 -4.22664 2.82893 6.67274 -4.76015 3.49135 6.55861 -3.76909 3.62619 Y 0 0 0.0232973 0.000225722 4 9 21838 0 0 38 19957 0 0 8 28929 0 0 56 1276 0 0 
0 1 0 1 0 0 1 0 1 0 0 0 0 1 0 1 0 0 1 0 1 0 1 0 0 0 0 1 0 1 0 0 0 0 1 0 0.00170103 6 1 2.7949 -1.01576 0.389402 2.58087 -0.445957 -0.419709 2.87523 0.189938 0.287343 3.65015 -0.432692 0.291918 4.44585 -0.0166778 -0.160436 4.84479 0.744423 0.395031 Y 0 0 0.0234837 0.000184765 7 6 12016 0 0 2 27969 0 0 69 6231 0 0 75 817 0 0 67 22060 0 0 71 2558 0 0 72 349 0 0 
0 1 0 1 0 0 1 0 1 0 0 0 0 1 0 1 0 1 1 0 1 0 1 0 0 0 0 1 0 1 0 0 1 0 1 0 0.000810666 7 1 4.43256 -12.84 10.117 4.13845 -13.2207 9.23315 3.68777 -12.3504 9.46574 4.20206 -11.8576 10.1637 3.48225 -11.161 10.1277 2.86188 -11.8109 9.67228 Y 0 0 0.00881213 5.61728e-05 3 9 132431 0 0 45 8781 0 0 68 2788 0 0 
0 1 0 0 1 0 1 0 1 0 0 1 0 1 0 1 0 0 0 0 1 0 1 0 1 0 0 1 0 1 0 1 0 0 1 0 0.000230955 7 1 7.37057 1.51269 0.835339 7.60198 1.74768 1.78067 8.5477 1.83568 1.46212 8.36397 1.16416 0.736479 8.09319 2.07684 0.436692 7.80977 2.5804 1.24671 Y 0 0 0.00952572 5.69363e-05 4 61 28958 0 0 56 17952 0 0 44 23933 0 0 45 37157 0 0 
0 1 0 0 1 0 1 0 1 1 0 1 0 1 0 1 1 0 0 1 1 0 1 0 1 0 1 1 0 1 0 1 0 0 1 0 0.000125575 9 1 16.2411 -3.02528 6.89686 15.5228 -3.48995 7.43053 15.9502 -4.33428 7.12261 15.8742 -4.12814 8.10612 16.588 -3.69105 7.54999 16.1391 -2.93376 8.02389 Y 0 0 0.00577804 2.52106e-05 3 32 42783 0 0 36 43722 0 0 35 21495 0 0 
0 1 0 0 1 0 1 0 1 0 0 0 0 1 0 1 0 0 0 0 1 0 1 0 1 0 0 1 0 1 0 0 0 0 1 0 0.000714331 6 1 4.04067 -3.63128 5.05355 4.39634 -3.1025 5.81753 3.99527 -2.19925 5.8999 3.04893 -2.4188 6.14629 3.31748 -3.22023 5.60976 2.33058 -3.39295 5.63427 Y 0 0 0.0218913 0.000188035 5 60 23772 0 0 62 18832 0 0 65 14565 0 0 6 13115 0 0 72 1716 0 0 
0 1 0 1 0 0 1 0 1 0 1 0 0 1 0 1 0 0 1 0 1 0 1 0 0 1 0 1 0 1 0 0 0 0 1 0 0.00034662 7 1 -11.7569 5.45096 -6.90846 -10.9897 5.76686 -7.48683 -10.7197 5.81522 -6.51675 -11.6194 6.17103 -6.22279 -11.6053 6.49508 -7.18394 -11.8395 7.47484 -7.11149 Y 0 0 0.0135214 9.71877e-05 5 53 13162 0 0 56 4785 0 0 64 23600 0 0 66 28882 0 0 68 1571 0 0 
0 1 0 0 0 0 1 0 1 0 1 0 0 1 0 1 0 0 0 0 1 0 1 0 0 1 0 1 0 1 0 0 0 0 1 0 0.000656945 6 1 2.36794 1.16177 -0.392056 3.16461 0.600655 -0.168064 3.24296 1.4399 0.36952 3.57054 0.736229 0.999823 3.6675 -0.0537122 0.394076 3.87262 -0.909175 0.882567 Y 0 0 0.042855 1.54002e-06 5 50 22415 0 0 60 6593 0 0 62 5203 0 0 75 1039 0 0 71 750 0 0 
0 1 0 0 0 1 1 0 1 0 0 0 0 1 0 1 0 0 0 0 1 0 1 0 0 0 0 1 0 1 1 0 0 0 1 0 0.00030157 6 1 1.02739 3.32809 1.89412 1.77388 3.52673 2.54101 2.34141 4.26809 2.22699 2.2631 5.10024 2.78143 1.47457 4.88232 2.21625 0.868119 4.13094 2.47967 Y 0 0 0.0480595 1.71053e-06 2 65 29675 0 0 71 6325 0 0 
