3.50787e-08 1.43371e-05
3.42536e-07 8.68004e-05
3.2011e-06 0.000500281
2.78394e-05 0.00265849
0.000214884 0.0123318
0.00135347 0.045447
0.00596402 0.114459
0.0149913 0.1676
0.0211405 0.142773
0.021024 0.0855944
0.0178698 0.0433156
0.0141458 0.0203869
0.0107862 0.00930876
0.00803588 0.00419406
0.00588989 0.00187624
0.00426328 0.000835021
0.00305475 0.000369857
0.00217027 0.000163042
0.00153067 7.15295e-05
0.00107272 3.12342e-05
0.000747564 1.35771e-05
0.000518362 5.8764e-06
0.000357815 2.53312e-06
5.57849e-95 2.4661e-97
0 nan
