0.0297454 0.0479426 16.4028 
0.0231096 0.150744 7.70083 
0.0306657 0.0367023 19.1702 
0.0271746 0.0842839 11.5792 
0.0243708 0.12944 8.63372 
0.0170008 0.252522 4.80061 
0.0354998 0.000995637 129.394 
0.0253835 0.11268 9.5299 
0.0360921 0.000101697 409.613 
0.0313403 0.0292026 21.8361 
0.0149592 0.282826 4.15977 
0.036067 0.000120991 375.354 
0.0360818 0.00010944 394.778 
0.0302063 0.0421771 17.6861 
0.0186805 0.225637 5.41863 
0.0329618 0.014155 32.5381 
0.0359414 0.000242918 264.254 
0.00961755 0.341206 2.83764 
0.0301143 0.0433059 17.4152 
0.0361771 4.85922e-05 593.555 
0.00928283 0.343397 2.76548 
0.0165223 0.259892 4.64085 
0.0308047 0.0351037 19.6668 
0.0336006 0.00954127 40.1862 
0.0361922 4.11651e-05 645.071 
0.0340489 0.00679808 48.0656 
0.0336568 0.00917425 41.0317 
0.0283367 0.0670741 13.3834 
0.024146 0.13321 8.45403 
0.0358932 0.000300561 237.342 
0.0339664 0.00727095 46.3954 
0.0327315 0.0160111 30.4387 
0.0358737 0.000325733 227.9 
0.0314208 0.0283525 22.2027 
0.0357764 0.000465544 190.267 
0.0356565 0.000671602 158.037 
0.0356695 0.000647434 161.001 
0.0360474 0.000137331 352.181 
0.00693916 0.351413 2.27747 
0.035652 0.000680021 157.042 
0.0360361 0.000147136 340.169 
0.0279905 0.0720803 12.7947 
0.0359591 0.000223179 275.788 
0.0361595 5.79641e-05 543.272 
0.0347504 0.00338091 69.1606 
0.0105158 0.334275 3.0357 
0.0302476 0.0416729 17.8106 
0.0350978 0.00210697 88.2316 
0.0294525 0.0517413 15.6751 
0.0342552 0.00567926 52.8162 
0.0181007 0.235076 5.19429 
0.0358357 0.000377414 211.564 
0.0275597 0.0784569 12.1255 
0.0361441 6.68666e-05 505.665 
0.0236111 0.142232 8.05081 
0.0360635 0.00012389 370.909 
0.016803 0.255587 4.73378 
0.0144679 0.289616 4.01983 
0.0269965 0.0870166 11.3414 
0.0304215 0.0395773 18.353 
0.0106787 0.332866 3.0724 
0.0249293 0.120148 9.10915 
0.0320628 0.0219448 25.6122 
0.0338569 0.0079209 44.348 
0.0126263 0.312891 3.53391 
0.0336496 0.00922096 40.9213 
0.0279091 0.0732734 12.6631 
0.0348374 0.0030354 73.121 
0.0359032 0.000288181 242.434 
0.0236636 0.141343 8.08901 
0.0356348 0.000712783 153.338 
0.0351396 0.00197287 91.2585 
0.028125 0.0701231 13.0176 
0.0272423 0.0832521 11.6719 
0.0360949 9.96004e-05 413.925 
0.0348316 0.00305758 72.8468 
0.00871449 0.34658 2.6447 
0.0102502 0.336476 2.97641 
0.0354069 0.00121713 116.813 
0.0148873 0.283833 4.13898 
0.0355894 0.000802829 144.353 
0.0298895 0.0461122 16.7845 
0.0353214 0.00143987 107.214 
0.0343148 0.00537382 54.3641 
0.0359002 0.000291887 240.876 
0.0208806 0.188778 6.40329 
0.0340156 0.00698713 47.3776 
0.0139108 0.297039 3.86677 
0.035536 0.000915277 135.052 
0.0141805 0.293484 3.94014 
0.0349443 0.00263466 78.6569 
0.0325844 0.0172481 29.2311 
0.0348713 0.00290543 74.7905 
0.0214363 0.17931 6.69314 
0.020267 0.199182 6.10446 
0.0348104 0.00314072 71.8449 
0.0300236 0.0444302 17.1554 
0.0361758 4.92299e-05 589.684 
0.0152961 0.278047 4.25864 
0.0222598 0.165241 7.16125 
0.0361458 6.58846e-05 509.436 
0.0222807 0.164884 7.17378 
0.0142136 0.293043 3.94923 
0.0352297 0.00169868 98.5272 
0.0279395 0.0728275 12.7119 
0.0361735 5.04075e-05 582.73 
0.0220023 0.16964 7.00957 
0.0358153 0.000406778 203.703 
0.0347359 0.00344025 68.5412 
0.0360663 0.000121596 374.412 
0.0305772 0.0377348 18.8661 
0.0342119 0.00590633 51.744 
0.0361948 3.99277e-05 655.023 
0.0352833 0.00154488 103.427 
0.0332187 0.0122035 35.241 
0.0362024 3.64908e-05 685.277 
0.0339299 0.00748493 45.692 
0.0361458 6.58869e-05 509.427 
0.0305984 0.0374867 18.9381 
0.0112667 0.32742 3.20708 
0.0292201 0.0548259 15.1396 
0.0352665 0.00159215 101.846 
0.0118121 0.321899 3.33541 
0.0345983 0.00402758 63.1673 
0.0127544 0.311397 3.56595 
0.0354055 0.00122053 116.647 
0.0356899 0.000610401 165.88 
0.0361706 5.19623e-05 573.912 
0.0343623 0.0051358 55.6648 
0.00960375 0.341301 2.83465 
0.0361802 4.70192e-05 603.438 
0.03183 0.0241903 24.2652 
0.0343036 0.00543066 54.0663 
0.0352048 0.00177242 96.4073 
0.0345601 0.00419846 61.8196 
0.0184709 0.229065 5.3361 
0.0304058 0.0397646 18.3028 
0.00793344 0.349739 2.48164 
0.0233784 0.146177 7.88523 
0.00961426 0.341229 2.83693 
0.016163 0.265326 4.52499 
0.0353897 0.00126033 114.754 
0.0275726 0.0782643 12.1445 
0.0308316 0.0347974 19.7658 
0.0360584 0.000128024 364.836 
0.0338871 0.0077393 44.894 
0.0361951 3.9809e-05 656.002 
0.0361237 7.96705e-05 463.07 
0.0359095 0.000280379 245.814 
0.0285286 0.0643464 13.7318 
0.00786795 0.349935 2.4681 
0.0322738 0.0199877 26.9654 
0.0311556 0.0311898 21.0379 
0.0356374 0.000707787 153.886 
0.0341096 0.00645926 49.3733 
0.0201467 0.201214 6.04825 
0.0359072 0.00028317 244.589 
0.0238547 0.138115 8.23037 
0.0281254 0.0701166 13.0183 
0.0358507 0.000356502 217.745 
0.0292515 0.0544062 15.2099 
0.0305366 0.0382128 18.7295 
0.0336614 0.00914466 41.102 
0.0187644 0.22426 5.45215 
0.0272317 0.0834132 11.6573 
0.0357351 0.000532325 177.788 
0.0318615 0.0238812 24.4394 
0.019944 0.204627 5.95529 
0.00853061 0.347456 2.60603 
0.0267203 0.0912991 10.9895 
0.0314392 0.0281594 22.2882 
0.0344036 0.00493253 56.8493 
0.0200432 0.202958 6.00053 
0.0361818 4.61975e-05 608.801 
0.0214109 0.179743 6.67948 
0.0331701 0.0125631 34.6962 
0.0359997 0.000181136 306.368 
0.0361701 5.22105e-05 572.542 
0.0361093 8.93633e-05 437.113 
0.0339677 0.00726363 46.42 
0.0287378 0.061414 14.1312 
0.027808 0.0747631 12.5031 
0.0354531 0.0011044 122.742 
0.0148164 0.284822 4.11859 
0.034319 0.00535232 54.4781 
0.0120766 0.319069 3.39894 
0.0361858 4.42345e-05 622.21 
0.03575 0.000507837 182.077 
0.0303622 0.0402871 18.1646 
0.0340809 0.00661825 48.7472 
0.0223328 0.163993 7.20521 
0.036114 8.61555e-05 445.217 
0.0359199 0.000267854 251.547 
0.0349556 0.002594 79.2892 
0.0343907 0.00499573 56.4733 
0.0317614 0.0248698 23.8937 
0.0170898 0.251136 4.83104 
0.00907152 0.344662 2.72034 
0.0355992 0.000782961 146.201 
0.0350385 0.00230418 84.2702 
0.029354 0.0530408 15.444 
0.0361097 8.9125e-05 437.7 
0.034737 0.00343575 68.5876 
0.0355064 0.000980863 130.382 
0.0337017 0.00888587 41.7323 
0.00712367 0.351322 2.31517 
0.0345988 0.00402546 63.1846 
0.028352 0.0668555 13.4105 
0.0358505 0.000356793 217.655 
0.0319396 0.0231218 24.8818 
0.0286776 0.0622543 14.014 
0.0323039 0.0197144 27.1701 
0.00752296 0.350774 2.397 
0.0360706 0.000118123 379.91 
0.036182 4.60808e-05 609.574 
0.0229932 0.152725 7.62314 
0.0358252 0.000392438 207.432 
0.0193318 0.214873 5.68645 
0.036093 0.000100981 411.07 
0.0360267 0.000155568 330.762 
0.0351397 0.00197267 91.2631 
0.021489 0.178409 6.72169 
0.0128664 0.310074 3.59417 
0.036094 0.000100271 412.532 
0.029016 0.0575843 14.6969 
0.0151885 0.279584 4.22679 
0.0168034 0.255581 4.7339 
0.0355676 0.000847909 140.402 
0.0335996 0.0095476 40.1721 
0.0314376 0.0281771 22.2803 
0.0355615 0.000860577 139.348 
0.0355233 0.000943173 133.006 
0.0196853 0.208971 5.83951 
0.0360653 0.000122379 373.206 
0.0311494 0.0312574 21.0121 
0.0360308 0.000151842 334.822 
0.00875452 0.346379 2.65314 
0.00983788 0.339644 2.8856 
0.0359413 0.000243004 264.206 
0.0324726 0.018215 28.3736 
0.0357722 0.000472204 188.905 
0.0216444 0.175757 6.80686 
0.00840342 0.348015 2.5794 
0.0218995 0.171397 6.95039 
0.0070307 0.351381 2.29616 
0.0358251 0.000392557 207.4 
0.0334028 0.0108835 37.4665 
0.0241386 0.133334 8.44822 
0.00924889 0.343606 2.75821 
0.034598 0.0040292 63.1541 
0.031381 0.0287714 22.02 
0.0346969 0.00360238 66.9273 
0.0324329 0.0185631 28.0813 
0.0328238 0.0152558 31.2469 
0.0350863 0.00214443 87.4374 
0.0352792 0.00155629 103.039 
0.035439 0.00113816 120.875 
0.0109709 0.330228 3.13889 
0.00994714 0.338835 2.90953 
0.0354682 0.0010686 124.82 
0.0285602 0.0639003 13.7908 
0.00922448 0.343755 2.75299 
0.0265401 0.0941199 10.7703 
0.0318937 0.0235671 24.6198 
0.0297417 0.0479907 16.3931 
0.0251467 0.116562 9.30649 
0.0361144 8.58835e-05 445.925 
0.0354442 0.00112565 121.557 
0.0360016 0.000179267 307.973 
0.0354993 0.000996865 129.313 
0.0356572 0.000670133 158.213 
0.0313214 0.0294033 21.7519 
0.0314141 0.0284227 22.1718 
0.0358147 0.000407625 203.489 
0.0308421 0.0346775 19.8049 
0.0249564 0.1197 9.13336 
0.0336075 0.00949585 40.2882 
0.0360217 0.000160224 325.888 
0.0292648 0.0542281 15.2399 
0.0356412 0.000700388 154.709 
0.00751934 0.350781 2.39626 
0.0338927 0.00770578 44.9969 
0.0354777 0.00104648 126.155 
0.0360526 0.000132861 358.094 
0.0347288 0.00346953 68.2413 
0.034978 0.00251401 80.5775 
0.0356192 0.000743087 150.132 
0.0299694 0.0451072 17.0037 
0.010057 0.337999 2.93369 
0.0356483 0.000686892 156.243 
0.0346661 0.00373286 65.7055 
0.0203635 0.197551 6.15006 
0.030838 0.034725 19.7894 
0.036054 0.000131748 359.611 
0.0116297 0.323794 3.2921 
0.022034 0.169098 7.02798 
0.0336806 0.00902092 41.4 
0.0351638 0.00189744 93.0999 
0.0355688 0.00084536 140.617 
0.0241198 0.13365 8.4335 
0.0308316 0.0347967 19.766 
0.0352461 0.0016507 99.9818 
0.0350892 0.00213484 87.6387 
0.0117833 0.322201 3.32856 
0.0357397 0.000524678 179.095 
0.0357596 0.000492186 184.985 
0.0358246 0.000393278 207.208 
0.0361612 5.70405e-05 547.67 
0.0227714 0.156507 7.4785 
0.0251754 0.116091 9.33302 
0.0361387 7.01589e-05 493.606 
0.0212589 0.182336 6.59848 
0.0359297 0.000256377 257.165 
0.0358212 0.000398107 205.934 
0.0362019 3.66885e-05 683.422 
0.0340191 0.00696682 47.4501 
0.0202872 0.198842 6.11393 
0.0201353 0.201406 6.04296 
0.0358571 0.000347768 220.49 
0.0343819 0.00503855 56.2226 
0.0240621 0.13462 8.38858 
0.0330827 0.0132212 33.757 
0.0341769 0.00609296 50.9079 
0.0191273 0.21827 5.60044 
0.0361405 6.90591e-05 497.538 
0.0188193 0.223356 5.47425 
0.0331637 0.0126104 34.6262 
0.027468 0.0798351 11.9911 
0.0354411 0.0011332 121.144 
0.034713 0.00353532 67.5814 
0.0249585 0.119665 9.13522 
0.0330788 0.0132508 33.7164 
0.0141079 0.294449 3.92025 
0.0360195 0.000162218 323.865 
0.0361199 8.21974e-05 455.862 
0.0301837 0.0424525 17.619 
0.0354542 0.0011018 122.89 
0.031476 0.0277761 22.4606 
0.0256386 0.108525 9.78129 
0.03614 6.93717e-05 496.411 
0.035943 0.000241041 265.289 
0.0291529 0.0557284 14.9913 
0.0347655 0.00331957 69.8184 
0.0335136 0.0101223 38.9428 
0.0281286 0.0700706 13.0237 
0.0153704 0.276978 4.2808 
0.0235799 0.14276 8.02828 
0.0340258 0.0069288 47.5869 
0.0298192 0.0470015 16.5963 
0.0358658 0.000336179 224.296 
0.0129123 0.309527 3.60579 
0.0358826 0.000314107 232.12 
0.0358542 0.000351818 219.205 
0.0336458 0.00924577 40.863 
0.0353998 0.0012349 115.952 
0.021762 0.173747 6.87245 
0.0198569 0.206092 5.91593 
0.0353535 0.00135403 110.631 
0.00965064 0.340977 2.84482 
0.020498 0.195273 6.21449 
0.0222523 0.165369 7.15676 
0.0361646 5.51879e-05 556.823 
0.0358654 0.000336726 224.112 
0.0260077 0.102573 10.166 
0.0353859 0.00127016 114.3 
0.0360744 0.000115141 384.825 
0.0358079 0.000417583 201.021 
0.0146349 0.287333 4.06685 
0.0261825 0.0997794 10.3577 
0.0213084 0.181491 6.62471 
0.0361153 8.52741e-05 447.523 
0.0293541 0.0530404 15.444 
0.0119658 0.320266 3.37223 
0.0122662 0.316983 3.44503 
0.022903 0.154263 7.56375 
0.0319654 0.0228735 25.0312 
0.0220022 0.169643 7.00946 
0.0187804 0.223997 5.45857 
0.0309322 0.033661 20.1446 
0.0333934 0.0109498 37.3453 
0.0322775 0.0199541 26.9904 
0.0354088 0.00121225 117.052 
0.035571 0.000840691 141.014 
0.0361666 5.40709e-05 562.568 
0.0336534 0.00919647 40.979 
0.0361513 6.26426e-05 522.508 
0.0356027 0.000775804 146.885 
0.0253004 0.114039 9.45048 
0.0330446 0.0135126 33.3632 
0.0193319 0.214871 5.68651 
0.0250631 0.117939 9.2297 
0.0288999 0.0591724 14.4558 
0.0351507 0.00193818 92.0919 
0.0334914 0.0102723 38.6389 
0.0265939 0.0932757 10.8349 
0.0361029 9.38841e-05 426.406 
0.0355 0.000995364 129.412 
0.0360615 0.000125529 368.466 
0.0131615 0.306515 3.66942 
0.032595 0.017158 29.3146 
0.0360983 9.71186e-05 419.208 
0.0356215 0.000738522 150.603 
0.019904 0.205301 5.93716 
0.0360284 0.000154071 332.375 
0.0221849 0.166521 7.11658 
0.0355336 0.000920592 134.655 
0.0361908 4.18016e-05 640.124 
0.0329397 0.0143288 32.3244 
0.034332 0.0052868 54.8295 
0.0335656 0.00977295 39.6772 
0.0340667 0.00669748 48.4436 
0.0285352 0.0642532 13.7441 
0.0301671 0.0426568 17.5697 
0.0292688 0.054175 15.2489 
0.0289366 0.0586692 14.5312 
0.0259481 0.103529 10.1021 
0.0347184 0.00351261 67.807 
0.0328058 0.015402 31.0858 
0.0360631 0.000124182 370.47 
0.035842 0.000368547 214.121 
0.028986 0.0579934 14.6339 
0.0208702 0.188956 6.39801 
0.034696 0.0036062 66.8906 
0.0108067 0.331728 3.10141 
0.0226757 0.158138 7.41752 
0.00818883 0.348871 2.53464 
0.00876267 0.346337 2.65486 
0.0359772 0.000203909 288.627 
0.0171434 0.250299 4.84948 
0.0346265 0.00390392 64.1972 
0.0360019 0.000178992 308.211 
0.0273982 0.0808866 11.8908 
0.023817 0.138751 8.20215 
0.0356461 0.000691096 155.76 
0.0326733 0.0164958 29.9494 
0.0321471 0.0211536 26.1367 
0.0173794 0.246592 4.93175 
0.0361422 6.80387e-05 501.272 
0.0168881 0.254272 4.76239 
0.0360671 0.000120981 375.369 
0.0323627 0.0191862 27.5781 
0.036091 0.00010247 408.057 
0.0102654 0.336354 2.97979 
0.0354129 0.00120212 117.554 
0.0111675 0.328377 3.18411 
0.0192179 0.216767 5.63831 
0.0358607 0.000342979 222.04 
0.0357108 0.000573648 171.182 
0.0120782 0.319052 3.39932 
0.0199808 0.20401 5.97197 
0.0111636 0.328415 3.18319 
0.0154872 0.275293 4.31583 
0.0361985 3.82373e-05 669.394 
0.0361769 4.86618e-05 593.129 
0.0358502 0.000357257 217.513 
0.0344644 0.00464087 58.6826 
0.0354298 0.00116054 119.681 
0.0305782 0.0377231 18.8695 
0.0278069 0.0747793 12.5013 
0.0358718 0.000328235 227.021 
0.0356581 0.000668609 158.395 
0.0298129 0.0470821 16.5795 
0.0348825 0.00286289 75.3615 
0.0351764 0.00185836 94.0981 
0.0329515 0.0142358 32.4383 
0.0153446 0.277351 4.27308 
0.0342593 0.00565824 52.9187 
0.0225078 0.161005 7.31232 
0.0343869 0.00501443 56.3634 
0.0321782 0.0208646 26.3357 
0.0344568 0.00467709 58.4456 
0.0230436 0.151867 7.65661 
0.0100272 0.338227 2.92713 
0.0135007 0.302302 3.75759 
0.0274886 0.0795251 12.021 
0.0159331 0.268755 4.45259 
0.0361232 7.99766e-05 462.179 
0.0325784 0.0172993 29.1839 
0.0325778 0.0173048 29.1788 
0.0104079 0.335184 3.01155 
0.0359468 0.000236759 267.697 
0.0293697 0.0528331 15.4803 
0.0108459 0.331373 3.11034 
0.0323755 0.0190718 27.6686 
0.0344919 0.00451164 59.5511 
0.0361541 6.10594e-05 529.267 
0.0215965 0.176574 6.78043 
0.0233502 0.146655 7.86555 
0.0358028 0.000425213 199.19 
0.0322564 0.020146 26.8487 
0.0289077 0.0590652 14.4718 
0.0343804 0.00504616 56.1784 
0.0361245 7.91776e-05 464.516 
0.0354561 0.00109719 123.152 
0.0258912 0.104443 10.0418 
0.0361758 4.9257e-05 589.521 
0.00865773 0.346858 2.63274 
0.0361838 4.52243e-05 615.34 
0.0111004 0.329015 3.16863 
0.0359921 0.000188661 300.152 
0.0344853 0.00454242 59.3408 
0.0188403 0.22301 5.48273 
0.036158 5.88187e-05 539.295 
0.0358402 0.00037109 213.378 
0.0321966 0.0206946 26.4547 
0.0160562 0.266925 4.49117 
0.013418 0.303341 3.73593 
0.0300969 0.0435216 17.3646 
0.0360501 0.000134981 355.252 
0.0278198 0.0745894 12.5215 
0.035688 0.000613869 165.405 
0.036156 5.99632e-05 534.103 
0.0331925 0.0123965 34.9457 
0.0355021 0.000990649 129.725 
0.0344462 0.00472715 58.1226 
0.0286711 0.0623446 14.0015 
0.0171032 0.250927 4.83564 
0.0357921 0.000441306 195.483 
0.0358787 0.000319161 230.257 
0.0353516 0.00135905 110.423 
0.034453 0.00469486 58.3304 
0.00927538 0.343443 2.76389 
0.0361549 6.05808e-05 531.362 
0.0278485 0.0741649 12.5668 
0.0123043 0.316558 3.45435 
0.0321292 0.021321 26.0234 
0.0343832 0.00503234 56.2587 
0.0299129 0.0458173 16.8481 
0.0238276 0.138573 8.21006 
0.0361061 9.16157e-05 431.679 
0.0352459 0.00165151 99.957 
0.0323424 0.0193681 27.4357 
0.0359626 0.000219399 278.173 
0.0328178 0.0153045 31.193 
0.00933689 0.343058 2.77708 
0.0278417 0.074265 12.556 
0.0359036 0.00028759 242.685 
0.0314802 0.0277325 22.4805 
0.0317429 0.025054 23.7957 
0.0361341 7.30517e-05 483.69 
0.0343687 0.0051041 55.8449 
0.0348968 0.0028092 76.1004 
0.0155485 0.274403 4.33437 
0.00940719 0.342609 2.7922 
0.0301161 0.0432834 17.4205 
0.0275738 0.0782461 12.1463 
0.0346277 0.00389865 64.2423 
0.0361527 6.18443e-05 525.884 
0.0357634 0.000486121 186.149 
0.0361012 9.50465e-05 423.777 
0.0155294 0.274681 4.32857 
0.0150145 0.282048 4.17585 
0.014457 0.289765 4.01676 
0.0245252 0.12686 8.76087 
0.0354017 0.00123023 116.177 
0.035724 0.000550974 174.715 
0.0292368 0.0546024 15.1769 
0.0347101 0.00354737 67.4624 
0.0329328 0.0143839 32.2575 
0.0356755 0.000636415 162.408 
0.0342027 0.00595543 51.5202 
0.0356706 0.00064537 161.262 
0.0157952 0.270793 4.4098 
0.0358853 0.000310622 233.431 
0.00797767 0.349601 2.4908 
0.0223582 0.163559 7.22062 
0.0353605 0.00133576 111.401 
0.0302018 0.042232 17.6727 
0.0298129 0.0470821 16.5795 
0.0325956 0.0171524 29.3198 
0.030764 0.0355695 19.5187 
0.0361394 6.97525e-05 495.048 
0.0358303 0.00038513 209.412 
0.0204203 0.19659 6.17715 
0.0247272 0.123498 8.93202 
0.00723676 0.351215 2.3383 
0.0323982 0.01887 27.8303 
0.00704514 0.351374 2.29911 
0.0356247 0.000732343 151.246 
0.0270108 0.0867969 11.3601 
0.0355894 0.000802808 144.355 
0.0314093 0.0284735 22.1495 
0.0312866 0.0297751 21.5981 
0.0355208 0.000948727 132.609 
0.0359956 0.000185183 302.978 
0.0361228 8.02576e-05 461.365 
0.0337059 0.00885933 41.7985 
0.0144515 0.289839 4.01523 
0.0225138 0.160902 7.31603 
0.0115548 0.324558 3.27443 
0.00774434 0.350273 2.44258 
0.0347145 0.00352891 67.6448 
0.0145354 0.288696 4.03877 
0.0277799 0.0751792 12.4592 
0.0359414 0.000242814 264.311 
0.0361696 5.2481e-05 571.058 
0.0325713 0.0173606 29.1277 
0.036127 7.75327e-05 469.44 
0.0266628 0.0921971 10.9187 
0.0343935 0.00498169 56.5562 
0.0301063 0.0434046 17.392 
0.0109187 0.330709 3.12695 
0.0352498 0.0016401 100.312 
0.0344886 0.00452729 59.4439 
0.0112928 0.327166 3.21315 
0.0337052 0.00886392 41.787 
0.0361678 5.34564e-05 565.805 
0.0253696 0.112907 9.51651 
0.00704716 0.351373 2.29953 
0.0349659 0.00255703 79.8771 
0.029656 0.0490914 16.174 
0.0307278 0.0359848 19.3891 
0.0352391 0.00167105 99.3572 
0.0361132 8.67044e-05 443.798 
0.027372 0.081284 11.8534 
0.0360287 0.00015381 332.659 
0.0194957 0.212142 5.7567 
0.0118067 0.321955 3.33413 
0.034531 0.00433087 60.8305 
0.0129658 0.308885 3.61939 
0.0324961 0.0180099 28.5497 
0.0330605 0.0133905 33.5266 
0.0239252 0.136926 8.28359 
0.0227005 0.157715 7.43325 
0.0359954 0.000185443 302.764 
0.0359963 0.000184516 303.529 
0.0346551 0.0037801 65.2787 
0.0360964 9.85567e-05 416.122 
0.0333939 0.0109461 37.352 
0.00793675 0.349729 2.48233 
0.034456 0.00468073 58.4219 
0.035981 0.000199933 291.505 
0.0357081 0.000578318 170.481 
0.0354059 0.00121956 116.693 
0.0337381 0.00865498 42.3182 
0.0356721 0.000642694 161.602 
0.0357557 0.000498556 183.785 
0.0344731 0.00459984 58.9543 
0.0358769 0.000321542 229.395 
0.0361804 4.69021e-05 604.194 
0.0350245 0.00235178 83.3893 
0.0274404 0.0802507 11.9512 
0.0352922 0.00151985 104.294 
0.0338849 0.00775273 44.853 
0.0320499 0.0220666 25.5339 
0.0353429 0.00138211 109.479 
0.0279269 0.0730117 12.6917 
0.0360939 0.000100318 412.434 
0.0294089 0.0523153 15.572 
0.00869534 0.346675 2.64066 
0.0248521 0.121426 9.0408 
0.0218198 0.17276 6.90502 
0.0352579 0.0016169 101.045 
0.035254 0.00162788 100.696 
0.0322643 0.0200743 26.9014 
0.0348536 0.00297297 73.9093 
0.0358071 0.000418856 200.712 
0.0357553 0.000499128 183.678 
0.0285357 0.0642466 13.745 
0.0237632 0.139659 8.1622 
0.0297454 0.0479426 16.4028 
0.0357465 0.000513552 181.049 
0.0327061 0.0162219 30.2232 
0.03507 0.00219833 86.3303 
0.013688 0.29992 3.8071 
0.0361299 7.5704e-05 475.103 
0.0303053 0.0409726 17.9873 
0.0346444 0.00382633 64.8688 
0.0361506 6.30534e-05 520.796 
0.0166593 0.257798 4.68591 
0.00703164 0.351381 2.29636 
0.0128465 0.310309 3.58915 
0.0179415 0.23764 5.13485 
0.0247897 0.12246 8.9862 
0.0359619 0.000220106 277.722 
0.0109506 0.330416 3.13422 
0.0349467 0.00262607 78.7893 
0.0297277 0.0481698 16.3569 
0.0361089 8.96659e-05 436.371 
0.0275571 0.0784966 12.1215 
0.0280117 0.0717716 12.8293 
0.0352342 0.0016854 98.9236 
0.0361944 4.01283e-05 653.378 
0.00999362 0.338484 2.91973 
0.0355197 0.000951241 132.431 
0.0356942 0.000602783 166.939 
0.0361202 8.19732e-05 456.488 
0.0359419 0.000242303 264.592 
0.0216504 0.175653 6.8102 
0.0191551 0.217808 5.61204 
0.0344486 0.00471567 58.1963 
0.0227439 0.156976 7.46087 
0.0346509 0.00379804 65.1187 
0.035508 0.000977233 130.628 
0.0357422 0.000520648 179.795 
0.00695651 0.351409 2.28101 
0.0355011 0.000992743 129.585 
0.0352534 0.00162959 100.642 
0.0348473 0.002997 73.6029 
0.0361047 9.25911e-05 429.388 
0.0163677 0.262242 4.59056 
0.0347875 0.00323139 70.7965 
0.0357058 0.000582463 169.865 
0.00690228 0.351418 2.26994 
0.0360572 0.000129059 363.362 
0.033392 0.0109595 37.3276 
0.0360428 0.000141242 347.24 
0.0192679 0.215936 5.65939 
0.03612 8.21334e-05 456.041 
0.0356226 0.0007363 150.833 
0.0335884 0.00962203 40.0067 
0.035988 0.000192861 296.841 
0.0153708 0.276973 4.28092 
0.0296681 0.0489355 16.2046 
0.0319557 0.0229668 24.9748 
0.0335085 0.0101563 38.8734 
0.0360979 9.74174e-05 418.561 
0.0301844 0.0424442 17.621 
0.0360751 0.000114557 385.81 
0.0360856 0.00010649 400.239 
0.0277444 0.0757051 12.4042 
0.0285704 0.0637575 13.8099 
0.0205761 0.193949 6.25237 
0.0299413 0.0454596 16.926 
0.0316138 0.0263563 23.1314 
0.0200426 0.202968 6.00026 
0.0346175 0.00394306 63.8661 
0.0357041 0.000585365 169.438 
0.034982 0.00249979 80.8129 
0.0360302 0.000152427 334.175 
0.0305776 0.0377306 18.8673 
0.0133495 0.304195 3.71808 
0.0335133 0.0101239 38.9395 
0.0361672 5.37477e-05 564.263 
0.00938024 0.342782 2.7864 
0.034375 0.00507283 56.0242 
0.0228832 0.154601 7.55081 
0.0361836 4.52997e-05 614.826 
0.0304637 0.0390751 18.4893 
0.031427 0.0282881 22.2311 
0.0356912 0.000608194 166.185 
0.0298593 0.0464937 16.7031 
0.00985024 0.339553 2.8883 
0.0356702 0.000646069 161.174 
0.0332509 0.0119678 35.6114 
0.0135218 0.302035 3.76315 
0.0339755 0.0072178 46.5749 
0.0360632 0.0001241 370.594 
0.0176978 0.241542 5.04552 
0.0348022 0.00317287 71.468 
0.0257689 0.106416 9.91413 
0.0303233 0.0407561 18.0428 
0.0354876 0.00102351 127.588 
0.00961071 0.341253 2.83616 
0.0360798 0.00011095 392.068 
0.0360705 0.000118232 379.734 
0.0134216 0.303295 3.73689 
0.0348881 0.00284172 75.6503 
0.0355046 0.000984959 130.105 
0.0337935 0.00830926 43.2407 
0.0301282 0.0431352 17.4555 
0.035754 0.000501221 183.29 
0.0349518 0.00260753 79.0772 
0.0249318 0.120106 9.1114 
0.0158698 0.269693 4.43287 
0.0211198 0.184706 6.5257 
0.0333298 0.0113989 36.5519 
0.0358438 0.000366017 214.867 
0.0343621 0.00513644 55.6612 
0.036116 8.47955e-05 448.79 
0.021898 0.171424 6.94952 
0.0298933 0.0460633 16.795 
0.0361334 7.34819e-05 482.266 
0.0225644 0.160037 7.34754 
0.0344921 0.00451059 59.5583 
0.0208322 0.189601 6.37894 
0.025761 0.106544 9.90597 
0.0247235 0.123559 8.9289 
0.0315458 0.0270533 22.7956 
0.0359396 0.000244899 263.174 
0.0317628 0.0248556 23.9013 
0.0324243 0.0186388 28.0188 
0.0316017 0.0264797 23.071 
0.034591 0.00406018 62.9036 
0.0359564 0.000226169 273.944 
0.0338071 0.00822533 43.4733 
0.0276524 0.0770727 12.2639 
0.0324272 0.0186132 28.04 
0.0344405 0.00475481 57.9463 
0.0123557 0.315981 3.46696 
0.00852574 0.347478 2.60501 
0.0342447 0.00573409 52.5515 
0.0357736 0.000470021 189.348 
0.0361338 7.31883e-05 483.236 
0.0361012 9.50851e-05 423.69 
0.0217125 0.174592 6.84475 
0.0359273 0.000259113 255.792 
0.0283015 0.0675785 13.3212 
0.0351967 0.00179677 95.7362 
0.0361062 9.15008e-05 431.952 
0.034394 0.00497938 56.5699 
0.0332075 0.0122859 35.1141 
0.0337688 0.00846259 42.8246 
0.0360606 0.000126188 367.496 
0.0300363 0.0442718 17.1914 
0.0339074 0.00761786 45.27 
0.0257153 0.107282 9.85914 
0.0337153 0.00879955 41.9486 
0.0348858 0.00285034 75.5323 
0.0359858 0.000195097 295.123 
0.0336983 0.00890783 41.6777 
0.0353301 0.00141638 108.118 
0.0361389 7.00203e-05 494.096 
0.0319085 0.023423 24.7038 
0.0324818 0.018134 28.4428 
0.0356812 0.000626089 163.761 
0.0361945 4.00887e-05 653.702 
0.0361336 7.33639e-05 482.655 
0.0108343 0.331479 3.10769 
0.0338226 0.00813035 43.7409 
0.0219071 0.171267 6.95475 
0.03481 0.00314208 71.8288 
0.0331806 0.0124846 34.8131 
0.0279376 0.0728553 12.7088 
0.0354145 0.00119826 117.747 
0.034283 0.00553605 53.5261 
0.028449 0.0654733 13.5853 
0.0152516 0.278682 4.24546 
0.0353491 0.0013657 110.148 
0.00880448 0.346123 2.66369 
0.0342576 0.00566718 52.875 
0.0337512 0.00857284 42.5323 
0.0115029 0.325083 3.26223 
0.0361717 5.13487e-05 577.344 
0.0206655 0.192433 6.29611 
0.0229076 0.154184 7.5668 
0.025777 0.106286 9.92246 
0.0355554 0.000873689 138.282 
0.0159014 0.269225 4.44271 
0.0355512 0.000882652 137.566 
0.0173177 0.247564 4.91008 
0.00806755 0.349304 2.50944 
0.0223464 0.163761 7.21343 
0.0362021 3.6605e-05 684.203 
0.0354563 0.00109673 123.179 
0.0109347 0.330562 3.13059 
0.0339835 0.00717149 46.7329 
0.0347961 0.00319717 71.187 
0.0360629 0.000124331 370.248 
0.0358437 0.00036624 214.801 
0.0342174 0.00587733 51.8775 
0.0254557 0.111501 9.59989 
0.0344454 0.00473128 58.0962 
0.0317655 0.0248289 23.9157 
0.00927594 0.343439 2.76401 
0.0165217 0.259902 4.64063 
0.0318193 0.0242965 24.2061 
0.0357035 0.000586356 169.293 
0.0361788 4.76852e-05 599.195 
0.035873 0.000326621 227.587 
0.031696 0.0255237 23.5502 
0.0360287 0.000153786 332.686 
0.0313126 0.0294972 21.7128 
0.0338488 0.00797059 44.2018 
0.00954018 0.341732 2.82089 
0.0360956 9.90787e-05 415.019 
0.0361466 6.53766e-05 511.42 
0.0360937 0.000100482 412.096 
0.0307268 0.0359963 19.3855 
0.0266005 0.0931716 10.843 
0.0323265 0.0195106 27.3256 
0.0322355 0.0203371 26.7096 
0.0360549 0.000130921 360.753 
0.0356686 0.00064908 160.794 
0.0350406 0.00229686 84.4079 
0.0361818 4.62171e-05 608.671 
0.0183741 0.230644 5.29851 
0.0282761 0.0679427 13.2767 
0.0325256 0.017754 28.7737 
0.0332508 0.0119687 35.61 
0.0361903 4.20536e-05 638.196 
0.0334441 0.0105967 38.0041 
0.0326727 0.0165012 29.9441 
0.0238274 0.138575 8.20996 
0.0329078 0.0145817 32.0203 
0.0356651 0.000655533 159.99 
0.0333647 0.0111513 36.9834 
0.035383 0.00127758 113.961 
0.0361037 9.33123e-05 427.717 
0.0330354 0.0135831 33.2698 
0.0197195 0.208398 5.85462 
0.0230214 0.152246 7.64181 
0.022869 0.154842 7.5416 
0.0337067 0.00885417 41.8114 
0.0262645 0.0984739 10.4498 
0.0360672 0.00012083 375.604 
0.0360381 0.000145401 342.206 
0.0357926 0.000440573 195.647 
0.0351289 0.00200675 90.4652 
0.00987011 0.339407 2.89265 
0.0356474 0.000688677 156.038 
0.0116859 0.323215 3.30541 
0.0277712 0.0753069 12.4458 
0.0201159 0.201734 6.03397 
0.0349875 0.00248041 81.1371 
0.0349283 0.00269273 77.7788 
0.0091333 0.344301 2.73351 
0.0288923 0.0592765 14.4404 
0.034196 0.00599094 51.3601 
0.0321338 0.021278 26.0524 
0.0354398 0.0011363 120.975 
0.0352456 0.00165228 99.9331 
0.0357231 0.000552542 174.464 
0.0135098 0.302186 3.76001 
0.0180914 0.235226 5.19079 
0.0317855 0.0246308 24.0227 
0.0360561 0.000129927 362.138 
0.0305185 0.0384254 18.6695 
0.0324985 0.017989 28.5679 
0.0296578 0.0490684 16.1785 
0.0259132 0.104089 10.0651 
0.0264927 0.094866 10.7139 
0.0335808 0.00967218 39.8963 
0.0355451 0.000895573 136.554 
0.0357892 0.000445783 194.488 
0.00780934 0.3501 2.45599 
0.0249495 0.119815 9.12713 
0.0359616 0.000220437 277.511 
0.03614 6.93697e-05 496.418 
0.0362008 3.71824e-05 678.853 
0.0120357 0.319514 3.38905 
0.0350563 0.00224388 85.4258 
0.0287653 0.0610328 14.1852 
0.035072 0.00219177 86.4628 
0.0344585 0.00466906 58.4979 
0.0303948 0.0398969 18.2676 
0.0355111 0.000970272 131.104 
0.0345345 0.00431486 60.9477 
0.0272843 0.0826129 11.7302 
0.0361958 3.94646e-05 658.869 
0.0315152 0.027369 22.6476 
0.0342904 0.00549795 53.7196 
0.0254525 0.111552 9.5968 
0.0308761 0.0342923 19.9319 
0.0359779 0.000203216 289.123 
0.00887447 0.345755 2.67849 
0.0325744 0.0173336 29.1524 
0.0360653 0.000122378 373.207 
0.023408 0.145674 7.906 
0.0278744 0.0737836 12.6078 
0.0361861 4.4092e-05 623.218 
0.0235535 0.143208 8.00929 
0.036105 9.23465e-05 429.959 
0.0356679 0.000650376 160.632 
0.0359798 0.000201226 290.56 
0.034435 0.00478092 57.7813 
0.0352497 0.0016403 100.306 
0.0360375 0.00014587 341.652 
0.0354796 0.00104199 126.432 
0.031311 0.0295145 21.7056 
0.0361946 4.00085e-05 654.359 
0.0357516 0.000505146 182.568 
0.036123 8.01362e-05 461.716 
0.013818 0.298245 3.84181 
0.0243894 0.12913 8.64882 
0.0218982 0.171419 6.94966 
0.0226387 0.15877 7.3941 
0.0349779 0.00251414 80.5754 
0.0354072 0.0012164 116.848 
0.0347222 0.00349676 67.966 
0.0327853 0.0155686 30.9051 
0.0313426 0.029178 21.8465 
0.0142957 0.291944 3.97189 
0.0359677 0.000213924 281.738 
0.0245771 0.125995 8.80433 
0.0327514 0.0158471 30.6093 
0.0291315 0.0560181 14.9444 
0.0360951 9.94405e-05 414.259 
0.0345786 0.00411556 62.463 
0.0250086 0.118837 9.1803 
0.0353016 0.00149394 105.214 
0.0354859 0.00102755 127.333 
0.0103211 0.335901 2.99218 
0.0337728 0.00843747 42.892 
0.0137424 0.299222 3.82158 
0.0337982 0.00828004 43.3213 
0.0275354 0.078822 12.0895 
0.0296917 0.0486321 16.2645 
0.0343606 0.00514406 55.6182 
0.0251762 0.116077 9.3338 
0.02917 0.0554984 15.0287 
0.0352778 0.00156031 102.903 
0.0184401 0.229568 5.3241 
0.034161 0.00617854 50.5372 
0.0361757 4.92595e-05 589.506 
0.0348186 0.00310834 72.2303 
0.0303127 0.040884 18.01 
0.0175827 0.243374 5.004 
0.0136043 0.300989 3.78491 
0.0228493 0.155178 7.52878 
0.0186577 0.22601 5.40958 
0.0324697 0.0182396 28.3526 
0.0347388 0.00342861 68.6614 
0.0346307 0.00388554 64.3546 
0.0288869 0.0593521 14.4292 
0.0361347 7.26703e-05 484.963 
0.0362001 3.75007e-05 675.957 
0.0165556 0.259385 4.65174 
0.0352558 0.00162287 100.855 
0.0343976 0.00496167 56.675 
0.0289548 0.0584197 14.5689 
0.00928264 0.343398 2.76544 
0.0104524 0.334811 3.02151 
0.0323736 0.019089 27.6549 
0.0360916 0.000102038 408.924 
0.0204756 0.195654 6.20367 
0.0347825 0.0032513 70.5722 
0.0355821 0.000817708 143.013 
0.0116211 0.323881 3.29008 
0.0308556 0.0345249 19.8549 
0.031122 0.0315566 20.8988 
0.0281713 0.0694519 13.0961 
0.0353676 0.00131726 112.197 
0.0358126 0.000410733 202.709 
0.0357913 0.000442657 195.181 
0.0301776 0.0425283 17.6007 
0.0298376 0.0467688 16.645 
0.0336412 0.00927577 40.7928 
0.0361806 4.68151e-05 604.757 
0.0203696 0.197448 6.15294 
0.0170668 0.251495 4.82316 
0.0207082 0.191707 6.31719 
0.0360041 0.00017685 310.085 
0.0323702 0.019119 27.6312 
0.0358913 0.000302987 236.381 
0.0361332 7.3589e-05 481.913 
0.0360557 0.000130276 361.65 
0.0184352 0.229648 5.3222 
0.0361862 4.40117e-05 623.789 
0.0159179 0.268981 4.44784 
0.0352921 0.00152034 104.277 
0.0292086 0.0549804 15.114 
0.0327358 0.0159762 30.4748 
0.0286193 0.0630704 13.9023 
0.032982 0.0139975 32.7351 
0.0355024 0.000989777 129.783 
0.022409 0.162692 7.25152 
0.0359338 0.000251569 259.632 
0.0316189 0.0263049 23.1567 
0.0358314 0.000383502 209.86 
0.0355111 0.000970215 131.107 
0.0354603 0.00108731 123.721 
0.03508 0.00216499 87.0102 
0.036181 4.6585e-05 606.254 
0.0358071 0.000418844 200.715 
0.0322198 0.0204816 26.6058 
0.00951553 0.341897 2.81556 
0.0355768 0.000828746 142.042 
0.0348807 0.00286983 75.2674 
0.0358 0.000429384 198.209 
0.0332706 0.0118245 35.8418 
0.0122275 0.317412 3.43559 
0.0352048 0.00177235 96.4094 
0.0361696 5.24552e-05 571.2 
0.0252673 0.114582 9.41907 
0.0354661 0.00107362 124.522 
0.0110903 0.329111 3.1663 
0.0347944 0.00320384 71.1103 
0.0278158 0.0746477 12.5153 
0.0202341 0.199738 6.08901 
0.0358258 0.000391449 207.697 
0.0344583 0.00466966 58.494 
0.0152352 0.278918 4.24059 
0.0348387 0.00303008 73.1873 
0.0279529 0.0726312 12.7335 
0.0244719 0.127751 8.71658 
0.0313718 0.0288689 21.9781 
0.0290003 0.0577974 14.664 
0.02176 0.173782 6.8713 
0.0358744 0.000324781 228.237 
0.035786 0.00045069 193.414 
0.0277005 0.0763567 12.3369 
0.0330093 0.0137847 33.0068 
0.0356507 0.000682375 156.767 
0.0305338 0.0382452 18.7203 
0.0361483 6.44257e-05 515.196 
0.0349391 0.00265343 78.37 
0.00902286 0.344939 2.70998 
0.0354756 0.00105132 125.86 
0.0225678 0.159981 7.34961 
0.0224442 0.162091 7.27307 
0.0142812 0.292138 3.96789 
0.0361803 4.69376e-05 603.965 
0.0358917 0.000302451 236.593 
0.0152745 0.278355 4.25224 
0.0328958 0.0146771 31.9077 
0.0317996 0.024491 24.099 
0.0248809 0.12095 9.06614 
0.016938 0.253498 4.77927 
0.0359312 0.000254629 258.054 
0.0327727 0.0156723 30.794 
0.024222 0.131935 8.51402 
0.032265 0.0200675 26.9064 
0.0100351 0.338167 2.92886 
0.0184911 0.228737 5.34394 
0.0355797 0.000822729 142.569 
0.0156967 0.272241 4.3795 
0.0322465 0.0202366 26.7825 
0.0359237 0.000263372 253.698 
0.0355205 0.000949421 132.56 
0.0361715 5.14734e-05 576.642 
0.0347359 0.00344025 68.5412 
0.00871449 0.34658 2.6447 
0.0347313 0.00345914 68.3473 
0.0244745 0.127707 8.71875 
0.0361097 8.9125e-05 437.7 
0.0293541 0.0530404 15.444 
0.0348316 0.00305758 72.8468 
0.0362526 1.76172e-05 987.212 
0.0362378 2.24524e-05 874.226 
0.0265401 0.0941199 10.7703 
0.0354789 0.00104357 126.335 
0.0354055 0.00122053 116.647 
0.0362185 2.97006e-05 759.819 
0.00693916 0.351413 2.27747 
0.0355676 0.000847909 140.402 
0.0362806 1.00151e-05 1310.05 
0.0362147 3.12288e-05 740.941 
0.0289366 0.0586692 14.5312 
0.0349993 0.00243901 81.8425 
0.0360818 0.00010944 394.778 
0.0141805 0.293484 3.94014 
0.0360308 0.000151842 334.822 
0.035953 0.000229866 271.715 
0.0218995 0.171397 6.95039 
0.0259481 0.103529 10.1021 
0.0324256 0.0186278 28.0279 
0.0323499 0.0193007 27.4882 
0.0360014 0.000179499 307.772 
0.0337017 0.00888587 41.7323 
0.0275597 0.0784569 12.1255 
0.0153324 0.277525 4.26945 
0.0311494 0.0312574 21.0121 
0.00924889 0.343606 2.75821 
0.0240621 0.13462 8.38858 
0.0336534 0.00919647 40.979 
0.0356192 0.000743087 150.132 
0.0362808 9.98529e-06 1312 
0.0286913 0.0620617 14.0406 
0.0349567 0.00258987 79.3543 
0.0361788 4.77137e-05 599.015 
0.0250631 0.117939 9.2297 
0.0351396 0.00197287 91.2585 
0.0173535 0.247 4.92265 
0.0334694 0.010423 38.3404 
0.0357006 0.000591535 168.54 
0.0336496 0.00922096 40.9213 
0.0222523 0.165369 7.15676 
0.0358153 0.000406778 203.703 
0.0361948 3.99277e-05 655.023 
0.0167298 0.256714 4.70933 
0.00983788 0.339644 2.8856 
0.0355676 0.000847909 140.402 
0.0354931 0.00101092 128.394 
0.0214363 0.17931 6.69314 
0.0339299 0.00748493 45.692 
0.0362287 2.57546e-05 816.115 
0.0338089 0.00821443 43.5038 
0.0332097 0.0122694 35.1394 
0.0359011 0.000290722 241.363 
0.034978 0.00251401 80.5775 
0.035003 0.00242626 82.0633 
0.0332518 0.0119615 35.6213 
0.036093 0.000100981 411.07 
0.0362665 1.35701e-05 1125.14 
0.0201353 0.201406 6.04296 
0.0336614 0.00914466 41.102 
0.0311494 0.0312574 21.0121 
0.0292201 0.0548259 15.1396 
0.0265401 0.0941199 10.7703 
0.0321471 0.0211536 26.1367 
0.0348374 0.0030354 73.121 
0.0323632 0.0191816 27.5817 
0.0357205 0.000556967 173.76 
0.0321313 0.0213013 26.0366 
0.0361537 6.12561e-05 528.413 
0.0148164 0.284822 4.11859 
0.0140224 0.295577 3.89697 
0.0351413 0.00196758 91.384 
0.0208806 0.188778 6.40329 
0.0322738 0.0199877 26.9654 
0.0118121 0.321899 3.33541 
0.0285286 0.0643464 13.7318 
0.0361839 4.51357e-05 615.946 
0.0330788 0.0132508 33.7164 
0.0351507 0.00193818 92.0919 
0.00983788 0.339644 2.8856 
0.0322738 0.0199877 26.9654 
0.035943 0.000241041 265.289 
0.0362683 1.31023e-05 1145.08 
0.0216444 0.175757 6.80686 
0.031476 0.0277761 22.4606 
0.0182029 0.233423 5.23294 
0.0362346 2.35912e-05 852.812 
0.0330446 0.0135126 33.3632 
0.0102502 0.336476 2.97641 
0.0201467 0.201214 6.04825 
0.0208702 0.188956 6.39801 
0.0106787 0.332866 3.0724 
0.0351638 0.00189744 93.0999 
0.0360527 0.00013279 358.19 
0.0355126 0.000966847 131.34 
0.034974 0.00252822 80.3441 
0.0349567 0.00258987 79.3543 
0.0354993 0.000996865 129.313 
0.011774 0.322298 3.32634 
0.0360615 0.000125529 368.466 
0.0168034 0.255581 4.7339 
0.0362808 9.98529e-06 1312 
0.0342984 0.00545681 53.9308 
0.036067 0.000120991 375.354 
0.0361441 6.68666e-05 505.665 
0.028352 0.0668555 13.4105 
0.0171434 0.250299 4.84948 
0.0355108 0.000971068 131.049 
0.0260077 0.102573 10.166 
0.0352792 0.00155629 103.039 
0.036143 6.75487e-05 503.094 
0.0204639 0.195851 6.19806 
0.0223328 0.163993 7.20521 
0.0186805 0.225637 5.41863 
0.0359923 0.00018852 300.265 
0.0331822 0.0124731 34.8303 
0.0357967 0.000434373 197.054 
0.019944 0.204627 5.95529 
0.0241198 0.13365 8.4335 
0.0229932 0.152725 7.62314 
0.0362711 1.23529e-05 1179.37 
0.0102654 0.336354 2.97979 
0.0360304 0.000152205 334.42 
0.0362532 1.74191e-05 992.822 
0.0257469 0.106772 9.89146 
0.0361839 4.51357e-05 615.946 
0.034598 0.0040292 63.1541 
0.0351598 0.0019098 92.7907 
0.0260077 0.102573 10.166 
0.0347184 0.00351261 67.807 
0.0311494 0.0312574 21.0121 
0.0349443 0.00263466 78.6569 
0.0308421 0.0346775 19.8049 
0.0327293 0.0160295 30.4197 
0.0305772 0.0377348 18.8661 
0.0184709 0.229065 5.3361 
0.0304058 0.0397646 18.3028 
0.0362561 1.65416e-05 1018.87 
0.0360527 0.00013279 358.19 
0.0292732 0.0541157 15.259 
0.0362561 1.65422e-05 1018.85 
0.020267 0.199182 6.10446 
0.0235075 0.143986 7.97642 
0.0281286 0.0700706 13.0237 
0.0360818 0.00010944 394.778 
0.0327293 0.0160295 30.4197 
0.0116297 0.323794 3.2921 
0.0360474 0.000137331 352.181 
0.0346661 0.00373286 65.7055 
0.0236111 0.142232 8.05081 
0.0355064 0.000980863 130.382 
0.0102502 0.336476 2.97641 
0.0353302 0.00141601 108.133 
0.0341903 0.00602129 51.2244 
0.0139108 0.297039 3.86677 
0.0355992 0.000782961 146.201 
0.0273982 0.0808866 11.8908 
0.0102502 0.336476 2.97641 
0.0309806 0.0331192 20.332 
0.0360361 0.000147136 340.169 
0.015487 0.275295 4.3158 
0.0360176 0.000163947 322.141 
0.0355131 0.000965814 131.411 
0.0356701 0.000646217 161.155 
0.032739 0.0159492 30.5028 
0.0362683 1.31023e-05 1145.08 
0.0129123 0.309527 3.60579 
0.036114 8.61555e-05 445.217 
0.0203635 0.197551 6.15006 
0.0198569 0.206092 5.91593 
0.035885 0.000310985 233.293 
0.0285286 0.0643464 13.7318 
0.0216444 0.175757 6.80686 
0.0355688 0.00084536 140.617 
0.0350385 0.00230418 84.2702 
0.0309806 0.0331192 20.332 
0.0326733 0.0164958 29.9494 
0.0358703 0.000330229 226.328 
0.0249293 0.120148 9.10915 
0.0108067 0.331728 3.10141 
0.032131 0.0213035 26.0351 
0.0251467 0.116562 9.30649 
0.0361701 5.22105e-05 572.542 
0.0348104 0.00314072 71.8449 
0.0336075 0.00949585 40.2882 
0.036182 4.60808e-05 609.574 
0.0362553 1.67887e-05 1011.33 
0.0361839 4.51357e-05 615.946 
0.0343003 0.00544715 53.9807 
0.0070307 0.351381 2.29616 
0.028352 0.0668555 13.4105 
0.0361818 4.61975e-05 608.801 
0.0359321 0.000253515 258.625 
0.0362167 3.04238e-05 750.708 
0.0361858 4.42345e-05 622.21 
0.0346661 0.00373286 65.7055 
0.0148873 0.283833 4.13898 
0.0356565 0.000671602 158.037 
0.0344573 0.00467456 58.4621 
0.0362302 2.52004e-05 825.064 
0.036094 0.000100271 412.532 
0.028125 0.0701231 13.0176 
0.0105158 0.334275 3.0357 
0.0275726 0.0782643 12.1445 
0.0151885 0.279584 4.22679 
0.030189 0.0423885 17.6346 
0.0218995 0.171397 6.95039 
0.0356348 0.000712783 153.338 
0.0361646 5.51879e-05 556.823 
0.0214109 0.179743 6.67948 
0.0360653 0.000122379 373.206 
0.0188193 0.223356 5.47425 
0.0353598 0.00133744 111.33 
0.0358152 0.000406825 203.691 
0.0355894 0.000802829 144.353 
0.0360906 0.000102796 407.406 
0.0328058 0.015402 31.0858 
0.0222523 0.165369 7.15676 
0.0340156 0.00698713 47.3776 
0.022034 0.169098 7.02798 
0.0360016 0.000179267 307.973 
0.0187644 0.22426 5.45215 
0.0362019 3.66885e-05 683.422 
0.0352177 0.00173402 97.4945 
0.03183 0.0241903 24.2652 
0.0330827 0.0132212 33.757 
0.0220022 0.169643 7.00946 
0.0309477 0.0334874 20.2042 
0.00875452 0.346379 2.65314 
0.036104 9.3085e-05 428.242 
0.0361378 7.07218e-05 491.629 
0.0338927 0.00770578 44.9969 
0.0326439 0.016743 29.7081 
0.034087 0.00658437 48.8788 
0.0357397 0.000524678 179.095 
0.035842 0.000368547 214.121 
0.0316501 0.0259872 23.3146 
0.036069 0.000119432 377.81 
0.0311494 0.0312574 21.0121 
0.0360952 9.93659e-05 414.416 
0.0351396 0.00197287 91.2585 
0.0362068 3.4546e-05 704.363 
0.0361646 5.51879e-05 556.823 
0.0362717 1.21926e-05 1187.11 
0.0359591 0.000223179 275.788 
0.0348741 0.00289473 74.933 
0.0341096 0.00645926 49.3733 
0.0360635 0.00012389 370.909 
0.0330788 0.0132508 33.7164 
0.0142136 0.293043 3.94923 
0.0249585 0.119665 9.13522 
0.0362806 1.00151e-05 1310.05 
0.0241018 0.133952 8.41946 
0.0361802 4.70192e-05 603.438 
0.0360175 0.000164088 322.002 
0.00853061 0.347456 2.60603 
0.0311556 0.0311898 21.0379 
0.036091 0.00010247 408.057 
0.0285352 0.0642532 13.7441 
0.0128664 0.310074 3.59417 
0.0360653 0.000122379 373.206 
0.0355447 0.000896496 136.483 
0.0361858 4.42345e-05 622.21 
0.0275597 0.0784569 12.1255 
0.0360955 9.91525e-05 414.864 
0.0144679 0.289616 4.01983 
0.0253835 0.11268 9.5299 
0.0360744 0.000115141 384.825 
0.0361735 5.04075e-05 582.73 
0.0361802 4.70192e-05 603.438 
0.0361405 6.90591e-05 497.538 
0.0359089 0.000281126 245.485 
0.0151885 0.279584 4.22679 
0.0342119 0.00590633 51.744 
0.0340708 0.00667467 48.5304 
0.0351044 0.00208553 88.6959 
0.0335656 0.00977295 39.6772 
0.0361929 4.08288e-05 647.731 
0.0332187 0.0122035 35.241 
0.0338697 0.00784414 44.5764 
0.0347655 0.00331957 69.8184 
0.0318937 0.0235671 24.6198 
0.0362163 3.05837e-05 748.737 
0.0353302 0.00141601 108.133 
0.0362793 1.0326e-05 1290.14 
0.0361258 7.8334e-05 467.022 
0.0361479 6.46418e-05 514.331 
0.0333934 0.0109498 37.3453 
0.00961755 0.341206 2.83764 
0.0339677 0.00726363 46.42 
0.00965064 0.340977 2.84482 
0.0338556 0.00792903 44.3239 
0.0311494 0.0312574 21.0121 
0.0351225 0.0020273 89.9938 
0.0249564 0.1197 9.13336 
0.0222523 0.165369 7.15676 
0.0350012 0.00243233 81.9581 
0.0142136 0.293043 3.94923 
0.0361405 6.90591e-05 497.538 
0.0362302 2.52004e-05 825.064 
0.0326733 0.0164958 29.9494 
0.0360019 0.000178992 308.211 
0.0344627 0.004649 58.6291 
0.0126263 0.312891 3.53391 
0.0339664 0.00727095 46.3954 
0.0330827 0.0132212 33.757 
0.03627 1.2649e-05 1165.46 
0.0356565 0.000671602 158.037 
0.0358752 0.000323761 228.6 
0.032133 0.0212854 26.0473 
0.0361948 3.99277e-05 655.023 
0.0129123 0.309527 3.60579 
0.0360921 0.000101697 409.613 
0.0357842 0.000453463 192.815 
0.0361637 5.56428e-05 554.533 
0.0213084 0.181491 6.62471 
0.00871449 0.34658 2.6447 
0.0214109 0.179743 6.67948 
0.0359089 0.000281126 245.485 
0.032595 0.017158 29.3146 
0.0347805 0.00325937 70.4819 
0.0306657 0.0367023 19.1702 
0.0352461 0.0016507 99.9818 
0.0359325 0.00025313 258.823 
0.0355858 0.000810141 143.69 
0.036238 2.23924e-05 875.4 
0.0279091 0.0732734 12.6631 
0.035842 0.000368547 214.121 
0.0349303 0.00268556 77.8857 
0.0289366 0.0586692 14.5312 
0.0354129 0.00120212 117.554 
0.0141079 0.294449 3.92025 
0.0320628 0.0219448 25.6122 
0.0333687 0.0111232 37.0333 
0.023817 0.138751 8.20215 
0.0126263 0.312891 3.53391 
0.0200432 0.202958 6.00053 
0.0359019 0.000289801 241.749 
0.0355282 0.000932455 133.781 
0.0348693 0.00291297 74.6906 
0.0334344 0.0106639 37.8761 
0.0292201 0.0548259 15.1396 
0.0356412 0.000700388 154.709 
0.0358236 0.000394612 206.854 
0.0361646 5.51879e-05 556.823 
0.0233784 0.146177 7.88523 
0.0362733 1.17972e-05 1206.88 
0.0358826 0.000314107 232.12 
0.0351847 0.00183328 94.7552 
0.0359029 0.000288526 242.288 
0.0201467 0.201214 6.04825 
0.0358072 0.000418603 200.774 
0.0272423 0.0832521 11.6719 
0.0358212 0.000398107 205.934 
0.0353897 0.00126033 114.754 
0.0359934 0.000187353 301.205 
0.0362806 1.00151e-05 1310.05 
0.0360069 0.000174162 312.486 
0.0355965 0.000788345 145.694 
0.0149592 0.282826 4.15977 
0.0362158 3.07739e-05 746.413 
0.0332097 0.0122694 35.1394 
0.034978 0.00251401 80.5775 
0.036263 1.45492e-05 1086.54 
0.0347093 0.00355038 67.4328 
0.0354788 0.00104399 126.308 
0.0313214 0.0294033 21.7519 
0.0357764 0.000465544 190.267 
0.0170898 0.251136 4.83104 
0.0361097 8.9125e-05 437.7 
0.0119658 0.320266 3.37223 
0.0355632 0.000857083 139.637 
0.0203635 0.197551 6.15006 
0.0359029 0.000288526 242.288 
0.0253004 0.114039 9.45048 
0.0332097 0.0122694 35.1394 
0.0304215 0.0395773 18.353 
0.0145957 0.287872 4.05576 
0.0358825 0.000314194 232.087 
0.0362378 2.24524e-05 874.226 
0.0356572 0.000670133 158.213 
0.0141079 0.294449 3.92025 
0.0356461 0.000691096 155.76 
0.0348374 0.0030354 73.121 
0.0362431 2.06477e-05 911.725 
0.0355282 0.000932455 133.781 
0.0323222 0.0195493 27.2958 
0.0354069 0.00121713 116.813 
0.0358629 0.000340013 223.016 
0.022034 0.169098 7.02798 
0.0362734 1.17772e-05 1207.9 
0.00853061 0.347456 2.60603 
0.0352792 0.00155629 103.039 
0.0344036 0.00493253 56.8493 
0.0337017 0.00888587 41.7323 
0.0116297 0.323794 3.2921 
0.0359072 0.00028317 244.589 
0.030838 0.034725 19.7894 
0.0346776 0.00368392 66.1561 
0.0357722 0.000472204 188.905 
0.0361458 6.58846e-05 509.436 
0.0360818 0.00010944 394.778 
0.0119658 0.320266 3.37223 
0.0200432 0.202958 6.00053 
0.0361378 7.07218e-05 491.629 
0.035338 0.00139512 108.956 
0.00752411 0.350771 2.39724 
0.0340667 0.00669748 48.4436 
0.0360267 0.000155568 330.762 
0.036143 6.75487e-05 503.094 
0.0320747 0.0218325 25.6849 
0.0358542 0.000351818 219.205 
0.0353535 0.00135403 110.631 
0.0311556 0.0311898 21.0379 
0.0361841 4.50662e-05 616.422 
0.0358867 0.000308854 234.104 
0.031273 0.02992 21.5389 
0.0350863 0.00214443 87.4374 
0.00693916 0.351413 2.27747 
0.0358152 0.000406825 203.691 
0.0335555 0.00984055 39.532 
0.0354777 0.00104648 126.155 
0.0362408 2.14225e-05 895.046 
0.0241386 0.133334 8.44822 
0.0222807 0.164884 7.17378 
0.0327128 0.0161667 30.2793 
0.0353206 0.00144195 107.135 
0.0308047 0.0351037 19.6668 
0.016163 0.265326 4.52499 
0.0347288 0.00346953 68.2413 
0.0353807 0.00128336 113.699 
0.0301671 0.0426568 17.5697 
0.0325629 0.0174322 29.0624 
0.0341903 0.00602129 51.2244 
0.0153704 0.276978 4.2808 
0.0359029 0.000288526 242.288 
0.0111675 0.328377 3.18411 
0.03614 6.93717e-05 496.411 
0.0351196 0.00203637 89.788 
0.0238547 0.138115 8.23037 
0.0362019 3.66885e-05 683.422 
0.0358542 0.000351818 219.205 
0.0249748 0.119396 9.14985 
0.0355998 0.000781572 146.333 
0.0324256 0.0186278 28.0279 
0.0345601 0.00419846 61.8196 
0.010057 0.337999 2.93369 
0.0355994 0.000782532 146.242 
0.0322441 0.0202582 26.7668 
0.0347558 0.00335911 69.3923 
0.0362324 2.44062e-05 838.416 
0.0357596 0.000492186 184.985 
0.0323632 0.0191816 27.5817 
0.0222598 0.165241 7.16125 
0.0331348 0.012827 34.3109 
0.0341769 0.00609296 50.9079 
0.0337017 0.00888587 41.7323 
0.0256386 0.108525 9.78129 
0.0347805 0.00325937 70.4819 
0.0323039 0.0197144 27.1701 
0.0299694 0.0451072 17.0037 
0.0362101 3.31374e-05 719.223 
0.0275597 0.0784569 12.1255 
0.0361097 8.9125e-05 437.7 
0.0346385 0.00385149 64.6489 
0.00751934 0.350781 2.39626 
0.0213084 0.181491 6.62471 
0.0131615 0.306515 3.66942 
0.0352947 0.00151295 104.537 
0.0344627 0.004649 58.6291 
0.0356192 0.000743087 150.132 
0.0168731 0.254504 4.75732 
0.034978 0.00251401 80.5775 
0.0356899 0.000610401 165.88 
0.0361595 5.79641e-05 543.272 
0.0357351 0.000532325 177.788 
0.00922448 0.343755 2.75299 
0.00994714 0.338835 2.90953 
0.0362167 3.04238e-05 750.708 
0.0144679 0.289616 4.01983 
0.0213084 0.181491 6.62471 
0.00914293 0.344245 2.73556 
0.0362306 2.50315e-05 827.85 
0.0356461 0.000691096 155.76 
0.0337232 0.00874937 42.0759 
0.0358888 0.00030625 235.107 
0.0238547 0.138115 8.23037 
0.0327834 0.0155844 30.8881 
0.0335208 0.0100734 39.0432 
0.0131615 0.306515 3.66942 
0.022903 0.154263 7.56375 
0.0235799 0.14276 8.02828 
0.0358079 0.000417583 201.021 
0.0259481 0.103529 10.1021 
0.0358428 0.000367503 214.428 
0.0331348 0.012827 34.3109 
0.0311556 0.0311898 21.0379 
0.0353214 0.00143987 107.214 
0.0362287 2.57546e-05 816.115 
0.0102502 0.336476 2.97641 
0.0333643 0.011154 36.9786 
0.0354254 0.00117136 119.117 
0.0352459 0.00165151 99.957 
0.0359263 0.000260353 255.177 
0.0357736 0.000470021 189.348 
0.0353598 0.00133761 111.322 
0.0301161 0.0432834 17.4205 
0.0153708 0.276973 4.28092 
0.0194957 0.212142 5.7567 
0.0362668 1.34888e-05 1128.53 
0.0322738 0.0199877 26.9654 
0.00994714 0.338835 2.90953 
0.0289366 0.0586692 14.5312 
0.0306149 0.0372941 18.9944 
0.0342552 0.00567926 52.8162 
0.0354059 0.00121956 116.693 
0.0362302 2.52004e-05 825.064 
0.0108067 0.331728 3.10141 
0.0179415 0.23764 5.13485 
0.00797767 0.349601 2.4908 
0.0360584 0.000128024 364.836 
0.0323424 0.0193681 27.4357 
0.0327917 0.0155171 30.9607 
0.0354796 0.00104195 126.434 
0.0324272 0.0186132 28.04 
0.0324576 0.0183462 28.2624 
0.0355417 0.000903013 135.981 
0.0344462 0.00472715 58.1226 
0.024146 0.13321 8.45403 
0.0251467 0.116562 9.30649 
0.0331822 0.0124731 34.8303 
0.00695651 0.351409 2.28101 
0.0320628 0.0219448 25.6122 
0.0218995 0.171397 6.95039 
0.0354542 0.0011018 122.89 
0.0358281 0.000388148 208.587 
0.0298192 0.0470015 16.5963 
0.00704514 0.351374 2.29911 
0.0355994 0.000782532 146.242 
0.0315458 0.0270533 22.7956 
0.036226 2.67679e-05 800.478 
0.0355064 0.000980863 130.382 
0.0358502 0.000357257 217.513 
0.0359921 0.000188661 300.152 
0.0341903 0.00602129 51.2244 
0.0272317 0.0834132 11.6573 
0.031476 0.0277761 22.4606 
0.036268 1.31703e-05 1142.12 
0.0357304 0.000540246 176.463 
0.0354682 0.0010686 124.82 
0.036011 0.000170257 316.074 
0.0358357 0.000377414 211.564 
0.0361626 5.62387e-05 551.576 
0.0108459 0.331373 3.11034 
0.0344001 0.00494956 56.7472 
0.0349556 0.002594 79.2892 
0.03183 0.0241903 24.2652 
0.035571 0.000840691 141.014 
0.0165223 0.259892 4.64085 
0.00875452 0.346379 2.65314 
0.0352322 0.00169131 98.7467 
0.0355817 0.000818574 142.936 
0.0333342 0.0113676 36.6056 
0.0325713 0.0173606 29.1277 
0.0116297 0.323794 3.2921 
0.0359468 0.000236759 267.697 
0.0333115 0.0115298 36.3293 
0.0297454 0.0479426 16.4028 
0.0355965 0.000788345 145.694 
0.0311556 0.0311898 21.0379 
0.035757 0.000496424 184.184 
0.0359396 0.000244899 263.174 
0.0329397 0.0143288 32.3244 
0.0334344 0.0106639 37.8761 
0.0277799 0.0751792 12.4592 
0.036275 1.1365e-05 1229.65 
0.0360349 0.000148254 338.876 
0.0344644 0.00464087 58.6826 
0.035994 0.00018682 301.638 
0.0351967 0.00179677 95.7362 
0.0334234 0.0107403 37.7323 
0.0235799 0.14276 8.02828 
0.00693916 0.351413 2.27747 
0.0361224 8.05529e-05 460.514 
0.031763 0.0248536 23.9024 
0.0362793 1.0326e-05 1290.14 
0.0334914 0.0102723 38.6389 
0.0338089 0.00821443 43.5038 
0.0362589 1.5726e-05 1045.02 
0.00704514 0.351374 2.29911 
0.0355021 0.000990455 129.738 
0.0360952 9.93659e-05 414.416 
0.0352391 0.00167105 99.3572 
0.0361646 5.51879e-05 556.823 
0.0359468 0.000236759 267.697 
0.0347558 0.00335911 69.3923 
0.0359619 0.000220106 277.722 
0.0292515 0.0544062 15.2099 
0.0352579 0.0016169 101.045 
0.0361031 9.37308e-05 426.756 
0.0321471 0.0211536 26.1367 
0.031652 0.0259684 23.3241 
0.0361529 6.17357e-05 526.348 
0.0348825 0.00286289 75.3615 
0.0335085 0.0101563 38.8734 
0.0280117 0.0717716 12.8293 
0.0315458 0.0270533 22.7956 
0.0236636 0.141343 8.08901 
0.0329798 0.0140144 32.7138 
0.0362163 3.05766e-05 748.824 
0.0359923 0.00018852 300.265 
0.0360217 0.000160224 325.888 
0.0166593 0.257798 4.68591 
0.0361595 5.79641e-05 543.272 
0.0345794 0.00411165 62.4938 
0.0204203 0.19659 6.17715 
0.0359045 0.000286585 243.114 
0.0168881 0.254272 4.76239 
0.0336806 0.00902092 41.4 
0.0360627 0.000124517 369.969 
0.0361346 7.26989e-05 484.868 
0.0336076 0.00949536 40.2893 
0.0189789 0.220725 5.53915 
0.036143 6.75487e-05 503.094 
0.0353897 0.00126033 114.754 
0.032059 0.0219802 25.5894 
0.00871449 0.34658 2.6447 
0.0362742 1.15614e-05 1219.15 
0.0112667 0.32742 3.20708 
0.0329422 0.0143094 32.3481 
0.0361809 4.66307e-05 605.956 
0.0329485 0.0142595 32.4092 
0.0355632 0.000857083 139.637 
0.0338071 0.00822533 43.4733 
0.0351084 0.00207233 88.9854 
0.0355676 0.000847909 140.402 
0.0361662 5.42743e-05 561.509 
0.0141079 0.294449 3.92025 
0.0361546 6.07592e-05 530.578 
0.0360501 0.000134981 355.252 
0.036091 0.00010247 408.057 
0.0349443 0.00263466 78.6569 
0.0194957 0.212142 5.7567 
0.0359312 0.000254584 258.077 
0.0118067 0.321955 3.33413 
0.0144679 0.289616 4.01983 
0.00872663 0.346519 2.64726 
0.0354657 0.00107455 124.467 
0.0351225 0.0020273 89.9938 
0.0274404 0.0802507 11.9512 
0.00751934 0.350781 2.39626 
0.035439 0.00113816 120.875 
0.0356721 0.000642694 161.602 
0.03372 0.00876971 42.0242 
0.0318344 0.0241477 24.289 
0.0346859 0.00364894 66.4838 
0.0335996 0.0095476 40.1721 
0.0343819 0.00503855 56.2226 
0.0241386 0.133334 8.44822 
0.0351864 0.00182781 94.9003 
0.0319459 0.0230607 24.9184 
0.0345891 0.00406856 62.8364 
0.0360527 0.00013279 358.19 
0.0361771 4.85922e-05 593.555 
0.020267 0.199182 6.10446 
0.034531 0.00433087 60.8305 
0.0360949 9.96004e-05 413.925 
0.0328352 0.0151631 31.3503 
0.0148873 0.283833 4.13898 
0.0274886 0.0795251 12.021 
0.00840342 0.348015 2.5794 
0.0343505 0.00519423 55.3373 
0.0200426 0.202968 6.00026 
0.0352792 0.00155629 103.039 
0.0192179 0.216767 5.63831 
0.0360856 0.00010649 400.239 
0.0361813 4.64622e-05 607.058 
0.0336568 0.00917425 41.0317 
0.0361644 5.52824e-05 556.346 
0.0359954 0.000185443 302.764 
0.0344036 0.00493253 56.8493 
0.0266628 0.0921971 10.9187 
0.0148164 0.284822 4.11859 
0.0326049 0.0170733 29.3938 
0.0329422 0.0143094 32.3481 
0.0350863 0.00214443 87.4374 
0.0362607 1.52073e-05 1062.72 
0.0354442 0.00112565 121.557 
0.0343036 0.00543066 54.0663 
0.00965064 0.340977 2.84482 
0.0247235 0.123559 8.9289 
0.0361527 6.18443e-05 525.884 
0.0316192 0.0263014 23.1584 
0.0253004 0.114039 9.45048 
0.0272317 0.0834132 11.6573 
0.0361717 5.13647e-05 577.254 
0.0356221 0.000737361 150.723 
0.0245252 0.12686 8.76087 
0.0361394 6.97525e-05 495.048 
0.0362804 1.00655e-05 1306.76 
0.0361944 4.01283e-05 653.378 
0.0321782 0.0208646 26.3357 
0.0319611 0.022915 25.0061 
0.00869534 0.346675 2.64066 
0.0346661 0.00373286 65.7055 
0.0352792 0.00155623 103.04 
0.021762 0.173747 6.87245 
0.0362095 3.3418e-05 716.187 
0.0315225 0.0272935 22.6828 
0.0326733 0.0164958 29.9494 
0.0324221 0.0186581 28.003 
0.0360705 0.000118232 379.734 
0.0362638 1.43169e-05 1095.34 
0.0362668 1.34888e-05 1128.53 
0.0344506 0.00470648 58.2554 
0.0329485 0.0142595 32.4092 
0.0108459 0.331373 3.11034 
0.0275726 0.0782643 12.1445 
0.0187804 0.223997 5.45857 
0.0358624 0.000340657 222.803 
0.0317628 0.0248556 23.9013 
0.0251467 0.116562 9.30649 
0.031372 0.0288669 21.979 
0.0362561 1.65416e-05 1018.87 
0.0120766 0.319069 3.39894 
0.0356532 0.000677704 157.314 
0.0341903 0.00602129 51.2244 
0.0340809 0.00661825 48.7472 
0.0311556 0.0311898 21.0379 
0.0165223 0.259892 4.64085 
0.0361405 6.90591e-05 497.538 
0.035508 0.000977233 130.628 
0.0358826 0.000314107 232.12 
0.0345703 0.00415279 62.1717 
0.022034 0.169098 7.02798 
0.00704716 0.351373 2.29953 
0.0128465 0.310309 3.58915 
0.0303053 0.0409726 17.9873 
0.0359934 0.000187353 301.205 
0.0354129 0.00120212 117.554 
0.00940719 0.342609 2.7922 
0.0360706 0.000118123 379.91 
0.0301063 0.0434046 17.392 
0.0338396 0.00802612 44.04 
0.0362734 1.17678e-05 1208.39 
0.0109506 0.330416 3.13422 
0.0358507 0.000356502 217.745 
0.0348104 0.00314072 71.8449 
0.0301282 0.0431352 17.4555 
0.0359263 0.000260353 255.177 
0.0117833 0.322201 3.32856 
0.0118067 0.321955 3.33413 
0.0227714 0.156507 7.4785 
0.00985024 0.339553 2.8883 
0.0353446 0.00137766 109.659 
0.0359423 0.000241813 264.862 
0.035885 0.000310985 233.293 
0.0218633 0.172017 6.92972 
0.0319459 0.0230607 24.9184 
0.00712367 0.351322 2.31517 
0.0301143 0.0433059 17.4152 
0.0324329 0.0185631 28.0813 
0.0105158 0.334275 3.0357 
0.0336496 0.00922096 40.9213 
0.0325713 0.0173606 29.1277 
0.0196853 0.208971 5.83951 
0.0354236 0.00117579 118.888 
0.0353598 0.00133744 111.33 
0.0351898 0.00181757 95.1738 
0.0361405 6.90591e-05 497.538 
0.0354117 0.00120507 117.407 
0.0327834 0.0155846 30.8879 
0.0355336 0.000920592 134.655 
0.0150145 0.282048 4.17585 
0.0361458 6.58869e-05 509.427 
0.0352048 0.00177242 96.4073 
0.036156 5.99632e-05 534.103 
0.0359365 0.000248478 261.255 
0.0334028 0.0108835 37.4665 
0.0340191 0.00696682 47.4501 
0.00924889 0.343606 2.75821 
0.0352874 0.00153321 103.828 
0.00871449 0.34658 2.6447 
0.0275738 0.0782461 12.1463 
0.0355367 0.000913799 135.163 
0.0322775 0.0199541 26.9904 
0.0362117 3.24589e-05 726.724 
0.0359005 0.000291504 241.035 
0.0355011 0.000992743 129.585 
0.0360635 0.00012389 370.909 
0.031826 0.02423 24.2431 
0.0361922 4.11651e-05 645.071 
0.0305366 0.0382128 18.7295 
0.0327216 0.0160936 30.3539 
0.0352322 0.00169131 98.7467 
0.0285704 0.0637575 13.8099 
0.0360607 0.000126138 367.57 
0.0355817 0.000818574 142.936 
0.0354792 0.00104301 126.369 
0.0362012 3.70207e-05 680.339 
0.0361277 7.71089e-05 470.735 
0.0362362 2.30198e-05 863.359 
0.0329871 0.0139572 32.7861 
0.0330788 0.0132508 33.7164 
0.0227439 0.156976 7.46087 
0.0354993 0.000996865 129.313 
0.0163279 0.262844 4.57772 
0.0361758 4.9257e-05 589.521 
0.0253835 0.11268 9.5299 
0.0111004 0.329015 3.16863 
0.0321966 0.0206946 26.4547 
0.013688 0.29992 3.8071 
0.0343439 0.00522697 55.1562 
0.0353631 0.001329 111.69 
0.0247272 0.123498 8.93202 
0.00852574 0.347478 2.60501 
0.0112667 0.32742 3.20708 
0.0361479 6.46418e-05 514.331 
0.0362668 1.34888e-05 1128.53 
0.0331064 0.0130408 34.0074 
0.031476 0.0277761 22.4606 
0.0360308 0.000151842 334.822 
0.0361736 5.03594e-05 583.009 
0.0330827 0.0132212 33.757 
0.0358888 0.00030625 235.107 
0.034332 0.0052868 54.8295 
0.036069 0.000119432 377.81 
0.0111675 0.328377 3.18411 
0.0338569 0.0079209 44.348 
0.0280117 0.0717716 12.8293 
0.0323982 0.01887 27.8303 
0.0225078 0.161005 7.31232 
0.0359664 0.000215337 280.805 
0.00704716 0.351373 2.29953 
0.0361808 4.66963e-05 605.528 
0.0329618 0.014155 32.5381 
0.0362711 1.23529e-05 1179.37 
0.0324221 0.0186581 28.003 
0.0350053 0.00241819 82.204 
0.0325784 0.0172993 29.1839 
0.0361736 5.03594e-05 583.009 
0.0360635 0.00012389 370.909 
0.0360302 0.000152427 334.175 
0.0359029 0.000288526 242.288 
0.0187644 0.22426 5.45215 
0.0324726 0.018215 28.3736 
0.0223328 0.163993 7.20521 
0.0330278 0.0136418 33.1926 
0.00940719 0.342609 2.7922 
0.0360127 0.0001686 317.635 
0.0359419 0.000242303 264.592 
0.0116297 0.323794 3.2921 
0.0336075 0.00949585 40.2882 
0.0327352 0.0159808 30.47 
0.0349467 0.00262607 78.7893 
0.0359019 0.000289801 241.749 
0.0129123 0.309527 3.60579 
0.0275738 0.0782461 12.1463 
0.0341035 0.00649275 49.2396 
0.0359089 0.000281126 245.485 
0.0356572 0.000670133 158.213 
0.0355992 0.000782961 146.201 
0.0357596 0.000492186 184.985 
0.0361346 7.26989e-05 484.868 
0.0354017 0.00123023 116.177 
0.0359681 0.000213489 282.027 
0.0355367 0.000913799 135.163 
0.0339246 0.00751638 45.5911 
0.0188403 0.22301 5.48273 
0.0359921 0.000188661 300.152 
0.0250631 0.117939 9.2297 
0.00960375 0.341301 2.83465 
0.033884 0.00775797 44.837 
0.0303622 0.0402871 18.1646 
0.031789 0.0245952 24.042 
0.031789 0.0245952 24.042 
0.0333424 0.0113095 36.7059 
0.0225644 0.160037 7.34754 
0.0344944 0.00450014 59.6302 
0.0249293 0.120148 9.10915 
0.0335884 0.00962203 40.0067 
0.0348968 0.0028092 76.1004 
0.0247235 0.123559 8.9289 
