0.156181 3.26071 1.24776 0.0441858 210.514 
0.156181 3.26071 1.24776 0.0441858 210.514 
0.668927 0.827468 14.2477 0.0441858 556.41 
0.329875 2.688 3.3732 0.0441858 210.514 
0.392586 2.40028 4.41227 0.0441858 259.548 
0.189158 3.15994 1.56104 0.0441858 259.548 
0.179231 3.20627 1.48608 0.0441858 181.608 
0.329875 2.688 3.3732 0.0441858 210.514 
0.58128 1.33643 9.53694 0.0441858 465.78 
0.828598 0.199133 33.7299 0.0459945 2550.58 
0.479794 1.93366 6.32802 0.0441858 313.455 
0.862973 0.123953 42.8051 0.0442661 5812.98 
0.344304 2.62357 3.55995 0.0441858 259.548 
0.631585 1.02923 11.9976 0.0477507 484.544 
0.580236 1.34067 9.53694 0.0441858 437.027 
0.252619 2.97118 2.27114 0.0441858 259.548 
0.668927 0.827468 14.2477 0.0441858 556.41 
0.80561 0.266308 28.4953 0.0441858 2320.45 
0.329875 2.688 3.3732 0.0441858 210.514 
0.332556 2.67356 3.3732 0.0441858 259.548 
0.473475 1.95626 6.02655 0.0441858 471.596 
0.342046 2.6356 3.55995 0.0441858 218.514 
0.344304 2.62357 3.55995 0.0441858 259.548 
0.189158 3.15994 1.56104 0.0441858 259.548 
0.542267 1.56711 8.00356 0.0441858 515.46 
0.332556 2.67356 3.3732 0.0441858 259.548 
0.135297 3.31598 1.06976 0.0441858 159.349 
0.0699251 3.45193 0.510988 0.0441858 164.482 
0.300688 2.80089 2.9011 0.0441858 259.548 
0.489846 1.86035 6.42438 0.0441858 519.097 
0.329875 2.688 3.3732 0.0441858 210.514 
0.0595371 3.4623 0.424806 0.0441858 210.514 
0.380527 2.45876 4.18545 0.0441858 259.548 
0.388573 2.41321 4.41227 0.0441858 202.624 
0.299217 2.80648 2.88044 0.0441858 259.548 
0.42154 2.25253 5.00097 0.0441858 259.548 
0.865011 0.11837 42.7953 0.0441858 8559.95 
0.344304 2.62357 3.55995 0.0441858 259.548 
0.877991 0.0946464 47.9902 0.0441858 10984.3 
0.0726619 3.44186 0.527348 0.0441858 199.492 
0.584801 1.31649 9.53694 0.0441858 597.991 
0.509426 1.7607 7.01921 0.0441858 447.661 
0.791939 0.309409 25.618 0.0441858 2862.85 
0.337569 2.65243 3.452 0.0441858 259.548 
0.0802519 3.43183 0.590926 0.0441858 177.204 
0.0148395 3.54204 0.101648 0.0441858 179.815 
0.730107 0.527785 17.888 0.0441858 2620.38 
0.364159 2.53524 3.89296 0.0441858 259.548 
0.344304 2.62357 3.55995 0.0441858 259.548 
0.23687 3.03525 2.11166 0.0441858 198.64 
0.926903 0.0291068 94.0312 0.044521 9567.85 
0.828598 0.199133 33.7299 0.0459945 2550.58 
0.550792 1.51403 8.25593 0.0441858 571.57 
0.517412 1.70389 7.1834 0.0441858 556.41 
0.367183 2.52026 3.99604 0.0441858 213.374 
0.818788 0.227171 30.7983 0.0478183 3094.24 
0.668927 0.827468 14.2477 0.0441858 556.41 
0.384611 2.43512 4.32264 0.0441858 210.514 
0.0699251 3.45193 0.510988 0.0441858 164.482 
0.329875 2.688 3.3732 0.0441858 210.514 
0.719572 0.590312 17.4026 0.0473348 1323.43 
0.29731 2.82018 2.88044 0.0441858 218.514 
0.329875 2.688 3.3732 0.0441858 210.514 
0.631585 1.02923 11.9976 0.0477507 484.544 
0.391145 2.4065 4.41227 0.0441858 235.798 
0.582914 1.32845 9.53694 0.0441858 519.097 
0.924282 0.0338747 85.6101 0.0441858 13472.9 
0.542267 1.56711 8.00356 0.0441858 515.46 
0.0588592 3.47154 0.424806 0.0442661 164.663 
0.420745 2.25673 4.9839 0.0441858 259.548 
0.156181 3.26071 1.24776 0.0441858 210.514 
0.730107 0.527785 17.888 0.0441858 2620.38 
0.856407 0.131044 42.8051 0.0442661 2862.85 
0.671157 0.822534 14.2477 0.0441858 626.796 
0.135297 3.31598 1.06976 0.0441858 159.349 
0.535356 1.60665 7.76995 0.0441858 519.097 
0.344304 2.62357 3.55995 0.0441858 259.548 
0.585086 1.31436 9.53694 0.0441858 612.001 
0.329875 2.688 3.3732 0.0441858 210.514 
0.364159 2.53524 3.89296 0.0441858 259.548 
0.266837 2.92342 2.44822 0.0441858 259.548 
0.299217 2.80648 2.88044 0.0441858 259.548 
0.709442 0.640842 16.6206 0.0446208 1143.14 
0.578547 1.34642 9.53694 0.0441858 397.28 
0.585715 1.30927 9.53694 0.0441858 645.424 
0.86383 0.122046 42.7953 0.0441858 6736.44 
0.207943 3.12537 1.79091 0.0441858 181.608 
0.925722 0.0330685 85.5907 0.0441858 17934.4 
0.189158 3.15994 1.56104 0.0441858 259.548 
0.574078 1.38006 9.23006 0.0441858 471.596 
0.52403 1.6773 7.51595 0.0442661 398.984 
0.837097 0.178864 35.776 0.0442661 2902.42 
0.364159 2.53524 3.89296 0.0441858 259.548 
0.0973265 3.39875 0.735367 0.0441858 159.16 
0.0954074 3.40097 0.722972 0.0441858 146.656 
0.757737 0.432448 21.0905 0.0441858 1992.17 
0.0297108 3.52058 0.207718 0.0441858 164.482 
0.573024 1.38675 9.17105 0.0441858 484.544 
0.877991 0.0946464 47.9902 0.0441858 10984.3 
0.23687 3.03525 2.11166 0.0441858 198.64 
0.449515 2.10358 5.58301 0.0441858 298.854 
0.704922 0.656462 16.6206 0.0441858 819.281 
0.156181 3.26071 1.24776 0.0441858 210.514 
0.5199 1.70193 7.38689 0.0441858 397.28 
0.0339273 3.51384 0.2387 0.0441858 159.349 
0.156181 3.26071 1.24776 0.0441858 210.514 
0.550792 1.51403 8.25593 0.0441858 571.57 
0.513938 1.73656 7.1834 0.0441858 415.347 
0.925334 0.0333297 85.5907 0.0441858 16476.9 
0.388573 2.41321 4.41227 0.0441858 202.624 
0.0595371 3.4623 0.424806 0.0441858 210.514 
0.344304 2.62357 3.55995 0.0441858 259.548 
0.906527 0.0532697 67.8052 0.0441858 8967.21 
0.473475 1.95626 6.02655 0.0441858 471.596 
0.0593916 3.46594 0.424806 0.0441858 198.64 
0.477822 1.94091 6.32802 0.0442661 279.306 
0.329875 2.688 3.3732 0.0441858 210.514 
0.325977 2.69426 3.3732 0.0441858 165.03 
0.700922 0.661837 15.5239 0.0441858 1992.17 
0.536913 1.59003 7.76995 0.0441858 597.991 
0.493561 1.84784 6.76961 0.0441858 279.306 
0.0148395 3.54204 0.101648 0.0441858 179.815 
0.791939 0.309409 25.618 0.0441858 2862.85 
0.135297 3.31598 1.06976 0.0441858 159.349 
0.300688 2.80089 2.9011 0.0441858 259.548 
0.620658 1.10806 11.2014 0.0442661 597.991 
0.0802519 3.43183 0.590926 0.0441858 177.204 
0.720803 0.58482 17.888 0.0441858 967.959 
0.471545 1.97735 6.02655 0.0441858 397.28 
0.487289 1.88497 6.3988 0.0441858 447.005 
0.0444447 3.49343 0.313354 0.0441858 190.46 
0.893116 0.0722352 56.9906 0.0441858 9281.78 
0.834122 0.188087 33.9026 0.0441858 4483.61 
0.299217 2.80648 2.88044 0.0441858 259.548 
0.0699251 3.45193 0.510988 0.0441858 164.482 
0.589038 1.29209 9.79929 0.0441858 519.097 
0.877991 0.0946464 47.9902 0.0441858 10984.3 
0.509426 1.7607 7.01921 0.0441858 447.661 
0.450573 2.09648 5.56255 0.0441858 342.364 
0.642631 0.974348 12.5693 0.0441858 519.097 
0.0421627 3.50043 0.298773 0.0441858 164.482 
0.585086 1.31436 9.53694 0.0441858 612.001 
0.528633 1.64435 7.76995 0.0441858 330.061 
0.252619 2.97118 2.27114 0.0441858 259.548 
0.135297 3.31598 1.06976 0.0441858 159.349 
0.135297 3.31598 1.06976 0.0441858 159.349 
0.712948 0.619703 16.6206 0.0442661 1638.56 
0.342703 2.62682 3.51925 0.0441858 281.247 
0.296105 2.82514 2.88044 0.0441858 198.64 
0.861267 0.126748 42.7953 0.0441858 4602.64 
0.365157 2.52815 3.89296 0.0441858 281.247 
0.781457 0.343848 23.9951 0.0441858 2746.08 
0.542352 1.56638 8.00356 0.0441858 519.097 
0.479794 1.93366 6.32802 0.0441858 313.455 
0.473475 1.95626 6.02655 0.0441858 471.596 
0.296105 2.82514 2.88044 0.0441858 198.64 
0.675543 0.808647 14.2137 0.0442661 863.932 
0.0718072 3.44821 0.527348 0.0441858 156.699 
0.509426 1.7607 7.01921 0.0441858 447.661 
0.584801 1.31649 9.53694 0.0441858 597.991 
0.179231 3.20627 1.48608 0.0441858 181.608 
0.329875 2.688 3.3732 0.0441858 210.514 
0.296105 2.82514 2.88044 0.0441858 198.64 
0.44883 2.10734 5.55026 0.0441858 313.398 
0.0593916 3.46594 0.424806 0.0441858 198.64 
0.135297 3.31598 1.06976 0.0441858 159.349 
0.296105 2.82514 2.88044 0.0441858 198.64 
0.525446 1.65243 7.76995 0.0442661 281.247 
0.359275 2.55477 3.87669 0.0441858 198.64 
0.348707 2.56063 3.55995 0.0446208 409.641 
0.668927 0.827468 14.2477 0.0441858 556.41 
0.469057 1.99527 6.02655 0.0441858 330.061 
0.550483 1.51695 8.25593 0.0441858 556.41 
0.531261 1.634 7.76995 0.0441858 385.031 
0.873943 0.10255 47.9902 0.0441858 5352.29 
0.938635 0.0198714 113.981 0.050355 13472.9 
0.344304 2.62357 3.55995 0.0441858 259.548 
0.877991 0.0946464 47.9902 0.0441858 10984.3 
0.300688 2.80089 2.9011 0.0441858 259.548 
0.154149 3.27056 1.24776 0.0441858 159.349 
0.217056 3.09802 1.89272 0.0441858 181.608 
0.581896 1.33364 9.53694 0.0441858 484.544 
0.923601 0.0339707 85.7972 0.0464433 11877.5 
0.465078 2.01151 6.02655 0.0441858 259.548 
0.23687 3.03525 2.11166 0.0441858 198.64 
0.49835 1.81339 6.95519 0.0441858 259.548 
0.228704 3.04684 1.98899 0.0441858 259.548 
0.880565 0.0909116 51.2361 0.0441858 5725.7 
0.315181 2.74446 3.10986 0.0441858 259.548 
0.674898 0.810963 14.2477 0.0441858 794.559 
0.676943 0.801572 14.2137 0.0442661 969.088 
0.562458 1.41652 9.17105 0.0442661 281.247 
0.105231 3.38214 0.803558 0.0441858 155.809 
0.482951 1.91449 6.42438 0.0442661 306.001 
0.189158 3.15994 1.56104 0.0441858 259.548 
0.584801 1.31649 9.53694 0.0441858 597.991 
0.842361 0.166991 35.776 0.0442661 5804.84 
0.542267 1.56711 8.00356 0.0441858 515.46 
0.757737 0.432448 21.0905 0.0441858 1992.17 
0.364159 2.53524 3.89296 0.0441858 259.548 
0.344304 2.62357 3.55995 0.0441858 259.548 
0.473475 1.95626 6.02655 0.0441858 471.596 
0.450573 2.09648 5.56255 0.0441858 342.364 
0.872664 0.103757 47.9902 0.0441858 4602.64 
0.287355 2.85067 2.71718 0.0441858 259.548 
0.161723 3.24487 1.2987 0.0441858 218.514 
0.696679 0.695904 15.5239 0.0478183 1195.98 
0.425258 2.22982 5.00097 0.0441858 338.711 
0.79921 0.276098 28.4274 0.0441858 1451.21 
0.871677 0.104511 47.9902 0.0441858 4152.77 
0.485802 1.89881 6.4917 0.0441858 313.398 
0.936248 0.0230699 104.776 0.0441858 16476.9 
0.342046 2.6356 3.55995 0.0441858 218.514 
0.877991 0.0946464 47.9902 0.0441858 10984.3 
0.0973265 3.39875 0.735367 0.0441858 159.16 
0.299217 2.80648 2.88044 0.0441858 259.548 
0.266837 2.92342 2.44822 0.0441858 259.548 
0.424272 2.23762 5.00097 0.0441858 313.398 
0.329875 2.688 3.3732 0.0441858 210.514 
0.302268 2.78108 2.9011 0.0442661 307.059 
0.79921 0.276098 28.4274 0.0441858 1451.21 
0.296105 2.82514 2.88044 0.0441858 198.64 
0.297426 2.82012 2.88856 0.0441858 210.514 
0.0803467 3.43109 0.590926 0.0441858 181.608 
0.226389 3.06844 1.98899 0.0441858 198.64 
0.931005 0.0281199 93.5346 0.0441858 18563.6 
0.329875 2.688 3.3732 0.0441858 210.514 
0.780582 0.348191 23.9951 0.0441858 2448 
0.45328 2.07567 5.58301 0.0441858 397.28 
0.207943 3.12537 1.79091 0.0441858 181.608 
0.299217 2.80648 2.88044 0.0441858 259.548 
0.925334 0.0333297 85.5907 0.0441858 16476.9 
0.578547 1.34642 9.53694 0.0441858 397.28 
0.179231 3.20627 1.48608 0.0441858 181.608 
0.550792 1.51403 8.25593 0.0441858 571.57 
0.156181 3.26071 1.24776 0.0441858 210.514 
0.76447 0.40727 21.99 0.0441858 1935.92 
0.420745 2.25673 4.9839 0.0441858 259.548 
0.420745 2.25673 4.9839 0.0441858 259.548 
0.700922 0.661837 15.5239 0.0441858 1992.17 
0.584801 1.31649 9.53694 0.0441858 597.991 
0.296105 2.82514 2.88044 0.0441858 198.64 
0.936248 0.0230699 104.776 0.0441858 16476.9 
0.332556 2.67356 3.3732 0.0441858 259.548 
0.364159 2.53524 3.89296 0.0441858 259.548 
0.296105 2.82514 2.88044 0.0441858 198.64 
0.5404 1.58067 8.00356 0.0441858 447.005 
0.626252 1.06669 11.2014 0.0441858 969.088 
0.781457 0.343848 23.9951 0.0441858 2746.08 
0.786262 0.322927 25.8239 0.0441858 1484.69 
0.299217 2.80648 2.88044 0.0441858 259.548 
0.80751 0.261454 28.4274 0.0441858 2969.38 
0.730107 0.527785 17.888 0.0441858 2620.38 
0.613386 1.13046 11.2014 0.0442661 397.858 
0.535356 1.60665 7.76995 0.0441858 519.097 
0.894317 0.0702657 56.9906 0.0441858 11877.5 
0.794439 0.298866 25.8239 0.0441858 3456.8 
0.331827 2.67867 3.3732 0.0441858 244.105 
0.49604 1.82727 6.88599 0.0442661 259.548 
0.471545 1.97735 6.02655 0.0441858 397.28 
0.242233 3.01782 2.17586 0.0441858 198.64 
0.507869 1.76738 6.95519 0.0441858 471.596 
0.0802519 3.43183 0.590926 0.0441858 177.204 
0.673094 0.818236 14.2137 0.0441858 725.605 
0.907507 0.0519668 68.7441 0.0441858 8967.21 
0.585715 1.30927 9.53694 0.0441858 645.424 
0.775942 0.362241 23.9951 0.0441858 1550.88 
0.957906 0.00695311 196.929 0.0441858 17934.4 
0.300044 2.80606 2.9011 0.0442661 244.228 
0.243827 3.01024 2.22178 0.0442661 165.03 
0.796538 0.277565 28.4953 0.0441858 1224 
0.189158 3.15994 1.56104 0.0441858 259.548 
0.797615 0.277561 28.4274 0.0441858 1320.24 
0.187256 3.1827 1.56104 0.0441858 198.64 
0.473475 1.95626 6.02655 0.0441858 471.596 
0.0595371 3.4623 0.424806 0.0441858 210.514 
0.287355 2.85067 2.71718 0.0441858 259.548 
0.057766 3.47372 0.417213 0.0441858 159.16 
0.242233 3.01782 2.17586 0.0441858 198.64 
0.0802519 3.43183 0.590926 0.0441858 177.204 
0.728168 0.549817 17.888 0.0441858 1935.92 
0.906527 0.0532697 67.8052 0.0441858 8967.21 
0.299217 2.80648 2.88044 0.0441858 259.548 
0.589038 1.29209 9.79929 0.0441858 519.097 
0.252619 2.97118 2.27114 0.0441858 259.548 
0.923238 0.0342815 85.5907 0.0442661 11451.4 
0.44883 2.10734 5.55026 0.0441858 313.398 
0.0981508 3.39506 0.735367 0.0441858 188.516 
0.384611 2.43512 4.32264 0.0441858 210.514 
0.479794 1.93366 6.32802 0.0441858 313.455 
0.0159061 3.5418 0.109561 0.0441858 165.03 
0.332556 2.67356 3.3732 0.0441858 259.548 
0.676943 0.801572 14.2137 0.0442661 969.088 
0.579594 1.343 9.53694 0.0441858 421.027 
0.382898 2.43807 4.32264 0.0441858 191.526 
0.573089 1.3864 9.17105 0.0441858 486.693 
0.204513 3.13179 1.73879 0.0442661 210.514 
0.795656 0.279205 25.618 0.0441858 5725.7 
0.473475 1.95626 6.02655 0.0441858 471.596 
0.221703 3.07416 1.98159 0.0442661 140.624 
0.549558 1.5248 8.25593 0.0441858 515.46 
0.910983 0.0484428 68.7441 0.0441858 17934.4 
0.364159 2.53524 3.89296 0.0441858 259.548 
0.0244048 3.52846 0.170353 0.0441858 153 
0.0297108 3.52058 0.207718 0.0441858 164.482 
0.0973265 3.39875 0.735367 0.0441858 159.16 
0.473475 1.95626 6.02655 0.0441858 471.596 
0.325977 2.69426 3.3732 0.0441858 165.03 
0.0177206 3.53908 0.122309 0.0441858 164.663 
0.227297 3.05847 1.98159 0.0441858 235.798 
0.668927 0.827468 14.2477 0.0441858 556.41 
0.487289 1.88497 6.3988 0.0441858 447.005 
0.488884 1.86553 6.3988 0.0441858 519.097 
0.75317 0.446912 21.1939 0.0442661 1224 
0.422017 2.24973 5.0113 0.0442661 259.548 
0.348931 2.55813 3.55995 0.0441858 421.027 
0.359275 2.55477 3.87669 0.0441858 198.64 
0.154149 3.27056 1.24776 0.0441858 159.349 
0.0720753 3.44788 0.527348 0.0441858 168.021 
0.23687 3.03525 2.11166 0.0441858 198.64 
0.93489 0.0246937 100.336 0.044521 19135.7 
0.887856 0.0768348 52.3881 0.0441858 16476.9 
0.816962 0.231214 31.0477 0.0446208 2286.28 
0.577301 1.35988 9.23006 0.0441858 597.991 
0.344304 2.62357 3.55995 0.0441858 259.548 
0.584801 1.31649 9.53694 0.0441858 597.991 
0.296105 2.82514 2.88044 0.0441858 198.64 
0.823524 0.211649 31.0477 0.0441858 5352.29 
0.925722 0.0330685 85.5907 0.0441858 17934.4 
0.855217 0.139768 40.0144 0.0442661 5477.82 
0.924268 0.0338887 85.5907 0.0441858 13472.9 
0.266837 2.92342 2.44822 0.0441858 259.548 
0.955033 0.00908975 171.22 0.0442661 18563.6 
0.541485 1.57303 8.00356 0.0442661 484.544 
0.217056 3.09802 1.89272 0.0441858 181.608 
0.533457 1.6216 7.76995 0.0441858 447.005 
0.587562 1.29888 9.79929 0.0441858 471.596 
0.576401 1.36656 9.23006 0.0441858 556.41 
0.863107 0.123684 42.8986 0.0442661 5725.7 
0.23687 3.03525 2.11166 0.0441858 198.64 
0.924282 0.0338747 85.6101 0.0441858 13472.9 
0.700922 0.661837 15.5239 0.0441858 1992.17 
0.0297108 3.52058 0.207718 0.0441858 164.482 
0.228704 3.04684 1.98899 0.0441858 259.548 
0.761075 0.418452 21.3977 0.0441858 2219.75 
0.585086 1.31436 9.53694 0.0441858 612.001 
0.344304 2.62357 3.55995 0.0441858 259.548 
0.299217 2.80648 2.88044 0.0441858 259.548 
0.535356 1.60665 7.76995 0.0441858 519.097 
0.550483 1.51695 8.25593 0.0441858 556.41 
0.042208 3.49989 0.300356 0.0441858 153 
0.284384 2.86989 2.71718 0.0441858 198.64 
0.936248 0.0230699 104.776 0.0441858 16476.9 
0.573024 1.38675 9.17105 0.0441858 484.544 
0.487289 1.88497 6.3988 0.0441858 447.005 
0.531749 1.6316 7.76995 0.0441858 397.28 
0.42224 2.24956 4.9839 0.0441858 286.586 
0.252619 2.97118 2.27114 0.0441858 259.548 
0.793422 0.304343 25.8239 0.0441858 2969.38 
0.0297108 3.52058 0.207718 0.0441858 164.482 
0.799524 0.274978 28.4953 0.0442661 1451.21 
0.936248 0.0230699 104.776 0.0441858 16476.9 
0.473475 1.95626 6.02655 0.0441858 471.596 
0.76911 0.372654 21.99 0.0441858 3871.84 
0.825402 0.210271 31.8218 0.0442661 4152.77 
0.527189 1.64856 7.76995 0.0441858 306.001 
0.825575 0.206202 33.2412 0.0441858 2286.28 
0.489846 1.86035 6.42438 0.0441858 519.097 
0.135297 3.31598 1.06976 0.0441858 159.349 
0.573024 1.38675 9.17105 0.0441858 484.544 
0.672049 0.820213 14.2477 0.0441858 660.121 
0.287355 2.85067 2.71718 0.0441858 259.548 
0.449515 2.10358 5.58301 0.0441858 298.854 
0.877991 0.0946464 47.9902 0.0441858 10984.3 
0.130783 3.32431 1.03398 0.0441858 146.656 
0.876747 0.098203 47.9902 0.0441858 8305.55 
0.403868 2.28769 4.48963 0.0441858 519.097 
0.0726619 3.44186 0.527348 0.0441858 199.492 
0.469585 1.99212 6.02655 0.0441858 342.364 
0.542267 1.56711 8.00356 0.0441858 515.46 
0.545318 1.55021 8.17471 0.0446208 447.005 
0.906527 0.0532697 67.8052 0.0441858 8967.21 
0.189158 3.15994 1.56104 0.0441858 259.548 
0.0442935 3.49595 0.313354 0.0441858 177.204 
0.329028 2.69051 3.3732 0.0441858 198.64 
0.489846 1.86035 6.42438 0.0441858 519.097 
0.538716 1.58735 7.88113 0.0441858 519.097 
0.871677 0.104511 47.9902 0.0441858 4152.77 
0.299217 2.80648 2.88044 0.0441858 259.548 
0.580638 1.33911 9.53694 0.0441858 447.661 
0.465078 2.01151 6.02655 0.0441858 259.548 
0.340621 2.63987 3.55995 0.0441858 198.64 
0.388207 2.41382 4.41227 0.0441858 198.64 
0.948536 0.0137779 137.488 0.0441858 19135.7 
0.550792 1.51403 8.25593 0.0441858 571.57 
0.296749 2.82278 2.88044 0.0441858 208.798 
0.23687 3.03525 2.11166 0.0441858 198.64 
0.580236 1.34067 9.53694 0.0441858 437.027 
0.831602 0.194228 33.2412 0.0441858 4483.61 
0.135297 3.31598 1.06976 0.0441858 159.349 
0.573024 1.38675 9.17105 0.0441858 484.544 
0.161091 3.25118 1.2987 0.0441858 198.64 
0.826966 0.200937 33.7299 0.0464433 2226.67 
0.816523 0.233402 30.8222 0.0441858 2391.96 
0.536913 1.59003 7.76995 0.0441858 597.991 
0.465078 2.01151 6.02655 0.0441858 259.548 
0.905412 0.0546257 64.2111 0.0473348 16476.9 
0.384611 2.43512 4.32264 0.0441858 210.514 
0.80561 0.266308 28.4953 0.0441858 2320.45 
0.472235 1.97071 6.02655 0.0441858 421.027 
0.925334 0.0333297 85.5907 0.0441858 16476.9 
0.243353 3.01068 2.22178 0.0441858 159.16 
0.937631 0.0200769 113.981 0.0441858 11877.5 
0.859852 0.130192 41.6206 0.0442661 5725.7 
0.228704 3.04684 1.98899 0.0441858 259.548 
0.344304 2.62357 3.55995 0.0441858 259.548 
0.911931 0.0473613 71.5519 0.0441858 11609.7 
0.527189 1.64856 7.76995 0.0441858 306.001 
0.805173 0.267166 28.4953 0.0442661 2225.64 
0.387929 2.42306 4.32264 0.0441858 260.373 
0.434256 2.17423 5.15444 0.0441858 397.858 
0.0595371 3.4623 0.424806 0.0441858 210.514 
0.215613 3.1001 1.89272 0.0441858 159.349 
0.419911 2.2581 5.00097 0.0441858 235.362 
0.0802519 3.43183 0.590926 0.0441858 177.204 
0.0297108 3.52058 0.207718 0.0441858 164.482 
0.441822 2.12966 5.55026 0.0441858 210.514 
0.44883 2.10734 5.55026 0.0441858 313.398 
0.477951 1.94073 6.32802 0.0441858 281.247 
0.573024 1.38675 9.17105 0.0441858 484.544 
0.585086 1.31436 9.53694 0.0441858 612.001 
0.597836 1.24065 10.0884 0.0441858 612.001 
0.392586 2.40028 4.41227 0.0441858 259.548 
0.823524 0.211649 31.0477 0.0441858 5352.29 
0.156181 3.26071 1.24776 0.0441858 210.514 
0.877991 0.0946464 47.9902 0.0441858 10984.3 
0.296105 2.82514 2.88044 0.0441858 198.64 
0.568075 1.40798 9.06481 0.0463491 421.027 
0.86097 0.127131 42.7953 0.0441858 4439.49 
0.325977 2.69426 3.3732 0.0441858 165.03 
0.365157 2.52815 3.89296 0.0441858 281.247 
0.542267 1.56711 8.00356 0.0441858 515.46 
0.527189 1.64856 7.76995 0.0441858 306.001 
0.552144 1.4988 8.25593 0.0442661 649.088 
0.465078 2.01151 6.02655 0.0441858 259.548 
0.573024 1.38675 9.17105 0.0441858 484.544 
0.517412 1.70389 7.1834 0.0441858 556.41 
0.781269 0.344855 23.9951 0.0441858 2676.14 
0.364159 2.53524 3.89296 0.0441858 259.548 
0.265448 2.93716 2.4519 0.0441858 218.514 
0.789765 0.315904 25.618 0.0464433 2226.67 
0.582914 1.32845 9.53694 0.0441858 519.097 
0.931005 0.0281199 93.5346 0.0441858 18563.6 
0.694751 0.711957 15.5239 0.0441858 996.084 
0.252619 2.97118 2.27114 0.0441858 259.548 
0.187256 3.1827 1.56104 0.0441858 198.64 
0.347744 2.60888 3.67089 0.0441858 204.362 
0.228056 3.04882 1.98159 0.0441858 259.548 
0.49835 1.81339 6.95519 0.0441858 259.548 
0.138535 3.28503 1.0734 0.0441858 259.548 
0.578547 1.34642 9.53694 0.0441858 397.28 
0.459304 2.04924 5.78352 0.0442661 330.061 
0.880565 0.0909116 51.2361 0.0441858 5725.7 
0.527189 1.64856 7.76995 0.0441858 306.001 
0.772586 0.367893 23.9951 0.0441858 1224 
0.795784 0.279008 28.4274 0.0441858 1195.98 
0.326297 2.69418 3.3732 0.0441858 168.021 
0.189158 3.15994 1.56104 0.0441858 259.548 
0.794439 0.298866 25.8239 0.0441858 3456.8 
0.924282 0.0338747 85.6101 0.0441858 13472.9 
0.926361 0.0294474 93.5346 0.0442661 9281.78 
0.388207 2.41382 4.41227 0.0441858 198.64 
0.332556 2.67356 3.3732 0.0441858 259.548 
0.75317 0.446912 21.1939 0.0442661 1224 
0.0421627 3.50043 0.298773 0.0441858 164.482 
0.925334 0.0333297 85.5907 0.0441858 16476.9 
0.488543 1.88376 6.4917 0.0442661 375.896 
0.781457 0.343848 23.9951 0.0441858 2746.08 
0.822061 0.218997 31.0477 0.0441858 4123.68 
0.34138 2.63755 3.55995 0.0442661 208.798 
0.862421 0.124971 42.8051 0.0442661 5352.29 
0.843687 0.160091 35.776 0.0442661 7743.68 
0.473475 1.95626 6.02655 0.0441858 471.596 
0.420745 2.25673 4.9839 0.0441858 259.548 
0.161091 3.25118 1.2987 0.0441858 198.64 
0.589038 1.29209 9.79929 0.0441858 519.097 
0.642631 0.974348 12.5693 0.0441858 519.097 
0.550483 1.51695 8.25593 0.0441858 556.41 
0.5199 1.70193 7.38689 0.0441858 397.28 
0.579594 1.343 9.53694 0.0441858 421.027 
0.42154 2.25253 5.00097 0.0441858 259.548 
0.337767 2.64307 3.55995 0.0442661 168.021 
0.234767 3.04058 2.11166 0.0441858 165.03 
0.246019 3.00534 2.22178 0.0441858 198.64 
0.332556 2.67356 3.3732 0.0441858 259.548 
0.581476 1.33557 9.53694 0.0441858 471.596 
0.697898 0.693873 15.5239 0.0441858 1338.07 
0.412498 2.26639 5.00097 0.0441858 165.03 
0.331827 2.67867 3.3732 0.0441858 244.105 
0.0148395 3.54204 0.101648 0.0441858 179.815 
0.0802519 3.43183 0.590926 0.0441858 177.204 
0.0828311 3.423 0.608212 0.0441858 198.64 
0.513938 1.73656 7.1834 0.0441858 415.347 
0.0172771 3.53931 0.118909 0.0441858 172.208 
0.550792 1.51403 8.25593 0.0441858 571.57 
0.00780463 3.5534 0.0533027 0.0442661 165.03 
0.342046 2.6356 3.55995 0.0441858 218.514 
0.384611 2.43512 4.32264 0.0441858 210.514 
0.542267 1.56711 8.00356 0.0441858 515.46 
0.189158 3.15994 1.56104 0.0441858 259.548 
0.296105 2.82514 2.88044 0.0441858 198.64 
0.821839 0.219869 31.0477 0.0441858 3984.34 
0.835856 0.183865 34.3721 0.0442661 4483.61 
0.673094 0.818236 14.2137 0.0441858 725.605 
0.527189 1.64856 7.76995 0.0441858 306.001 
0.328383 2.69193 3.3732 0.0441858 190.46 
0.637374 1.0144 11.9976 0.0441858 686.521 
0.572415 1.38981 9.17105 0.0441858 465.287 
0.0564769 3.47562 0.40608 0.0442661 168.021 
0.589038 1.29209 9.79929 0.0441858 519.097 
0.409776 2.2814 4.94087 0.0441858 165.03 
0.363221 2.54046 3.89296 0.0441858 242.003 
0.551472 1.50701 8.25593 0.0441858 608.006 
0.821839 0.219869 31.0477 0.0441858 3984.34 
0.80751 0.261454 28.4274 0.0441858 2969.38 
0.296105 2.82514 2.88044 0.0441858 198.64 
0.300688 2.80089 2.9011 0.0441858 259.548 
0.876747 0.098203 47.9902 0.0441858 8305.55 
0.906982 0.0531979 67.4599 0.0441858 10202.3 
0.138132 3.28594 1.06976 0.0441858 259.548 
0.42154 2.25253 5.00097 0.0441858 259.548 
0.2641 2.94323 2.44822 0.0442661 198.64 
0.768223 0.393275 22.4879 0.0441858 1953.83 
0.450573 2.09648 5.56255 0.0441858 342.364 
0.781438 0.343951 23.9951 0.0441858 2738.91 
0.936913 0.0228794 104.776 0.0441858 18563.6 
0.437109 2.13275 5.55026 0.0441858 172.208 
0.589038 1.29209 9.79929 0.0441858 519.097 
0.942121 0.016976 124.191 0.0441858 13472.9 
0.86383 0.122046 42.7953 0.0441858 6736.44 
0.420745 2.25673 4.9839 0.0441858 259.548 
0.332556 2.67356 3.3732 0.0441858 259.548 
0.77776 0.356552 24.1748 0.0441858 1638.56 
0.575471 1.37253 9.23006 0.0441858 519.097 
0.135297 3.31598 1.06976 0.0441858 159.349 
0.49835 1.81339 6.95519 0.0441858 259.548 
0.549646 1.5241 8.25593 0.0441858 519.097 
0.287355 2.85067 2.71718 0.0441858 259.548 
0.616431 1.1188 10.7216 0.0441858 967.959 
0.696679 0.695904 15.5239 0.0478183 1195.98 
0.292847 2.82958 2.88044 0.0441858 159.349 
0.964307 0.0019667 376.125 0.0441858 19135.7 
0.393688 2.39356 4.41227 0.0442661 281.247 
0.541546 1.57285 8.00356 0.0441858 486.693 
0.944482 0.0167028 124.191 0.0441858 18563.6 
0.574078 1.38006 9.23006 0.0441858 471.596 
0.287355 2.85067 2.71718 0.0441858 259.548 
0.284384 2.86989 2.71718 0.0441858 198.64 
0.189158 3.15994 1.56104 0.0441858 259.548 
0.135297 3.31598 1.06976 0.0441858 159.349 
0.471545 1.97735 6.02655 0.0441858 397.28 
0.52896 1.64327 7.76995 0.0441858 336.042 
0.0421627 3.50043 0.298773 0.0441858 164.482 
0.578436 1.34988 9.23006 0.0441858 660.121 
0.773939 0.365834 23.9951 0.0442661 1338.07 
0.364159 2.53524 3.89296 0.0441858 259.548 
0.871677 0.104511 47.9902 0.0441858 4152.77 
0.586378 1.30329 9.53694 0.0441858 684.728 
0.198972 3.15073 1.70341 0.0441858 165.03 
0.344304 2.62357 3.55995 0.0441858 259.548 
0.954926 0.00916275 170.51 0.0441858 18563.6 
0.882676 0.0873071 52.3881 0.0441858 5811.46 
0.447844 2.1126 5.55026 0.0441858 293.312 
0.391681 2.40443 4.41227 0.0441858 244.105 
0.925334 0.0333297 85.5907 0.0441858 16476.9 
0.0699251 3.45193 0.510988 0.0441858 164.482 
0.779142 0.353809 23.9951 0.0441858 2076.39 
0.208792 3.12166 1.79091 0.0441858 198.64 
0.391145 2.4065 4.41227 0.0441858 235.798 
0.580236 1.34067 9.53694 0.0441858 437.027 
0.582914 1.32845 9.53694 0.0441858 519.097 
0.791939 0.309409 25.618 0.0441858 2862.85 
0.685363 0.736502 15.5239 0.0441858 562.494 
0.474126 1.94706 6.02655 0.0441858 503.311 
0.925334 0.0333297 85.5907 0.0441858 16476.9 
0.23687 3.03525 2.11166 0.0441858 198.64 
0.0481202 3.49043 0.343155 0.0441858 165.03 
0.886671 0.0811915 52.3881 0.0442661 11622.9 
0.587562 1.29888 9.79929 0.0441858 471.596 
0.0421627 3.50043 0.298773 0.0441858 164.482 
0.365157 2.52815 3.89296 0.0441858 281.247 
0.299217 2.80648 2.88044 0.0441858 259.548 
0.0802519 3.43183 0.590926 0.0441858 177.204 
0.697774 0.694791 15.5239 0.0441858 1320.24 
0.871677 0.104511 47.9902 0.0441858 4152.77 
0.135297 3.31598 1.06976 0.0441858 159.349 
0.820172 0.2251 31.0477 0.0441858 3178.24 
0.796227 0.278654 28.4274 0.0442661 1224 
0.189158 3.15994 1.56104 0.0441858 259.548 
0.582914 1.32845 9.53694 0.0441858 519.097 
0.525446 1.65243 7.76995 0.0442661 281.247 
0.477951 1.94073 6.32802 0.0441858 281.247 
0.344304 2.62357 3.55995 0.0441858 259.548 
0.542352 1.56638 8.00356 0.0441858 519.097 
0.300688 2.80089 2.9011 0.0441858 259.548 
0.242233 3.01782 2.17586 0.0441858 198.64 
0.300761 2.78749 2.88044 0.0441858 306.001 
0.509426 1.7607 7.01921 0.0441858 447.661 
0.587562 1.29888 9.79929 0.0441858 471.596 
0.42154 2.25253 5.00097 0.0441858 259.548 
0.478503 1.93859 6.32802 0.0442661 290.257 
0.424272 2.23762 5.00097 0.0441858 313.398 
0.348931 2.55813 3.55995 0.0441858 421.027 
0.792633 0.307759 25.8239 0.0441858 2676.14 
0.578547 1.34642 9.53694 0.0441858 397.28 
0.552312 1.49667 8.25593 0.0442661 660.121 
0.300688 2.80089 2.9011 0.0441858 259.548 
0.941018 0.0195539 113.981 0.0441858 19135.7 
0.577342 1.3543 9.17105 0.0441858 684.728 
0.780582 0.348191 23.9951 0.0441858 2448 
0.957164 0.00766851 187.069 0.0441858 18563.6 
0.525446 1.65243 7.76995 0.0442661 281.247 
0.344304 2.62357 3.55995 0.0441858 259.548 
0.179231 3.20627 1.48608 0.0441858 181.608 
0.626252 1.06669 11.2014 0.0441858 969.088 
0.531749 1.6316 7.76995 0.0441858 397.28 
0.937631 0.0200769 113.981 0.0441858 11877.5 
0.337767 2.64307 3.55995 0.0442661 168.021 
0.473475 1.95626 6.02655 0.0441858 471.596 
0.29731 2.82018 2.88044 0.0441858 218.514 
0.329875 2.688 3.3732 0.0441858 210.514 
0.299217 2.80648 2.88044 0.0441858 259.548 
0.3702 2.50706 3.999 0.0442661 259.548 
0.0143363 3.54401 0.0984902 0.0441858 168.021 
0.831602 0.194228 33.2412 0.0441858 4483.61 
0.803585 0.269997 28.4953 0.0441858 1935.92 
0.0724794 3.44467 0.527348 0.0441858 188.516 
0.364159 2.53524 3.89296 0.0441858 259.548 
0.672049 0.820213 14.2477 0.0441858 660.121 
0.179231 3.20627 1.48608 0.0441858 181.608 
0.465078 2.01151 6.02655 0.0441858 259.548 
0.748775 0.468462 20.3792 0.0441858 1451.21 
0.364159 2.53524 3.89296 0.0441858 259.548 
0.296105 2.82514 2.88044 0.0441858 198.64 
0.798294 0.276965 28.4274 0.0441858 1373.04 
0.440553 2.13111 5.55026 0.0441858 198.64 
0.958938 0.00669122 200.672 0.0441858 19135.7 
0.473475 1.95626 6.02655 0.0441858 471.596 
0.546747 1.54254 8.25593 0.0441858 421.027 
0.574078 1.38006 9.23006 0.0441858 471.596 
0.23474 3.04059 2.11166 0.0441858 164.663 
0.587562 1.29888 9.79929 0.0441858 471.596 
0.628859 1.0406 11.9976 0.0441858 421.027 
0.877991 0.0946464 47.9902 0.0441858 10984.3 
0.422017 2.24973 5.0113 0.0442661 259.548 
0.263012 2.94685 2.44822 0.0441858 181.608 
0.821839 0.219869 31.0477 0.0441858 3984.34 
0.535061 1.61177 7.88113 0.0441858 397.28 
0.81201 0.248236 29.3562 0.0441858 2969.38 
0.626845 1.06505 11.2439 0.0441858 943.193 
0.741377 0.481238 18.9566 0.0441858 2862.85 
0.0981508 3.39506 0.735367 0.0441858 188.516 
0.160252 3.25586 1.2987 0.0441858 177.204 
0.948084 0.0138217 137.488 0.0441858 17934.4 
0.531261 1.634 7.76995 0.0441858 385.031 
0.880565 0.0909116 51.2361 0.0441858 5725.7 
0.3702 2.50706 3.999 0.0442661 259.548 
0.815011 0.238039 29.5426 0.0441858 3984.34 
0.207943 3.12537 1.79091 0.0441858 181.608 
0.329875 2.688 3.3732 0.0441858 210.514 
0.473475 1.95626 6.02655 0.0441858 471.596 
0.487289 1.88497 6.3988 0.0441858 447.005 
0.0803467 3.43109 0.590926 0.0441858 181.608 
0.825575 0.206202 33.2412 0.0441858 2286.28 
0.344304 2.62357 3.55995 0.0441858 259.548 
0.859852 0.130192 41.6206 0.0442661 5725.7 
0.105231 3.38214 0.803558 0.0441858 155.809 
0.57248 1.38949 9.17105 0.0441858 467.283 
0.0206751 3.53403 0.142915 0.0442661 169.827 
0.823524 0.211649 31.0477 0.0441858 5352.29 
0.0421627 3.50043 0.298773 0.0441858 164.482 
0.23687 3.03525 2.11166 0.0441858 198.64 
0.936248 0.0230699 104.776 0.0441858 16476.9 
0.877991 0.0946464 47.9902 0.0441858 10984.3 
0.550483 1.51695 8.25593 0.0441858 556.41 
0.0981508 3.39506 0.735367 0.0441858 188.516 
0.0699251 3.45193 0.510988 0.0441858 164.482 
0.450573 2.09648 5.56255 0.0441858 342.364 
0.332556 2.67356 3.3732 0.0441858 259.548 
0.925722 0.0330685 85.5907 0.0441858 17934.4 
0.871677 0.104511 47.9902 0.0441858 4152.77 
0.344304 2.62357 3.55995 0.0441858 259.548 
0.00722996 3.55456 0.0493476 0.0441858 165.03 
0.876747 0.098203 47.9902 0.0441858 8305.55 
0.700922 0.661837 15.5239 0.0441858 1992.17 
0.342046 2.6356 3.55995 0.0441858 218.514 
0.243353 3.01068 2.22178 0.0441858 159.16 
0.473475 1.95626 6.02655 0.0441858 471.596 
0.156181 3.26071 1.24776 0.0441858 210.514 
0.74668 0.474486 20.3792 0.0441858 1224 
0.477951 1.94073 6.32802 0.0441858 281.247 
0.134214 3.31848 1.05987 0.0441858 159.16 
0.762414 0.409288 21.3977 0.0441858 2676.14 
0.860325 0.128751 42.3878 0.0442661 4640.89 
0.531261 1.634 7.76995 0.0441858 385.031 
0.135297 3.31598 1.06976 0.0441858 159.349 
0.509426 1.7607 7.01921 0.0441858 447.661 
0.331734 2.67925 3.3732 0.0441858 242.272 
0.217056 3.09802 1.89272 0.0441858 181.608 
0.875007 0.101262 47.9902 0.0441858 6188.47 
0.136756 3.30959 1.06976 0.0441858 198.929 
0.936913 0.0228794 104.776 0.0441858 18563.6 
0.392586 2.40028 4.41227 0.0441858 259.548 
0.584801 1.31649 9.53694 0.0441858 597.991 
0.678921 0.789816 14.2477 0.0441858 1112.82 
0.527189 1.64856 7.76995 0.0441858 306.001 
0.496135 1.81715 6.95519 0.0441858 234.795 
0.224826 3.07404 1.98159 0.0441858 181.608 
0.720803 0.58482 17.888 0.0441858 967.959 
0.359275 2.55477 3.87669 0.0441858 198.64 
0.0593916 3.46594 0.424806 0.0441858 198.64 
0.42224 2.24956 4.9839 0.0441858 286.586 
0.507869 1.76738 6.95519 0.0441858 471.596 
0.551293 1.50894 8.25593 0.0441858 597.991 
0.0726619 3.44186 0.527348 0.0441858 199.492 
0.325977 2.69426 3.3732 0.0441858 165.03 
0.542352 1.56638 8.00356 0.0441858 519.097 
0.340621 2.63987 3.55995 0.0441858 198.64 
0.487289 1.88497 6.3988 0.0441858 447.005 
0.252619 2.97118 2.27114 0.0441858 259.548 
0.0802519 3.43183 0.590926 0.0441858 177.204 
0.866731 0.116565 43.9799 0.0441858 6736.44 
0.582914 1.32845 9.53694 0.0441858 519.097 
0.447219 2.11276 5.58301 0.0442661 259.548 
0.910983 0.0484428 68.7441 0.0441858 17934.4 
0.797615 0.277561 28.4274 0.0441858 1320.24 
0.608878 1.1377 11.2014 0.0442661 328.963 
0.325977 2.69426 3.3732 0.0441858 165.03 
0.578547 1.34642 9.53694 0.0441858 397.28 
0.509426 1.7607 7.01921 0.0441858 447.661 
0.923355 0.0342351 85.6101 0.0441858 11626 
0.539535 1.58571 8.00356 0.0441858 421.027 
0.0159061 3.5418 0.109561 0.0441858 165.03 
0.0973265 3.39875 0.735367 0.0441858 159.16 
0.835856 0.183865 34.3721 0.0442661 4483.61 
0.807325 0.262044 28.4274 0.0441858 2902.42 
0.795656 0.279205 25.618 0.0441858 5725.7 
0.585086 1.31436 9.53694 0.0441858 612.001 
0.220195 3.0859 1.94526 0.0441858 159.349 
0.791939 0.309409 25.618 0.0441858 2862.85 
0.64337 0.962839 11.9976 0.0442661 1224 
0.835973 0.180194 35.776 0.0441858 2620.38 
0.401301 2.3569 4.58264 0.0441858 259.548 
0.345888 2.60945 3.55995 0.0441858 298.854 
0.0595371 3.4623 0.424806 0.0441858 210.514 
0.697898 0.693873 15.5239 0.0441858 1338.07 
0.531021 1.63595 7.74577 0.0441858 397.28 
0.550792 1.51403 8.25593 0.0441858 571.57 
0.584801 1.31649 9.53694 0.0441858 597.991 
0.477822 1.94091 6.32802 0.0442661 279.306 
0.161723 3.24487 1.2987 0.0441858 218.514 
0.467525 2.00291 6.02655 0.0441858 298.854 
0.550792 1.51403 8.25593 0.0441858 571.57 
0.156181 3.26071 1.24776 0.0441858 210.514 
0.769753 0.371322 23.9951 0.0441858 1038.19 
0.905098 0.0551883 66.4823 0.0441858 8967.21 
0.869128 0.111983 45.4652 0.0441858 5725.7 
0.344304 2.62357 3.55995 0.0441858 259.548 
0.916051 0.0428962 73.6167 0.0441858 18563.6 
0.470398 1.98663 6.02655 0.0441858 363.216 
0.298579 2.81203 2.88044 0.0441858 244.228 
0.527955 1.64644 7.76995 0.0441858 318.32 
0.221671 3.08385 1.94526 0.0441858 181.608 
0.961163 0.00522763 227.962 0.0441858 19135.7 
0.138535 3.28503 1.0734 0.0441858 259.548 
0.652052 0.928257 12.5693 0.0441858 1038.19 
0.582914 1.32845 9.53694 0.0441858 519.097 
0.476454 1.94503 6.32802 0.0441858 259.548 
0.589084 1.29185 9.79929 0.0441858 520.745 
0.294864 2.82812 2.88044 0.0441858 181.608 
0.550792 1.51403 8.25593 0.0441858 571.57 
0.0802519 3.43183 0.590926 0.0441858 177.204 
0.204017 3.13557 1.73879 0.0441858 198.64 
0.873051 0.102634 48.3496 0.0442661 4451.28 
0.297426 2.82012 2.88856 0.0441858 210.514 
0.266837 2.92342 2.44822 0.0441858 259.548 
0.527189 1.64856 7.76995 0.0441858 306.001 
0.0340659 3.51288 0.2387 0.0442661 172.208 
0.0244048 3.52846 0.170353 0.0441858 153 
0.155802 3.26431 1.24776 0.0441858 198.64 
0.536913 1.59003 7.76995 0.0441858 597.991 
0.329875 2.688 3.3732 0.0441858 210.514 
0.875007 0.101262 47.9902 0.0441858 6188.47 
0.873943 0.10255 47.9902 0.0441858 5352.29 
0.820172 0.2251 31.0477 0.0441858 3178.24 
0.0802519 3.43183 0.590926 0.0441858 177.204 
0.342046 2.6356 3.55995 0.0441858 218.514 
0.730107 0.527785 17.888 0.0441858 2620.38 
0.0148395 3.54204 0.101648 0.0441858 179.815 
0.334838 2.66664 3.452 0.0441858 210.514 
0.936248 0.0230699 104.776 0.0441858 16476.9 
0.0366848 3.50941 0.258413 0.0441858 164.482 
0.49604 1.82727 6.88599 0.0442661 259.548 
0.459304 2.04924 5.78352 0.0442661 330.061 
0.668487 0.845017 13.6374 0.0442661 969.088 
0.855803 0.13144 42.7953 0.0442661 2738.91 
0.796538 0.277565 28.4953 0.0441858 1224 
0.831117 0.195659 33.7299 0.0442661 3277.13 
0.0297108 3.52058 0.207718 0.0441858 164.482 
0.296105 2.82514 2.88044 0.0441858 198.64 
0.384611 2.43512 4.32264 0.0441858 210.514 
0.674898 0.810963 14.2477 0.0441858 794.559 
0.76447 0.40727 21.99 0.0441858 1935.92 
0.517412 1.70389 7.1834 0.0441858 556.41 
0.944982 0.0157846 128.422 0.0441858 16476.9 
0.89124 0.074174 56.9906 0.0441858 6913.59 
0.963361 0.00362942 274.977 0.0441858 19135.7 
0.573024 1.38675 9.17105 0.0441858 484.544 
0.911078 0.0480243 68.7441 0.0460366 18563.6 
0.473475 1.95626 6.02655 0.0441858 471.596 
0.479794 1.93366 6.32802 0.0441858 313.455 
0.880565 0.0909116 51.2361 0.0441858 5725.7 
0.456848 2.06152 5.78352 0.0442661 281.247 
0.774312 0.365266 23.9951 0.0441858 1373.04 
0.0946379 3.40421 0.712763 0.0441858 159.349 
0.525056 1.65402 7.38689 0.0441858 612.001 
0.553979 1.47085 8.25593 0.0442661 794.559 
0.58128 1.33643 9.53694 0.0441858 465.78 
0.364159 2.53524 3.89296 0.0441858 259.548 
0.589038 1.29209 9.79929 0.0441858 519.097 
0.329875 2.688 3.3732 0.0441858 210.514 
0.156181 3.26071 1.24776 0.0441858 210.514 
0.311176 2.7603 3.05121 0.0441858 259.548 
0.729137 0.540223 17.888 0.0441858 2226.67 
0.344304 2.62357 3.55995 0.0441858 259.548 
0.79921 0.276098 28.4274 0.0441858 1451.21 
0.287355 2.85067 2.71718 0.0441858 259.548 
0.490613 1.84855 6.42438 0.0441858 562.494 
0.159679 3.2572 1.2987 0.0441858 165.03 
0.748775 0.468462 20.3792 0.0441858 1451.21 
0.805572 0.266483 28.4274 0.0446208 2391.96 
0.296105 2.82514 2.88044 0.0441858 198.64 
0.771002 0.369921 23.9951 0.0441858 1112.82 
0.455466 2.06659 5.78352 0.0441858 259.548 
0.0421627 3.50043 0.298773 0.0441858 164.482 
0.922514 0.0345076 85.5907 0.0441858 10354.1 
0.209303 3.11827 1.79091 0.0441858 210.514 
0.465078 2.01151 6.02655 0.0441858 259.548 
0.877991 0.0946464 47.9902 0.0441858 10984.3 
0.865316 0.117104 42.7953 0.0442661 9205.29 
0.737584 0.48889 20.3792 0.0441858 725.605 
0.936248 0.0230699 104.776 0.0441858 16476.9 
0.694751 0.711957 15.5239 0.0441858 996.084 
0.787195 0.321448 25.8239 0.0442661 1589.12 
0.839728 0.174649 35.776 0.0441858 3871.84 
0.189158 3.15994 1.56104 0.0441858 259.548 
0.5199 1.70193 7.38689 0.0441858 397.28 
0.894923 0.0688697 56.9906 0.0441858 13827.2 
0.93489 0.0246937 100.336 0.044521 19135.7 
0.628268 1.04681 11.2439 0.0441858 1112.82 
0.364159 2.53524 3.89296 0.0441858 259.548 
0.161091 3.25118 1.2987 0.0441858 198.64 
0.682729 0.741645 14.2137 0.0442661 1938.18 
0.296852 2.82234 2.88044 0.0441858 210.514 
0.108355 3.37609 0.826718 0.0441858 168.021 
0.0110317 3.54889 0.075525 0.0441858 168.021 
0.911328 0.0477701 71.5519 0.0441858 10481.5 
0.252619 2.97118 2.27114 0.0441858 259.548 
0.093894 3.4055 0.704368 0.0442661 168.021 
0.348485 2.5686 3.55995 0.0441858 397.28 
0.384611 2.43512 4.32264 0.0441858 210.514 
0.327214 2.69359 3.3732 0.0441858 177.204 
0.584582 1.31806 9.53694 0.0441858 587.626 
0.0148395 3.54204 0.101648 0.0441858 179.815 
0.509426 1.7607 7.01921 0.0441858 447.661 
0.580236 1.34067 9.53694 0.0441858 437.027 
0.678921 0.789816 14.2477 0.0441858 1112.82 
0.296105 2.82514 2.88044 0.0441858 198.64 
0.585715 1.30927 9.53694 0.0441858 645.424 
0.261736 2.94848 2.44822 0.0441858 165.03 
0.45008 2.09994 5.56255 0.0441858 330.061 
0.360222 2.55255 3.87669 0.0441858 210.514 
0.893861 0.0711523 57.1078 0.0441858 10354.1 
0.482951 1.91449 6.42438 0.0442661 306.001 
0.473475 1.95626 6.02655 0.0441858 471.596 
0.0117001 3.5464 0.0798409 0.0441858 181.608 
0.0117001 3.5464 0.0798409 0.0441858 181.608 
0.328383 2.69193 3.3732 0.0441858 190.46 
0.402363 2.34376 4.58264 0.0459945 281.247 
0.948084 0.0138217 137.488 0.0441858 17934.4 
0.590021 1.28671 9.79929 0.0441858 556.41 
0.296105 2.82514 2.88044 0.0441858 198.64 
0.296105 2.82514 2.88044 0.0441858 198.64 
0.0159061 3.5418 0.109561 0.0441858 165.03 
0.908752 0.0509491 68.7441 0.0464433 10984.3 
0.940847 0.0195926 113.981 0.0441858 18563.6 
0.455466 2.06659 5.78352 0.0441858 259.548 
0.110687 3.37113 0.847908 0.0441858 164.482 
0.329875 2.688 3.3732 0.0441858 210.514 
0.936248 0.0230699 104.776 0.0441858 16476.9 
0.535356 1.60665 7.76995 0.0441858 519.097 
0.156181 3.26071 1.24776 0.0441858 210.514 
0.359275 2.55477 3.87669 0.0441858 198.64 
0.367182 2.52094 3.9893 0.0441858 218.514 
0.509511 1.75813 7.1834 0.0441858 313.539 
0.365157 2.52815 3.89296 0.0441858 281.247 
0.936248 0.0230699 104.776 0.0441858 16476.9 
0.394318 2.39115 4.46034 0.0442661 246.697 
0.45328 2.07567 5.58301 0.0441858 397.28 
0.571333 1.39698 9.06481 0.0441858 519.097 
0.339462 2.64198 3.55995 0.0441858 184.949 
0.574078 1.38006 9.23006 0.0441858 471.596 
0.135297 3.31598 1.06976 0.0441858 159.349 
0.878346 0.0923072 51.2361 0.0464433 4483.61 
0.842361 0.166991 35.776 0.0442661 5804.84 
0.779075 0.354035 23.9951 0.0441858 2061.84 
0.885027 0.0846108 52.3881 0.0441858 8238.45 
0.265448 2.93716 2.4519 0.0441858 218.514 
0.44461 2.12405 5.55026 0.0442661 242.272 
0.187002 3.18392 1.5793 0.0441858 159.349 
0.26169 2.94851 2.44822 0.0441858 164.482 
0.516675 1.71266 7.1834 0.0441858 519.097 
0.947596 0.0141852 135.61 0.0441858 17934.4 
0.542267 1.56711 8.00356 0.0441858 515.46 
0.296852 2.82234 2.88044 0.0441858 210.514 
0.778467 0.355965 23.9951 0.0441858 1938.18 
0.135297 3.31598 1.06976 0.0441858 159.349 
0.609659 1.13284 11.2439 0.0441858 328.963 
0.582914 1.32845 9.53694 0.0441858 519.097 
0.678921 0.789816 14.2477 0.0441858 1112.82 
0.580638 1.33911 9.53694 0.0441858 447.661 
0.135297 3.31598 1.06976 0.0441858 159.349 
0.156181 3.26071 1.24776 0.0441858 210.514 
0.877991 0.0946464 47.9902 0.0441858 10984.3 
0.920316 0.0381798 80.0289 0.0441858 13827.2 
0.670264 0.826159 14.2137 0.0441858 612.001 
0.878329 0.0941434 48.1575 0.0441858 10955.6 
0.909952 0.0495872 67.8052 0.0441858 17934.4 
0.297558 2.81948 2.9011 0.0441858 198.64 
0.0168815 3.53935 0.115969 0.0441858 177.204 
0.549646 1.5241 8.25593 0.0441858 519.097 
0.392586 2.40028 4.41227 0.0441858 259.548 
0.329875 2.688 3.3732 0.0441858 210.514 
0.815011 0.238039 29.5426 0.0441858 3984.34 
0.0802519 3.43183 0.590926 0.0441858 177.204 
0.678921 0.789816 14.2477 0.0441858 1112.82 
0.551542 1.50624 8.25593 0.0441858 612.001 
0.420745 2.25673 4.9839 0.0441858 259.548 
0.0297108 3.52058 0.207718 0.0441858 164.482 
0.455466 2.06659 5.78352 0.0441858 259.548 
0.528592 1.64448 7.76995 0.0441858 329.327 
0.329028 2.69051 3.3732 0.0441858 198.64 
0.579594 1.343 9.53694 0.0441858 421.027 
0.3977 2.37422 4.48963 0.0441858 281.247 
0.877991 0.0946464 47.9902 0.0441858 10984.3 
0.542267 1.56711 8.00356 0.0441858 515.46 
0.528633 1.64435 7.76995 0.0441858 330.061 
0.291118 2.84399 2.8001 0.0442661 210.514 
0.547308 1.53959 8.25593 0.0441858 437.027 
0.527189 1.64856 7.76995 0.0441858 306.001 
0.922006 0.0367601 80.6265 0.0441858 17923.5 
0.340621 2.63987 3.55995 0.0441858 198.64 
0.348036 2.57789 3.55995 0.0441858 375.896 
0.223949 3.07407 1.98899 0.0441858 159.16 
0.0593916 3.46594 0.424806 0.0441858 198.64 
0.271588 2.91251 2.52044 0.0441858 236.699 
0.546747 1.54254 8.25593 0.0441858 421.027 
0.166946 3.23688 1.3773 0.0441858 153 
0.348931 2.55813 3.55995 0.0441858 421.027 
0.550792 1.51403 8.25593 0.0441858 571.57 
0.42224 2.24956 4.9839 0.0441858 286.586 
0.437109 2.13275 5.55026 0.0441858 172.208 
0.348519 2.56786 3.55995 0.0441858 398.984 
0.242233 3.01782 2.17586 0.0441858 198.64 
0.949395 0.0130205 141.779 0.0441858 18563.6 
0.944261 0.016734 124.191 0.0442661 17934.4 
0.793422 0.304343 25.8239 0.0441858 2969.38 
0.252619 2.97118 2.27114 0.0441858 259.548 
0.625489 1.07474 11.2014 0.0442661 894.011 
0.108769 3.37387 0.826718 0.0442661 181.608 
0.485802 1.89881 6.4917 0.0441858 313.398 
0.364159 2.53524 3.89296 0.0441858 259.548 
0.488884 1.86553 6.3988 0.0441858 519.097 
0.266837 2.92342 2.44822 0.0441858 259.548 
0.266274 2.929 2.44822 0.0442661 244.228 
0.513938 1.73656 7.1834 0.0441858 415.347 
0.299217 2.80648 2.88044 0.0441858 259.548 
0.881572 0.0893753 51.6479 0.0441858 5938.75 
0.675543 0.808647 14.2137 0.0442661 863.932 
0.227663 3.05419 1.98159 0.0441858 246.697 
0.76911 0.372654 21.99 0.0441858 3871.84 
0.835856 0.183865 34.3721 0.0442661 4483.61 
0.264388 2.94255 2.4519 0.0441858 198.64 
0.503151 1.79843 6.95519 0.0442661 336.042 
0.880565 0.0909116 51.2361 0.0441858 5725.7 
0.329875 2.688 3.3732 0.0441858 210.514 
0.779873 0.351154 23.9951 0.0441858 2249.98 
0.23687 3.03525 2.11166 0.0441858 198.64 
0.0593916 3.46594 0.424806 0.0441858 198.64 
0.241125 3.02158 2.17586 0.0441858 179.815 
0.517412 1.70389 7.1834 0.0441858 556.41 
0.160441 3.25511 1.2987 0.0441858 181.617 
0.326297 2.69418 3.3732 0.0441858 168.021 
0.344304 2.62357 3.55995 0.0441858 259.548 
0.585086 1.31436 9.53694 0.0441858 612.001 
0.0224383 3.53028 0.154862 0.0441858 181.608 
0.585086 1.31436 9.53694 0.0441858 612.001 
0.156181 3.26071 1.24776 0.0441858 210.514 
0.791554 0.310883 26.0512 0.0441858 2061.84 
0.0564769 3.47562 0.40608 0.0442661 168.021 
0.504379 1.79273 6.95519 0.0441858 363.216 
0.298579 2.81203 2.88044 0.0441858 244.228 
0.0470488 3.49221 0.335785 0.0441858 159.349 
0.384611 2.43512 4.32264 0.0441858 210.514 
0.364159 2.53524 3.89296 0.0441858 259.548 
0.35515 2.55783 3.87669 0.0441858 159.349 
0.220609 3.08573 1.94526 0.0441858 165.03 
0.668927 0.827468 14.2477 0.0441858 556.41 
0.489846 1.86035 6.42438 0.0441858 519.097 
0.87789 0.0950039 47.9902 0.0441858 10704.6 
0.822724 0.216063 31.0477 0.0441858 4602.64 
0.931005 0.0281199 93.5346 0.0441858 18563.6 
0.877991 0.0946464 47.9902 0.0441858 10984.3 
0.947596 0.0141852 135.61 0.0441858 17934.4 
0.86051 0.127565 42.8435 0.0441858 4152.77 
0.793713 0.302917 25.8239 0.0441858 3094.24 
0.886096 0.0828934 52.7389 0.0441858 8967.21 
0.299217 2.80648 2.88044 0.0441858 259.548 
0.221703 3.07416 1.98159 0.0442661 140.624 
0.874144 0.102331 47.9902 0.0441858 5492.17 
0.118345 3.35373 0.909752 0.0441858 181.608 
0.330394 2.68605 3.3732 0.0441858 218.514 
0.0107761 3.54896 0.0736602 0.0441858 172.208 
0.673094 0.818236 14.2137 0.0441858 725.605 
0.68878 0.730276 15.5239 0.0441858 669.036 
0.5199 1.70193 7.38689 0.0441858 397.28 
0.688536 0.730791 15.5239 0.0441858 660.121 
0.329875 2.688 3.3732 0.0441858 210.514 
0.535356 1.60665 7.76995 0.0441858 519.097 
0.473475 1.95626 6.02655 0.0441858 471.596 
0.931437 0.0277794 94.0312 0.0441858 19135.7 
0.441822 2.12966 5.55026 0.0441858 210.514 
0.562458 1.41652 9.17105 0.0442661 281.247 
0.156181 3.26071 1.24776 0.0441858 210.514 
0.816191 0.233936 30.8222 0.0441858 2320.45 
0.877991 0.0946464 47.9902 0.0441858 10984.3 
0.329875 2.688 3.3732 0.0441858 210.514 
0.412498 2.26639 5.00097 0.0441858 165.03 
0.961163 0.00522763 227.962 0.0441858 19135.7 
0.938635 0.0198714 113.981 0.050355 13472.9 
0.342046 2.6356 3.55995 0.0441858 218.514 
0.13708 3.30603 1.06976 0.0441858 210.514 
0.542267 1.56711 8.00356 0.0441858 515.46 
0.79921 0.276098 28.4274 0.0441858 1451.21 
0.582914 1.32845 9.53694 0.0441858 519.097 
0.76447 0.40727 21.99 0.0441858 1935.92 
0.922774 0.0344211 85.6101 0.0441858 10704.6 
0.325977 2.69426 3.3732 0.0441858 165.03 
0.42625 2.21468 4.9839 0.0441858 397.28 
0.42154 2.25253 5.00097 0.0441858 259.548 
0.900937 0.0613065 62.0955 0.0441858 10704.6 
0.821839 0.219869 31.0477 0.0441858 3984.34 
0.840132 0.170886 36.5346 0.0478183 3094.24 
0.887856 0.0768348 52.3881 0.0441858 16476.9 
0.674898 0.810963 14.2477 0.0441858 794.559 
0.697898 0.693873 15.5239 0.0441858 1338.07 
0.473475 1.95626 6.02655 0.0441858 471.596 
0.673094 0.818236 14.2137 0.0441858 725.605 
0.821839 0.219869 31.0477 0.0441858 3984.34 
0.578547 1.34642 9.53694 0.0441858 397.28 
0.608806 1.1733 10.741 0.0441858 501.55 
0.659919 0.889623 13.0878 0.0441858 967.959 
0.299217 2.80648 2.88044 0.0441858 259.548 
0.550792 1.51403 8.25593 0.0441858 571.57 
0.156181 3.26071 1.24776 0.0441858 210.514 
0.287355 2.85067 2.71718 0.0441858 259.548 
0.581476 1.33557 9.53694 0.0441858 471.596 
0.388573 2.41321 4.41227 0.0441858 202.624 
0.239611 3.02323 2.17586 0.0441858 159.16 
0.252619 2.97118 2.27114 0.0441858 259.548 
0.297558 2.81948 2.9011 0.0441858 198.64 
0.922006 0.0367601 80.6265 0.0441858 17923.5 
0.189158 3.15994 1.56104 0.0441858 259.548 
0.80881 0.253822 29.5426 0.0441858 1992.17 
0.246019 3.00534 2.22178 0.0441858 198.64 
0.931005 0.0281199 93.5346 0.0441858 18563.6 
0.412166 2.27067 4.9839 0.0441858 168.021 
0.715246 0.593907 16.6206 0.0441858 2286.28 
0.159372 3.25741 1.2987 0.0441858 159.16 
0.340621 2.63987 3.55995 0.0441858 198.64 
0.246019 3.00534 2.22178 0.0441858 198.64 
0.416687 2.26437 5.00097 0.0441858 198.64 
0.887856 0.0768348 52.3881 0.0441858 16476.9 
0.0441334 3.49714 0.313354 0.0441858 165.03 
0.86097 0.127131 42.7953 0.0441858 4439.49 
0.014764 3.54352 0.10159 0.0441858 164.482 
0.587562 1.29888 9.79929 0.0441858 471.596 
0.228704 3.04684 1.98899 0.0441858 259.548 
0.694751 0.711957 15.5239 0.0441858 996.084 
0.728168 0.549817 17.888 0.0441858 1935.92 
0.758842 0.422533 20.9734 0.0441858 2620.38 
0.247815 2.99704 2.27114 0.0441858 165.03 
0.135297 3.31598 1.06976 0.0441858 159.349 
0.589038 1.29209 9.79929 0.0441858 519.097 
0.578547 1.34642 9.53694 0.0441858 397.28 
0.138535 3.28503 1.0734 0.0441858 259.548 
0.388207 2.41382 4.41227 0.0441858 198.64 
0.364159 2.53524 3.89296 0.0441858 259.548 
0.242233 3.01782 2.17586 0.0441858 198.64 
0.585086 1.31436 9.53694 0.0441858 612.001 
0.453911 2.06701 5.58301 0.044521 421.027 
0.576401 1.36656 9.23006 0.0441858 556.41 
0.391145 2.4065 4.41227 0.0441858 235.798 
0.933767 0.0256249 98.4644 0.0441858 18563.6 
0.297558 2.81948 2.9011 0.0441858 198.64 
0.560485 1.43613 8.48484 0.0441858 794.559 
0.578547 1.34642 9.53694 0.0441858 397.28 
0.877991 0.0946464 47.9902 0.0441858 10984.3 
0.2641 2.94323 2.44822 0.0442661 198.64 
0.76447 0.40727 21.99 0.0441858 1935.92 
0.292426 2.83733 2.84586 0.0442661 181.608 
0.52896 1.64327 7.76995 0.0441858 336.042 
0.299217 2.80648 2.88044 0.0441858 259.548 
0.936248 0.0230699 104.776 0.0441858 16476.9 
0.118628 3.33968 0.901489 0.0441858 232.984 
0.365157 2.52815 3.89296 0.0441858 281.247 
0.0595371 3.4623 0.424806 0.0441858 210.514 
0.364159 2.53524 3.89296 0.0441858 259.548 
0.0802519 3.43183 0.590926 0.0441858 177.204 
0.0380294 3.50721 0.268226 0.0441858 165.03 
0.573024 1.38675 9.17105 0.0441858 484.544 
0.392586 2.40028 4.41227 0.0441858 259.548 
0.589038 1.29209 9.79929 0.0441858 519.097 
0.546747 1.54254 8.25593 0.0441858 421.027 
0.469057 1.99527 6.02655 0.0441858 330.061 
0.0485818 3.48867 0.345243 0.0441858 177.816 
0.641351 0.986901 11.9976 0.0441858 969.088 
0.542267 1.56711 8.00356 0.0441858 515.46 
0.344304 2.62357 3.55995 0.0441858 259.548 
0.783815 0.332675 24.1748 0.0441858 3277.13 
0.135549 3.31577 1.06976 0.0441858 165.03 
0.730892 0.510104 17.888 0.0459945 3094.24 
0.217056 3.09802 1.89272 0.0441858 181.608 
0.877991 0.0946464 47.9902 0.0441858 10984.3 
0.923238 0.0342815 85.5907 0.0442661 11451.4 
0.0137728 3.54488 0.0949258 0.0441858 156.699 
0.394762 2.38596 4.41227 0.0441858 306.001 
0.161091 3.25118 1.2987 0.0441858 198.64 
0.38997 2.41016 4.41227 0.0441858 219.401 
0.0699251 3.45193 0.510988 0.0441858 164.482 
0.5404 1.58067 8.00356 0.0441858 447.005 
0.450573 2.09648 5.56255 0.0441858 342.364 
0.215613 3.1001 1.89272 0.0441858 159.349 
0.948328 0.0137986 137.488 0.0441858 18563.6 
0.871677 0.104511 47.9902 0.0441858 4152.77 
0.473826 1.95145 6.02655 0.0441858 488.209 
0.179231 3.20627 1.48608 0.0441858 181.608 
0.189158 3.15994 1.56104 0.0441858 259.548 
0.550483 1.51695 8.25593 0.0441858 556.41 
0.573024 1.38675 9.17105 0.0441858 484.544 
0.536266 1.59753 7.76995 0.0441858 562.494 
0.936248 0.0230699 104.776 0.0441858 16476.9 
0.34579 2.61236 3.67089 0.0441858 181.608 
0.550483 1.51695 8.25593 0.0441858 556.41 
0.712948 0.619703 16.6206 0.0442661 1638.56 
0.24124 3.02131 2.17586 0.0441858 181.608 
0.709442 0.640842 16.6206 0.0446208 1143.14 
0.080674 3.4271 0.590926 0.0441858 198.64 
0.161091 3.25118 1.2987 0.0441858 198.64 
0.748025 0.470915 20.3702 0.0441858 1369.46 
0.299217 2.80648 2.88044 0.0441858 259.548 
0.542352 1.56638 8.00356 0.0441858 519.097 
0.473475 1.95626 6.02655 0.0441858 471.596 
0.228704 3.04684 1.98899 0.0441858 259.548 
0.348931 2.55813 3.55995 0.0441858 421.027 
0.20123 3.14156 1.70341 0.0441858 210.514 
0.206927 3.12733 1.79091 0.0441858 164.663 
0.337569 2.65243 3.452 0.0441858 259.548 
0.818631 0.228548 31.0477 0.0441858 2676.14 
0.550792 1.51403 8.25593 0.0441858 571.57 
0.953113 0.0102075 161.253 0.044521 17923.5 
0.329875 2.688 3.3732 0.0441858 210.514 
0.364159 2.53524 3.89296 0.0441858 259.548 
0.393203 2.39687 4.44173 0.0441858 244.105 
0.531261 1.634 7.76995 0.0441858 385.031 
0.551472 1.50701 8.25593 0.0441858 608.006 
0.294075 2.82913 2.88044 0.0441858 172.208 
0.341505 2.63747 3.55995 0.0441858 210.514 
0.341059 2.63878 3.55995 0.0441858 204.362 
0.187256 3.1827 1.56104 0.0441858 198.64 
0.435886 2.16131 5.17701 0.0441858 421.027 
0.626252 1.06669 11.2014 0.0441858 969.088 
0.83434 0.187349 33.9026 0.0441858 4640.89 
0.485854 1.89801 6.3988 0.0441858 397.28 
0.772961 0.367364 23.9951 0.0441858 1253.59 
0.535356 1.60665 7.76995 0.0441858 519.097 
0.822684 0.216201 31.0477 0.0442661 4572.56 
0.135297 3.31598 1.06976 0.0441858 159.349 
0.329875 2.688 3.3732 0.0441858 210.514 
0.782267 0.338938 23.9951 0.0441858 3094.24 
0.893116 0.0722352 56.9906 0.0441858 9281.78 
0.886671 0.0811915 52.3881 0.0442661 11622.9 
0.42765 2.20254 5.00097 0.0441858 421.027 
0.771191 0.369696 23.9951 0.0441858 1124.99 
0.589038 1.29209 9.79929 0.0441858 519.097 
0.818788 0.227171 30.7983 0.0478183 3094.24 
0.585086 1.31436 9.53694 0.0441858 612.001 
0.307918 2.77837 3.05121 0.0441858 198.64 
0.178035 3.20852 1.48608 0.0441858 159.166 
0.878705 0.0915911 47.9902 0.0441858 13472.9 
0.42154 2.25253 5.00097 0.0441858 259.548 
0.4258 2.22481 5.00097 0.0441858 354.407 
0.234767 3.04058 2.11166 0.0441858 165.03 
0.424938 2.23252 5.00097 0.0441858 330.061 
0.900937 0.0613065 62.0955 0.0441858 10704.6 
0.76911 0.372654 21.99 0.0441858 3871.84 
0.881572 0.0893753 51.6479 0.0441858 5938.75 
0.574078 1.38006 9.23006 0.0441858 471.596 
0.264759 2.9405 2.44822 0.0441858 210.514 
0.936248 0.0230699 104.776 0.0441858 16476.9 
0.485905 1.89729 6.3988 0.0442661 398.984 
0.552144 1.4988 8.25593 0.0442661 649.088 
0.234767 3.04058 2.11166 0.0441858 165.03 
0.781457 0.343848 23.9951 0.0441858 2746.08 
0.23687 3.03525 2.11166 0.0441858 198.64 
0.298489 2.81235 2.88044 0.0442661 242.272 
0.0148395 3.54204 0.101648 0.0441858 179.815 
0.924282 0.0338747 85.6101 0.0441858 13472.9 
0.344304 2.62357 3.55995 0.0441858 259.548 
0.320165 2.71082 3.15582 0.0441858 313.398 
0.911202 0.0480153 68.7441 0.0441858 19135.7 
0.514907 1.72938 7.1834 0.0441858 447.005 
0.0499313 3.48725 0.356427 0.0441858 168.021 
0.329605 2.68888 3.3732 0.0441858 206.584 
0.510057 1.75502 7.01921 0.0441858 471.596 
0.344304 2.62357 3.55995 0.0441858 259.548 
0.895867 0.0657218 56.9906 0.0441858 18563.6 
0.86383 0.122046 42.7953 0.0441858 6736.44 
0.423688 2.24015 4.9839 0.0441858 318.697 
0.828598 0.199133 33.7299 0.0459945 2550.58 
0.391145 2.4065 4.41227 0.0441858 235.798 
0.189158 3.15994 1.56104 0.0441858 259.548 
0.877991 0.0946464 47.9902 0.0441858 10984.3 
0.344304 2.62357 3.55995 0.0441858 259.548 
0.530145 1.63889 7.76995 0.0441858 359.63 
0.105231 3.38214 0.803558 0.0441858 155.809 
0.36616 2.52222 3.999 0.0441858 198.64 
0.161723 3.24487 1.2987 0.0441858 218.514 
0.531749 1.6316 7.76995 0.0441858 397.28 
0.156181 3.26071 1.24776 0.0441858 210.514 
0.0973265 3.39875 0.735367 0.0441858 159.16 
0.42154 2.25253 5.00097 0.0441858 259.548 
0.284384 2.86989 2.71718 0.0441858 198.64 
0.547328 1.53757 8.17471 0.0441858 519.097 
0.899926 0.0623316 62.0955 0.0441858 8967.21 
0.449515 2.10358 5.58301 0.0441858 298.854 
0.420745 2.25673 4.9839 0.0441858 259.548 
0.822061 0.218997 31.0477 0.0441858 4123.68 
0.337569 2.65243 3.452 0.0441858 259.548 
0.332556 2.67356 3.3732 0.0441858 259.548 
0.189158 3.15994 1.56104 0.0441858 259.548 
0.344304 2.62357 3.55995 0.0441858 259.548 
0.473475 1.95626 6.02655 0.0441858 471.596 
0.327458 2.69333 3.3732 0.0441858 179.815 
0.80686 0.263437 28.4274 0.0441858 2746.08 
0.79921 0.276098 28.4274 0.0441858 1451.21 
0.300688 2.80089 2.9011 0.0441858 259.548 
0.13708 3.30603 1.06976 0.0441858 210.514 
0.944982 0.0157846 128.422 0.0441858 16476.9 
0.23474 3.04059 2.11166 0.0441858 164.663 
0.135297 3.31598 1.06976 0.0441858 159.349 
0.261972 2.9475 2.4519 0.0441858 164.482 
0.365157 2.52815 3.89296 0.0441858 281.247 
0.036307 3.50999 0.256118 0.0441858 159.166 
0.783815 0.332675 24.1748 0.0441858 3277.13 
0.578436 1.34988 9.23006 0.0441858 660.121 
0.479794 1.93366 6.32802 0.0441858 313.455 
0.44883 2.10734 5.55026 0.0441858 313.398 
0.720803 0.58482 17.888 0.0441858 967.959 
0.479969 1.92422 6.42438 0.0441858 259.548 
0.135297 3.31598 1.06976 0.0441858 159.349 
0.5199 1.70193 7.38689 0.0441858 397.28 
0.527189 1.64856 7.76995 0.0441858 306.001 
0.364159 2.53524 3.89296 0.0441858 259.548 
0.337569 2.65243 3.452 0.0441858 259.548 
0.531261 1.634 7.76995 0.0441858 385.031 
0.252019 2.97805 2.27114 0.0441858 242.272 
0.789765 0.315904 25.618 0.0464433 2226.67 
0.544033 1.5584 8.17471 0.0441858 409.641 
0.347747 2.59796 3.58207 0.0441858 313.455 
0.420745 2.25673 4.9839 0.0441858 259.548 
0.776069 0.358227 23.9951 0.050355 1589.12 
0.951923 0.0110077 155.036 0.0441858 17805.1 
0.79921 0.276098 28.4274 0.0441858 1451.21 
0.189158 3.15994 1.56104 0.0441858 259.548 
0.225382 3.07177 1.98159 0.0442661 191.569 
0.767888 0.394541 22.4879 0.0441858 1886.39 
0.300688 2.80089 2.9011 0.0441858 259.548 
0.344304 2.62357 3.55995 0.0441858 259.548 
0.469057 1.99527 6.02655 0.0441858 330.061 
0.36616 2.52222 3.999 0.0441858 198.64 
0.0440504 3.49725 0.313354 0.0441858 159.349 
0.135297 3.31598 1.06976 0.0441858 159.349 
0.678921 0.789816 14.2477 0.0441858 1112.82 
0.751783 0.449729 21.1939 0.0441858 1112.82 
0.58626 1.3044 9.53694 0.0441858 677.422 
0.45111 2.0906 5.55026 0.0441858 372.275 
0.287355 2.85067 2.71718 0.0441858 259.548 
0.300044 2.80606 2.9011 0.0442661 244.228 
0.445848 2.12067 5.55026 0.0441858 259.548 
0.805173 0.267166 28.4953 0.0442661 2225.64 
0.877991 0.0946464 47.9902 0.0441858 10984.3 
0.544436 1.55513 8.17471 0.0446208 421.027 
0.553722 1.47584 8.25593 0.0441858 770.062 
0.585375 1.31209 9.53694 0.0441858 626.91 
0.509426 1.7607 7.01921 0.0441858 447.661 
0.449515 2.10358 5.58301 0.0441858 298.854 
0.228056 3.04882 1.98159 0.0441858 259.548 
0.472235 1.97071 6.02655 0.0441858 421.027 
0.874124 0.102353 47.9902 0.0441858 5477.82 
0.899926 0.0623316 62.0955 0.0441858 8967.21 
0.856626 0.13055 42.8986 0.0441858 2862.85 
0.299217 2.80648 2.88044 0.0441858 259.548 
0.894317 0.0702657 56.9906 0.0441858 11877.5 
0.3702 2.50706 3.999 0.0442661 259.548 
0.697898 0.693873 15.5239 0.0441858 1338.07 
0.694751 0.711957 15.5239 0.0441858 996.084 
0.505238 1.78781 6.95519 0.0441858 385.031 
0.668927 0.827468 14.2477 0.0441858 556.41 
0.300041 2.80646 2.9011 0.0441858 244.105 
0.0348077 3.51245 0.244693 0.0441858 164.482 
0.297426 2.82012 2.88856 0.0441858 210.514 
0.79921 0.276098 28.4274 0.0441858 1451.21 
0.1144 3.35886 0.871308 0.0442661 198.64 
0.841794 0.169159 35.776 0.0441858 5240.75 
0.925334 0.0333297 85.5907 0.0441858 16476.9 
0.412498 2.26639 5.00097 0.0441858 165.03 
0.841794 0.169159 35.776 0.0441858 5240.75 
0.874144 0.102331 47.9902 0.0441858 5492.17 
0.0986186 3.3888 0.735367 0.0441858 210.514 
0.86383 0.122046 42.7953 0.0441858 6736.44 
0.80561 0.266308 28.4953 0.0441858 2320.45 
0.947412 0.0143225 134.92 0.0441858 17934.4 
0.0973265 3.39875 0.735367 0.0441858 159.16 
0.535691 1.60347 7.76995 0.0441858 534.278 
0.957164 0.00766851 187.069 0.0441858 18563.6 
0.924268 0.0338887 85.5907 0.0441858 13472.9 
0.0654088 3.46016 0.475475 0.0441858 165.03 
0.42224 2.24956 4.9839 0.0441858 286.586 
0.933595 0.0256948 98.4644 0.0441858 17934.4 
0.332556 2.67356 3.3732 0.0441858 259.548 
0.582914 1.32845 9.53694 0.0441858 519.097 
0.755353 0.441451 21.1939 0.0442661 1451.21 
0.626252 1.06669 11.2014 0.0441858 969.088 
0.542352 1.56638 8.00356 0.0441858 519.097 
0.299217 2.80648 2.88044 0.0441858 259.548 
0.947412 0.0143225 134.92 0.0441858 17934.4 
0.94363 0.0168583 124.006 0.0441858 16476.9 
0.296105 2.82514 2.88044 0.0441858 198.64 
0.266837 2.92342 2.44822 0.0441858 259.548 
0.487289 1.88497 6.3988 0.0441858 447.005 
0.580236 1.34067 9.53694 0.0441858 437.027 
0.266837 2.92342 2.44822 0.0441858 259.548 
0.365157 2.52815 3.89296 0.0441858 281.247 
0.535356 1.60665 7.76995 0.0441858 519.097 
0.0185518 3.53783 0.128166 0.0441858 164.482 
0.344304 2.62357 3.55995 0.0441858 259.548 
0.637374 1.0144 11.9976 0.0441858 686.521 
0.469057 1.99527 6.02655 0.0441858 330.061 
0.909648 0.0501414 67.8052 0.0441858 16476.9 
0.156181 3.26071 1.24776 0.0441858 210.514 
0.0297108 3.52058 0.207718 0.0441858 164.482 
0.791939 0.309409 25.618 0.0441858 2862.85 
0.367183 2.52026 3.99604 0.0441858 213.374 
0.731944 0.500203 20.1767 0.0441858 612.001 
0.0143363 3.54401 0.0984902 0.0441858 168.021 
0.673094 0.818236 14.2137 0.0441858 725.605 
0.329875 2.688 3.3732 0.0441858 210.514 
0.299217 2.80648 2.88044 0.0441858 259.548 
0.242233 3.01782 2.17586 0.0441858 198.64 
0.299217 2.80648 2.88044 0.0441858 259.548 
0.84928 0.152164 37.9132 0.0441858 5725.7 
0.545832 1.54686 8.25593 0.0441858 397.28 
0.137434 3.30568 1.0734 0.0441858 208.798 
0.554445 1.46216 8.25593 0.0441858 842.054 
0.299217 2.80648 2.88044 0.0441858 259.548 
0.382898 2.43807 4.32264 0.0441858 191.526 
0.0244048 3.52846 0.170353 0.0441858 153 
0.589038 1.29209 9.79929 0.0441858 519.097 
0.895867 0.0657218 56.9906 0.0441858 18563.6 
0.721722 0.580503 17.9786 0.0441858 969.088 
0.344304 2.62357 3.55995 0.0441858 259.548 
0.294864 2.82812 2.88044 0.0441858 181.608 
0.0299122 3.51739 0.207718 0.0441858 188.516 
0.329875 2.688 3.3732 0.0441858 210.514 
0.364159 2.53524 3.89296 0.0441858 259.548 
0.428707 2.18499 5.00097 0.0441858 471.596 
0.25426 2.97061 2.29864 0.0441858 242.272 
0.535061 1.61177 7.88113 0.0441858 397.28 
0.329875 2.688 3.3732 0.0441858 210.514 
0.697774 0.694791 15.5239 0.0441858 1320.24 
0.578547 1.34642 9.53694 0.0441858 397.28 
0.809719 0.252878 28.4953 0.0441858 3871.84 
0.207943 3.12537 1.79091 0.0441858 181.608 
0.87712 0.0973028 47.9902 0.0441858 8961.76 
0.573024 1.38675 9.17105 0.0441858 484.544 
0.807662 0.261041 28.4953 0.0441858 2902.42 
0.042208 3.49989 0.300356 0.0441858 153 
0.340621 2.63987 3.55995 0.0441858 198.64 
0.339153 2.64236 3.55995 0.0441858 181.608 
0.584801 1.31649 9.53694 0.0441858 597.991 
0.578547 1.34642 9.53694 0.0441858 397.28 
0.542267 1.56711 8.00356 0.0441858 515.46 
0.728168 0.549817 17.888 0.0441858 1935.92 
0.948084 0.0138217 137.488 0.0441858 17934.4 
0.42154 2.25253 5.00097 0.0441858 259.548 
0.189158 3.15994 1.56104 0.0441858 259.548 
0.520727 1.69684 7.38689 0.0441858 421.027 
0.580638 1.33911 9.53694 0.0441858 447.661 
0.391145 2.4065 4.41227 0.0441858 235.798 
0.550792 1.51403 8.25593 0.0441858 571.57 
0.479794 1.93366 6.32802 0.0441858 313.455 
0.0595371 3.4623 0.424806 0.0441858 210.514 
0.922761 0.0344355 85.5907 0.0441858 10704.6 
0.293413 2.82952 2.88044 0.0441858 165.03 
0.923601 0.0339707 85.7972 0.0464433 11877.5 
0.364159 2.53524 3.89296 0.0441858 259.548 
0.296105 2.82514 2.88044 0.0441858 198.64 
0.0595371 3.4623 0.424806 0.0441858 210.514 
0.154774 3.26968 1.24776 0.0441858 172.251 
0.0726619 3.44186 0.527348 0.0441858 199.492 
0.293413 2.82952 2.88044 0.0441858 165.03 
0.470398 1.98663 6.02655 0.0441858 363.216 
0.364159 2.53524 3.89296 0.0441858 259.548 
0.242233 3.01782 2.17586 0.0441858 198.64 
0.877991 0.0946464 47.9902 0.0441858 10984.3 
0.528633 1.64435 7.76995 0.0441858 330.061 
0.817475 0.230582 31.0477 0.0441858 2391.96 
0.880565 0.0909116 51.2361 0.0441858 5725.7 
0.903397 0.0555866 66.9622 0.0441858 6736.44 
0.575471 1.37253 9.23006 0.0441858 519.097 
0.573024 1.38675 9.17105 0.0441858 484.544 
0.668927 0.827468 14.2477 0.0441858 556.41 
0.395647 2.37742 4.41227 0.0442661 330.061 
0.344304 2.62357 3.55995 0.0441858 259.548 
0.0148395 3.54204 0.101648 0.0441858 179.815 
0.895517 0.0687762 58.1195 0.0441858 10704.6 
0.130783 3.32431 1.03398 0.0441858 146.656 
0.363221 2.54046 3.89296 0.0441858 242.003 
0.578436 1.34988 9.23006 0.0441858 660.121 
0.392586 2.40028 4.41227 0.0441858 259.548 
0.936248 0.0230699 104.776 0.0441858 16476.9 
0.573024 1.38675 9.17105 0.0441858 484.544 
0.578547 1.34642 9.53694 0.0441858 397.28 
0.579594 1.343 9.53694 0.0441858 421.027 
0.550792 1.51403 8.25593 0.0441858 571.57 
0.029744 3.5204 0.207718 0.0441858 168.021 
0.585972 1.30703 9.53694 0.0441858 660.121 
0.861267 0.126748 42.7953 0.0441858 4602.64 
0.768223 0.393275 22.4879 0.0441858 1953.83 
0.826966 0.200937 33.7299 0.0464433 2226.67 
0.552312 1.49667 8.25593 0.0442661 660.121 
0.842288 0.167287 35.776 0.0442661 5725.7 
0.299217 2.80648 2.88044 0.0441858 259.548 
0.925871 0.0329575 85.5907 0.0441858 18563.6 
0.156181 3.26071 1.24776 0.0441858 210.514 
0.582914 1.32845 9.53694 0.0441858 519.097 
0.57262 1.38881 9.17105 0.0441858 471.596 
0.505679 1.78499 6.95519 0.0441858 397.28 
0.488884 1.86553 6.3988 0.0441858 519.097 
0.516675 1.71266 7.1834 0.0441858 519.097 
0.0799638 3.43313 0.590926 0.0441858 165.03 
0.337767 2.64307 3.55995 0.0442661 168.021 
0.00780463 3.5534 0.0533027 0.0442661 165.03 
0.420745 2.25673 4.9839 0.0441858 259.548 
0.569964 1.40474 9.06481 0.0441858 471.596 
0.578547 1.34642 9.53694 0.0441858 397.28 
0.680054 0.780798 14.2477 0.0441858 1253.59 
0.293413 2.82952 2.88044 0.0441858 165.03 
0.265448 2.93716 2.4519 0.0441858 218.514 
0.552312 1.49667 8.25593 0.0442661 660.121 
0.931849 0.0270778 95.9805 0.0441858 16611.1 
0.936248 0.0230699 104.776 0.0441858 16476.9 
0.573024 1.38675 9.17105 0.0441858 484.544 
0.573024 1.38675 9.17105 0.0441858 484.544 
0.578547 1.34642 9.53694 0.0441858 397.28 
0.575471 1.37253 9.23006 0.0441858 519.097 
0.696679 0.695904 15.5239 0.0478183 1195.98 
0.897378 0.0639889 62.0955 0.0441858 6356.47 
0.694751 0.711957 15.5239 0.0441858 996.084 
0.841794 0.169159 35.776 0.0441858 5240.75 
0.228056 3.04882 1.98159 0.0441858 259.548 
0.567168 1.41638 9.06481 0.0442661 397.28 
0.542267 1.56711 8.00356 0.0441858 515.46 
0.874144 0.102331 47.9902 0.0441858 5492.17 
0.344304 2.62357 3.55995 0.0441858 259.548 
0.49835 1.81339 6.95519 0.0441858 259.548 
0.240077 3.02278 2.17586 0.0442661 165.03 
0.528633 1.64435 7.76995 0.0441858 330.061 
0.340621 2.63987 3.55995 0.0441858 198.64 
0.217056 3.09802 1.89272 0.0441858 181.608 
0.876747 0.098203 47.9902 0.0441858 8305.55 
0.387885 2.42329 4.32264 0.0441858 259.548 
0.52253 1.67734 7.61396 0.0441858 306.001 
0.299217 2.80648 2.88044 0.0441858 259.548 
0.487289 1.88497 6.3988 0.0441858 447.005 
0.581879 1.33372 9.53694 0.0441858 484.005 
0.298687 2.81117 2.88044 0.0441858 246.697 
0.517412 1.70389 7.1834 0.0441858 556.41 
0.252619 2.97118 2.27114 0.0441858 259.548 
0.795784 0.279008 28.4274 0.0441858 1195.98 
0.248724 2.99385 2.28285 0.0441858 164.663 
0.299217 2.80648 2.88044 0.0441858 259.548 
0.364159 2.53524 3.89296 0.0441858 259.548 
0.895867 0.0657218 56.9906 0.0441858 18563.6 
0.325977 2.69426 3.3732 0.0441858 165.03 
0.948084 0.0138217 137.488 0.0441858 17934.4 
0.329875 2.688 3.3732 0.0441858 210.514 
0.237453 3.03202 2.11166 0.0441858 210.514 
0.792633 0.307759 25.8239 0.0441858 2676.14 
0.587562 1.29888 9.79929 0.0441858 471.596 
0.186498 3.18653 1.56104 0.0441858 181.608 
0.135297 3.31598 1.06976 0.0441858 159.349 
0.45328 2.07567 5.58301 0.0441858 397.28 
0.532614 1.62686 7.76995 0.0441858 421.027 
0.757737 0.432448 21.0905 0.0441858 1992.17 
0.473475 1.95626 6.02655 0.0441858 471.596 
0.450573 2.09648 5.56255 0.0441858 342.364 
0.178379 3.20831 1.48608 0.0441858 165.03 
0.0906746 3.40781 0.67179 0.0441858 198.64 
0.409776 2.2814 4.94087 0.0441858 165.03 
0.584801 1.31649 9.53694 0.0441858 597.991 
0.449557 2.10277 5.55026 0.0441858 330.061 
0.465078 2.01151 6.02655 0.0441858 259.548 
0.549646 1.5241 8.25593 0.0441858 519.097 
0.877076 0.0974152 47.9902 0.0441858 8878.99 
0.767531 0.395853 22.4029 0.0441858 1938.18 
0.391145 2.4065 4.41227 0.0441858 235.798 
0.296105 2.82514 2.88044 0.0441858 198.64 
0.578547 1.34642 9.53694 0.0441858 397.28 
0.0421627 3.50043 0.298773 0.0441858 164.482 
0.00663675 3.55543 0.0452786 0.0441858 164.482 
0.293378 2.82953 2.88044 0.0441858 164.663 
0.637374 1.0144 11.9976 0.0441858 686.521 
0.585086 1.31436 9.53694 0.0441858 612.001 
0.736522 0.4938 18.4261 0.0441858 3094.24 
0.507819 1.76786 6.95519 0.0441858 469.59 
0.345233 2.61601 3.55995 0.0441858 281.247 
0.489846 1.86035 6.42438 0.0441858 519.097 
0.452518 2.07581 5.55026 0.0441858 421.027 
0.80561 0.266308 28.4953 0.0441858 2320.45 
0.791939 0.309409 25.618 0.0441858 2862.85 
0.461709 2.03072 5.78352 0.0441858 397.28 
0.540421 1.58055 8.00356 0.0441858 447.661 
0.477951 1.94073 6.32802 0.0441858 281.247 
0.161091 3.25118 1.2987 0.0441858 198.64 
0.0272011 3.52411 0.190442 0.0441858 153 
0.957164 0.00766851 187.069 0.0441858 18563.6 
0.959443 0.00615968 209.552 0.0441858 18563.6 
0.906982 0.0531979 67.4599 0.0441858 10202.3 
0.0421627 3.50043 0.298773 0.0441858 164.482 
0.542352 1.56638 8.00356 0.0441858 519.097 
0.473475 1.95626 6.02655 0.0441858 471.596 
0.0397748 3.50392 0.282291 0.0441858 153 
0.473475 1.95626 6.02655 0.0441858 471.596 
0.0431584 3.49866 0.305804 0.0441858 168.021 
0.367183 2.52026 3.99604 0.0441858 213.374 
0.801364 0.272861 28.4953 0.0446208 1638.56 
0.549646 1.5241 8.25593 0.0441858 519.097 
0.45328 2.07567 5.58301 0.0441858 397.28 
0.553979 1.47085 8.25593 0.0442661 794.559 
0.550792 1.51403 8.25593 0.0441858 571.57 
0.550792 1.51403 8.25593 0.0441858 571.57 
0.573089 1.3864 9.17105 0.0441858 486.693 
0.420745 2.25673 4.9839 0.0441858 259.548 
0.822881 0.215751 31.0924 0.0441858 4572.56 
0.582914 1.32845 9.53694 0.0441858 519.097 
0.585086 1.31436 9.53694 0.0441858 612.001 
0.86097 0.127131 42.7953 0.0441858 4439.49 
0.542267 1.56711 8.00356 0.0441858 515.46 
0.877991 0.0946464 47.9902 0.0441858 10984.3 
0.0973265 3.39875 0.735367 0.0441858 159.16 
0.575067 1.37418 9.17105 0.0441858 562.494 
0.831724 0.193785 33.2412 0.0441858 4572.56 
0.387885 2.42329 4.32264 0.0441858 259.548 
0.0699251 3.45193 0.510988 0.0441858 164.482 
0.250662 2.98875 2.27114 0.0441858 210.514 
0.364159 2.53524 3.89296 0.0441858 259.548 
0.0808711 3.42343 0.590926 0.0441858 210.514 
0.531749 1.6316 7.76995 0.0441858 397.28 
0.465078 2.01151 6.02655 0.0441858 259.548 
0.772586 0.367893 23.9951 0.0441858 1224 
0.37682 2.47447 4.09883 0.0441858 281.247 
0.570363 1.40263 9.06481 0.0441858 484.544 
0.384611 2.43512 4.32264 0.0441858 210.514 
0.189158 3.15994 1.56104 0.0441858 259.548 
0.0441966 3.497 0.314465 0.0441858 159.16 
0.329028 2.69051 3.3732 0.0441858 198.64 
0.582914 1.32845 9.53694 0.0441858 519.097 
0.384611 2.43512 4.32264 0.0441858 210.514 
0.62428 1.0857 11.2014 0.0442661 795.716 
0.344304 2.62357 3.55995 0.0441858 259.548 
0.516675 1.71266 7.1834 0.0441858 519.097 
0.542352 1.56638 8.00356 0.0441858 519.097 
0.332556 2.67356 3.3732 0.0441858 259.548 
0.252619 2.97118 2.27114 0.0441858 259.548 
0.42154 2.25253 5.00097 0.0441858 259.548 
0.384611 2.43512 4.32264 0.0441858 210.514 
0.542538 1.55849 8.25593 0.0441858 330.061 
0.536144 1.59853 7.76995 0.0442661 556.41 
0.0421701 3.50041 0.298773 0.0441858 165.03 
0.582914 1.32845 9.53694 0.0441858 519.097 
0.391145 2.4065 4.41227 0.0441858 235.798 
0.00825892 3.55015 0.0560561 0.0441858 188.516 
0.296105 2.82514 2.88044 0.0441858 198.64 
0.447844 2.1126 5.55026 0.0441858 293.312 
0.450573 2.09648 5.56255 0.0441858 342.364 
0.344304 2.62357 3.55995 0.0441858 259.548 
0.589038 1.29209 9.79929 0.0441858 519.097 
0.340621 2.63987 3.55995 0.0441858 198.64 
0.0799498 3.43316 0.590926 0.0441858 164.482 
0.894317 0.0702657 56.9906 0.0441858 11877.5 
0.730107 0.527785 17.888 0.0441858 2620.38 
0.585715 1.30927 9.53694 0.0441858 645.424 
0.263478 2.94569 2.44822 0.0441858 188.516 
0.535356 1.60665 7.76995 0.0441858 519.097 
0.963855 0.00236527 342.441 0.0442661 18563.6 
0.473475 1.95626 6.02655 0.0441858 471.596 
0.298687 2.81117 2.88044 0.0441858 246.697 
0.554445 1.46216 8.25593 0.0441858 842.054 
0.49835 1.81339 6.95519 0.0441858 259.548 
0.792633 0.307759 25.8239 0.0441858 2676.14 
0.0699251 3.45193 0.510988 0.0441858 164.482 
0.243353 3.01068 2.22178 0.0441858 159.16 
0.225198 3.07271 1.98899 0.0441858 177.204 
0.513938 1.73656 7.1834 0.0441858 415.347 
0.906527 0.0532697 67.8052 0.0441858 8967.21 
0.332556 2.67356 3.3732 0.0441858 259.548 
0.552144 1.4988 8.25593 0.0442661 649.088 
0.876747 0.098203 47.9902 0.0441858 8305.55 
0.0588565 3.47187 0.424806 0.0441858 164.482 
0.0148395 3.54204 0.101648 0.0441858 179.815 
0.348931 2.55813 3.55995 0.0441858 421.027 
0.179959 3.20241 1.48608 0.0441858 198.64 
0.809792 0.251509 28.4274 0.0442661 4152.77 
0.135297 3.31598 1.06976 0.0441858 159.349 
0.0726619 3.44186 0.527348 0.0441858 199.492 
0.582914 1.32845 9.53694 0.0441858 519.097 
0.809719 0.252878 28.4953 0.0441858 3871.84 
0.447219 2.11276 5.58301 0.0442661 259.548 
0.266837 2.92342 2.44822 0.0441858 259.548 
0.957906 0.00695311 196.929 0.0441858 17934.4 
0.477951 1.94073 6.32802 0.0441858 281.247 
0.412498 2.26639 5.00097 0.0441858 165.03 
0.874144 0.102331 47.9902 0.0441858 5492.17 
0.466513 2.00693 6.02655 0.0441858 281.247 
0.516675 1.71266 7.1834 0.0441858 519.097 
0.925334 0.0333297 85.5907 0.0441858 16476.9 
0.680506 0.776599 14.2477 0.0441858 1320.24 
0.473475 1.95626 6.02655 0.0441858 471.596 
0.585086 1.31436 9.53694 0.0441858 612.001 
0.861053 0.127027 42.7953 0.0441858 4483.61 
0.446364 2.11779 5.56255 0.0441858 259.548 
0.5199 1.70193 7.38689 0.0441858 397.28 
0.932244 0.0269156 95.9805 0.0441858 17934.4 
0.910356 0.0490358 68.0639 0.0441858 18563.6 
0.863107 0.123684 42.8986 0.0442661 5725.7 
0.154149 3.27056 1.24776 0.0441858 159.349 
0.234033 3.04069 2.11166 0.0441858 155.809 
0.135297 3.31598 1.06976 0.0441858 159.349 
0.877991 0.0946464 47.9902 0.0441858 10984.3 
0.954926 0.00916275 170.51 0.0441858 18563.6 
0.300761 2.78749 2.88044 0.0441858 306.001 
0.589038 1.29209 9.79929 0.0441858 519.097 
0.0148395 3.54204 0.101648 0.0441858 179.815 
0.187256 3.1827 1.56104 0.0441858 198.64 
0.709442 0.640842 16.6206 0.0446208 1143.14 
0.901055 0.0611541 62.0955 0.0442661 10955.6 
0.449515 2.10358 5.58301 0.0441858 298.854 
0.541132 1.57584 8.00356 0.0441858 471.596 
0.578547 1.34642 9.53694 0.0441858 397.28 
0.900937 0.0613065 62.0955 0.0441858 10704.6 
0.0566961 3.47419 0.40608 0.0441858 181.608 
0.329875 2.688 3.3732 0.0441858 210.514 
0.75099 0.453129 21.0905 0.0441858 1112.82 
0.364159 2.53524 3.89296 0.0441858 259.548 
0.817475 0.230582 31.0477 0.0441858 2391.96 
0.501706 1.80044 6.76961 0.0441858 484.544 
0.217056 3.09802 1.89272 0.0441858 181.608 
0.42154 2.25253 5.00097 0.0441858 259.548 
0.364159 2.53524 3.89296 0.0441858 259.548 
0.383578 2.43711 4.32264 0.0441858 198.64 
0.680506 0.776599 14.2477 0.0441858 1320.24 
0.435912 2.1498 5.15444 0.0441858 470.723 
0.0981508 3.39506 0.735367 0.0441858 188.516 
0.668927 0.827468 14.2477 0.0441858 556.41 
0.57262 1.38881 9.17105 0.0441858 471.596 
0.542267 1.56711 8.00356 0.0441858 515.46 
0.77776 0.356552 24.1748 0.0441858 1638.56 
0.156181 3.26071 1.24776 0.0441858 210.514 
0.287355 2.85067 2.71718 0.0441858 259.548 
0.331734 2.67925 3.3732 0.0441858 242.272 
0.29731 2.82018 2.88044 0.0441858 218.514 
0.265448 2.93716 2.4519 0.0441858 218.514 
0.302033 2.78504 2.9011 0.0441858 298.854 
0.242233 3.01782 2.17586 0.0441858 198.64 
0.228704 3.04684 1.98899 0.0441858 259.548 
0.00725642 3.55352 0.0493476 0.0441858 177.204 
0.189158 3.15994 1.56104 0.0441858 259.548 
0.882656 0.0882158 51.6479 0.0441858 6913.59 
0.425258 2.22982 5.00097 0.0441858 338.711 
0.332556 2.67356 3.3732 0.0441858 259.548 
0.589038 1.29209 9.79929 0.0441858 519.097 
0.531261 1.634 7.76995 0.0441858 385.031 
0.0802519 3.43183 0.590926 0.0441858 177.204 
0.586276 1.30425 9.53694 0.0441858 678.381 
0.252619 2.97118 2.27114 0.0441858 259.548 
0.5199 1.70193 7.38689 0.0441858 397.28 
0.815011 0.238039 29.5426 0.0441858 3984.34 
0.903152 0.0571548 62.0955 0.0441858 18563.6 
0.79921 0.276098 28.4274 0.0441858 1451.21 
0.138132 3.28594 1.06976 0.0441858 259.548 
0.299217 2.80648 2.88044 0.0441858 259.548 
0.465078 2.01151 6.02655 0.0441858 259.548 
0.437109 2.13275 5.55026 0.0441858 172.208 
0.905412 0.0546257 64.2111 0.0473348 16476.9 
0.573024 1.38675 9.17105 0.0441858 484.544 
0.761075 0.418452 21.3977 0.0441858 2219.75 
0.500461 1.80046 7.01921 0.0441858 259.548 
0.51542 1.72507 7.1834 0.0441858 465.78 
0.880732 0.0900999 51.6479 0.0441858 5352.29 
0.818499 0.2288 31.0477 0.0441858 2640.48 
0.0897844 3.41284 0.6675 0.0441858 181.608 
0.723796 0.575317 17.888 0.0441858 1216.01 
0.776069 0.358227 23.9951 0.050355 1589.12 
0.816962 0.231214 31.0477 0.0446208 2286.28 
0.62428 1.0857 11.2014 0.0442661 795.716 
0.220195 3.0859 1.94526 0.0441858 159.349 
0.887856 0.0768348 52.3881 0.0441858 16476.9 
0.578436 1.34988 9.23006 0.0441858 660.121 
0.550792 1.51403 8.25593 0.0441858 571.57 
0.851581 0.142743 40.7583 0.0441858 2902.42 
0.299217 2.80648 2.88044 0.0441858 259.548 
0.49835 1.81339 6.95519 0.0441858 259.548 
0.329875 2.688 3.3732 0.0441858 210.514 
0.473475 1.95626 6.02655 0.0441858 471.596 
0.589038 1.29209 9.79929 0.0441858 519.097 
0.767531 0.395853 22.4029 0.0441858 1938.18 
0.185611 3.18855 1.56104 0.0441858 165.03 
0.872664 0.103757 47.9902 0.0441858 4602.64 
0.585086 1.31436 9.53694 0.0441858 612.001 
0.682241 0.771273 14.822 0.0441858 770.062 
0.53205 1.63002 7.76995 0.0441858 405.248 
0.452206 2.08579 5.58301 0.0441858 363.216 
0.668927 0.827468 14.2477 0.0441858 556.41 
0.294505 2.82866 2.88044 0.0441858 177.204 
0.503457 1.7973 6.95519 0.0441858 342.364 
0.795656 0.279205 25.618 0.0441858 5725.7 
0.136756 3.30959 1.06976 0.0441858 198.929 
0.449515 2.10358 5.58301 0.0441858 298.854 
0.208792 3.12166 1.79091 0.0441858 198.64 
0.332556 2.67356 3.3732 0.0441858 259.548 
0.207943 3.12537 1.79091 0.0441858 181.608 
0.936248 0.0230699 104.776 0.0441858 16476.9 
0.49835 1.81339 6.95519 0.0441858 259.548 
0.925334 0.0333297 85.5907 0.0441858 16476.9 
0.746367 0.475248 20.3792 0.0441858 1195.98 
0.895518 0.0670694 56.9906 0.0441858 16476.9 
0.29731 2.82018 2.88044 0.0441858 218.514 
0.700922 0.661837 15.5239 0.0441858 1992.17 
0.669453 0.826402 14.2477 0.0441858 571.57 
0.673094 0.818236 14.2137 0.0441858 725.605 
0.69616 0.705022 15.5239 0.0441858 1124.99 
0.876747 0.098203 47.9902 0.0441858 8305.55 
0.156181 3.26071 1.24776 0.0441858 210.514 
0.332556 2.67356 3.3732 0.0441858 259.548 
0.527189 1.64856 7.76995 0.0441858 306.001 
0.23687 3.03525 2.11166 0.0441858 198.64 
0.281763 2.8745 2.71718 0.0441858 164.482 
0.057766 3.47372 0.417213 0.0441858 159.16 
0.831724 0.193785 33.2412 0.0441858 4572.56 
0.32905 2.69045 3.3732 0.0441858 198.929 
0.895657 0.065974 56.8549 0.0441858 18563.6 
0.445848 2.12067 5.55026 0.0441858 259.548 
0.264759 2.9405 2.44822 0.0441858 210.514 
0.296105 2.82514 2.88044 0.0441858 198.64 
0.296105 2.82514 2.88044 0.0441858 198.64 
0.385244 2.43355 4.32264 0.0441858 218.514 
0.923601 0.0339707 85.7972 0.0464433 11877.5 
0.918143 0.0407345 76.03 0.0441858 17934.4 
0.896479 0.0647981 61.5966 0.0478183 6188.47 
0.79921 0.276098 28.4274 0.0441858 1451.21 
0.187256 3.1827 1.56104 0.0441858 198.64 
0.105231 3.38214 0.803558 0.0441858 155.809 
0.585086 1.31436 9.53694 0.0441858 612.001 
0.880015 0.0913872 51.2361 0.0441858 5352.29 
0.925334 0.0333297 85.5907 0.0441858 16476.9 
0.0299122 3.51739 0.207718 0.0441858 188.516 
0.484174 1.90924 6.42438 0.0441858 330.061 
0.822061 0.218997 31.0477 0.0441858 4123.68 
0.925334 0.0333297 85.5907 0.0441858 16476.9 
0.266837 2.92342 2.44822 0.0441858 259.548 
0.542318 1.56658 8.0024 0.0441858 519.097 
0.0828311 3.423 0.608212 0.0441858 198.64 
0.363243 2.54035 3.89296 0.0441858 242.376 
0.189158 3.15994 1.56104 0.0441858 259.548 
0.342046 2.6356 3.55995 0.0441858 218.514 
0.797615 0.277561 28.4274 0.0441858 1320.24 
0.621987 1.10142 11.2014 0.0441858 657.927 
0.574004 1.3812 9.17105 0.0441858 519.097 
0.300688 2.80089 2.9011 0.0441858 259.548 
0.347744 2.60888 3.67089 0.0441858 204.362 
0.299217 2.80648 2.88044 0.0441858 259.548 
0.161091 3.25118 1.2987 0.0441858 198.64 
0.300688 2.80089 2.9011 0.0441858 259.548 
0.506463 1.77945 6.95519 0.0441858 421.027 
0.936248 0.0230699 104.776 0.0441858 16476.9 
0.325977 2.69426 3.3732 0.0441858 165.03 
0.293413 2.82952 2.88044 0.0441858 165.03 
0.528571 1.64455 7.76995 0.0441858 328.963 
0.473475 1.95626 6.02655 0.0441858 471.596 
0.573024 1.38675 9.17105 0.0441858 484.544 
0.86097 0.127131 42.7953 0.0441858 4439.49 
0.581476 1.33557 9.53694 0.0441858 471.596 
0.893116 0.0722352 56.9906 0.0441858 9281.78 
0.942121 0.016976 124.191 0.0441858 13472.9 
0.57248 1.38949 9.17105 0.0441858 467.283 
0.428706 2.20238 5.03576 0.0441858 397.28 
0.425161 2.23066 5.00097 0.0441858 336.042 
0.580236 1.34067 9.53694 0.0441858 437.027 
0.252619 2.97118 2.27114 0.0441858 259.548 
0.574004 1.3812 9.17105 0.0441858 519.097 
0.925334 0.0333297 85.5907 0.0441858 16476.9 
0.626252 1.06669 11.2014 0.0441858 969.088 
0.963583 0.00296519 305.08 0.0441858 18563.6 
0.266837 2.92342 2.44822 0.0441858 259.548 
0.790882 0.311236 25.3193 0.0441858 3182.86 
0.296105 2.82514 2.88044 0.0441858 198.64 
0.0297108 3.52058 0.207718 0.0441858 164.482 
0.0276758 3.52378 0.193069 0.0441858 164.482 
0.287355 2.85067 2.71718 0.0441858 259.548 
0.608878 1.1377 11.2014 0.0442661 328.963 
0.348485 2.5686 3.55995 0.0441858 397.28 
0.549646 1.5241 8.25593 0.0441858 519.097 
0.75317 0.446912 21.1939 0.0442661 1224 
0.948536 0.0137779 137.488 0.0441858 19135.7 
0.582914 1.32845 9.53694 0.0441858 519.097 
0.936248 0.0230699 104.776 0.0441858 16476.9 
0.138535 3.28503 1.0734 0.0441858 259.548 
0.578547 1.34642 9.53694 0.0441858 397.28 
0.0298597 3.51874 0.207718 0.0441858 181.608 
0.384611 2.43512 4.32264 0.0441858 210.514 
0.582914 1.32845 9.53694 0.0441858 519.097 
0.603013 1.21035 10.3006 0.0441858 636.641 
0.155802 3.26431 1.24776 0.0441858 198.64 
0.535356 1.60665 7.76995 0.0441858 519.097 
0.419152 2.26223 4.9839 0.0441858 235.798 
0.300688 2.80089 2.9011 0.0441858 259.548 
0.941018 0.0195539 113.981 0.0441858 19135.7 
0.450127 2.09872 5.55026 0.0441858 344.416 
0.403868 2.28769 4.48963 0.0441858 519.097 
0.332556 2.67356 3.3732 0.0441858 259.548 
0.34887 2.55965 3.55995 0.0441858 417.596 
0.957568 0.00758301 188.062 0.0441858 19135.7 
0.130783 3.32431 1.03398 0.0441858 146.656 
0.578547 1.34642 9.53694 0.0441858 397.28 
0.388573 2.41321 4.41227 0.0441858 202.624 
0.931849 0.0270778 95.9805 0.0441858 16611.1 
0.2641 2.94323 2.44822 0.0442661 198.64 
0.0327593 3.51574 0.229784 0.0441858 164.482 
0.449869 2.10172 5.58301 0.0441858 306.001 
0.527189 1.64856 7.76995 0.0441858 306.001 
0.420745 2.25673 4.9839 0.0441858 259.548 
0.527189 1.64856 7.76995 0.0441858 306.001 
0.0593916 3.46594 0.424806 0.0441858 198.64 
0.348485 2.5686 3.55995 0.0441858 397.28 
0.906527 0.0532697 67.8052 0.0441858 8967.21 
0.872359 0.104004 47.9902 0.0441858 4453.33 
0.555459 1.43841 8.25593 0.0441858 969.088 
0.534169 1.61654 7.76995 0.0441858 471.596 
0.589038 1.29209 9.79929 0.0441858 519.097 
0.425258 2.22982 5.00097 0.0441858 338.711 
0.267126 2.92243 2.4519 0.0441858 259.548 
0.730222 0.526071 17.888 0.0441858 2676.14 
0.23687 3.03525 2.11166 0.0441858 198.64 
0.0421627 3.50043 0.298773 0.0441858 164.482 
0.589038 1.29209 9.79929 0.0441858 519.097 
0.762001 0.413637 21.4433 0.0441858 2391.96 
0.86097 0.127131 42.7953 0.0441858 4439.49 
0.391145 2.4065 4.41227 0.0441858 235.798 
0.0421627 3.50043 0.298773 0.0441858 164.482 
0.293413 2.82952 2.88044 0.0441858 165.03 
0.964307 0.0019667 376.125 0.0441858 19135.7 
0.296105 2.82514 2.88044 0.0441858 198.64 
0.509426 1.7607 7.01921 0.0441858 447.661 
0.485802 1.89881 6.4917 0.0441858 313.398 
0.0595371 3.4623 0.424806 0.0441858 210.514 
0.963853 0.00238463 341.02 0.0441858 18563.6 
0.535061 1.61177 7.88113 0.0441858 397.28 
0.23687 3.03525 2.11166 0.0441858 198.64 
0.80751 0.261454 28.4274 0.0441858 2969.38 
0.49835 1.81339 6.95519 0.0441858 259.548 
0.925722 0.0330685 85.5907 0.0441858 17934.4 
0.579594 1.343 9.53694 0.0441858 421.027 
0.263012 2.94685 2.44822 0.0441858 181.608 
0.332556 2.67356 3.3732 0.0441858 259.548 
0.189158 3.15994 1.56104 0.0441858 259.548 
0.880565 0.0909116 51.2361 0.0441858 5725.7 
0.578547 1.34642 9.53694 0.0441858 397.28 
0.345888 2.60945 3.55995 0.0441858 298.854 
0.582914 1.32845 9.53694 0.0441858 519.097 
0.189158 3.15994 1.56104 0.0441858 259.548 
0.0297108 3.52058 0.207718 0.0441858 164.482 
0.827516 0.200062 33.8715 0.0441858 2225.64 
0.550792 1.51403 8.25593 0.0441858 571.57 
0.493561 1.84784 6.76961 0.0441858 279.306 
0.450127 2.09872 5.55026 0.0441858 344.416 
0.45984 2.04165 5.89283 0.0441858 259.548 
0.296852 2.82234 2.88044 0.0441858 210.514 
0.639891 0.999141 11.9976 0.0441858 842.054 
0.582914 1.32845 9.53694 0.0441858 519.097 
0.204017 3.13557 1.73879 0.0441858 198.64 
0.465078 2.01151 6.02655 0.0441858 259.548 
0.161723 3.24487 1.2987 0.0441858 218.514 
0.221671 3.08385 1.94526 0.0441858 181.608 
0.536266 1.59753 7.76995 0.0441858 562.494 
0.582914 1.32845 9.53694 0.0441858 519.097 
0.331396 2.68123 3.3732 0.0441858 235.798 
0.584801 1.31649 9.53694 0.0441858 597.991 
0.57262 1.38881 9.17105 0.0441858 471.596 
0.384611 2.43512 4.32264 0.0441858 210.514 
0.332556 2.67356 3.3732 0.0441858 259.548 
0.0981508 3.39506 0.735367 0.0441858 188.516 
0.00782457 3.55234 0.0532043 0.0441858 179.815 
0.527189 1.64856 7.76995 0.0441858 306.001 
0.582914 1.32845 9.53694 0.0441858 519.097 
0.652052 0.928257 12.5693 0.0441858 1038.19 
0.44883 2.10734 5.55026 0.0441858 313.398 
0.540421 1.58055 8.00356 0.0441858 447.661 
0.365995 2.52301 3.99604 0.0441858 198.64 
0.889841 0.075348 56.8549 0.0441858 5938.75 
0.419911 2.2581 5.00097 0.0441858 235.362 
0.843687 0.160091 35.776 0.0442661 7743.68 
0.228704 3.04684 1.98899 0.0441858 259.548 
0.296105 2.82514 2.88044 0.0441858 198.64 
0.0297108 3.52058 0.207718 0.0441858 164.482 
0.594139 1.25225 9.79929 0.0441858 794.559 
0.462783 2.02475 5.96759 0.0441858 259.548 
0.344304 2.62357 3.55995 0.0441858 259.548 
0.584801 1.31649 9.53694 0.0441858 597.991 
0.340621 2.63987 3.55995 0.0441858 198.64 
0.424272 2.23762 5.00097 0.0441858 313.398 
0.527189 1.64856 7.76995 0.0441858 306.001 
0.542267 1.56711 8.00356 0.0441858 515.46 
0.365157 2.52815 3.89296 0.0441858 281.247 
0.672049 0.820213 14.2477 0.0441858 660.121 
0.548864 1.52994 8.25593 0.0441858 488.457 
0.61973 1.11162 11.2014 0.044521 562.494 
0.900937 0.0613065 62.0955 0.0441858 10704.6 
0.542352 1.56638 8.00356 0.0441858 519.097 
0.0246688 3.52558 0.170353 0.0441858 188.516 
0.296105 2.82514 2.88044 0.0441858 198.64 
0.961946 0.00442851 248.382 0.0441858 18563.6 
0.584801 1.31649 9.53694 0.0441858 597.991 
0.0177206 3.53908 0.122309 0.0441858 164.663 
0.524214 1.66527 7.38689 0.0441858 562.494 
0.580236 1.34067 9.53694 0.0441858 437.027 
0.329028 2.69051 3.3732 0.0441858 198.64 
0.348485 2.5686 3.55995 0.0441858 397.28 
0.0699251 3.45193 0.510988 0.0441858 164.482 
0.215613 3.1001 1.89272 0.0441858 159.349 
0.756226 0.437002 21.3977 0.0441858 1369.46 
0.51114 1.7436 7.01921 0.0441858 519.097 
0.204017 3.13557 1.73879 0.0441858 198.64 
0.527189 1.64856 7.76995 0.0441858 306.001 
0.806142 0.265125 28.4953 0.0441858 2448 
0.332556 2.67356 3.3732 0.0441858 259.548 
0.189158 3.15994 1.56104 0.0441858 259.548 
0.963361 0.00362942 274.977 0.0441858 19135.7 
0.906527 0.0532697 67.8052 0.0441858 8967.21 
0.332556 2.67356 3.3732 0.0441858 259.548 
0.527189 1.64856 7.76995 0.0441858 306.001 
0.616431 1.1188 10.7216 0.0441858 967.959 
0.344304 2.62357 3.55995 0.0441858 259.548 
0.784331 0.331817 25.3193 0.0442661 1591.43 
0.803272 0.271037 28.4274 0.0441858 1938.18 
0.0803467 3.43109 0.590926 0.0441858 181.608 
0.958938 0.00669122 200.672 0.0441858 19135.7 
0.49835 1.81339 6.95519 0.0441858 259.548 
0.496135 1.81715 6.95519 0.0441858 234.795 
0.793422 0.304343 25.8239 0.0441858 2969.38 
0.221703 3.07416 1.98159 0.0442661 140.624 
0.479794 1.93366 6.32802 0.0441858 313.455 
0.542473 1.55867 8.25593 0.0441858 328.963 
0.486467 1.89525 6.42438 0.0441858 387.178 
0.300044 2.80606 2.9011 0.0442661 244.228 
0.795261 0.29319 25.8239 0.0441858 3984.34 
0.637374 1.0144 11.9976 0.0441858 686.521 
0.0172771 3.53931 0.118909 0.0441858 172.208 
0.525446 1.65243 7.76995 0.0442661 281.247 
