0.0562713 7.4879e-05 569.104 
0.0442742 0.10662 13.601 
0.0506436 0.0269308 28.9745 
0.0562435 8.90238e-05 521.882 
0.0563051 5.93414e-05 639.364 
0.0559422 0.000320772 274.604 
0.0212746 0.522089 3.8035 
0.0558706 0.000396842 246.813 
0.0126065 0.590661 2.51678 
0.050725 0.0262174 29.3863 
0.0274122 0.422622 5.01722 
0.055438 0.00102844 153.026 
0.0539655 0.00535945 66.5217 
0.0559235 0.000339808 266.781 
0.049714 0.0356825 24.9658 
0.048794 0.0454127 21.9375 
0.0389802 0.198963 9.22226 
0.0210847 0.524675 3.7712 
0.0552214 0.00145485 128.531 
0.0555224 0.00088216 165.291 
0.0534874 0.00747806 56.1531 
0.0322783 0.329848 6.33648 
0.0300856 0.372526 5.68901 
0.0553292 0.0012334 139.665 
0.0534065 0.00787041 54.7077 
0.0519397 0.0166481 37.2359 
0.049363 0.0392727 23.7198 
0.0549634 0.00205823 107.926 
0.0220176 0.511634 3.93232 
0.0558785 0.000388086 249.59 
0.0556226 0.000722925 182.671 
0.0560981 0.000182947 363.845 
0.0209145 0.526962 3.74247 
0.0281016 0.409977 5.17999 
0.0562128 0.000106087 478.017 
0.0561526 0.000143819 410.454 
0.0202898 0.535094 3.63866 
0.0551242 0.00166991 119.914 
0.0392242 0.19438 9.36691 
0.056083 0.000194595 352.767 
0.0547645 0.00259381 96.0427 
0.0530941 0.00947673 49.7558 
0.0548603 0.00232814 101.424 
0.0433271 0.121816 12.5673 
0.0239204 0.482616 4.28219 
0.0549865 0.00199982 109.503 
0.0561809 0.000125358 439.688 
0.0514265 0.0204441 33.4691 
0.0488757 0.0445076 22.1772 
0.0561648 0.000135739 422.513 
0.0546966 0.00279084 92.5578 
0.053982 0.00529223 66.9494 
0.056302 6.07001e-05 632.16 
0.0556571 0.000671827 189.519 
0.0305813 0.362971 5.82681 
0.0490138 0.042995 22.5943 
0.0493621 0.0392821 23.7167 
0.0545862 0.00312613 87.4027 
0.0562797 7.08466e-05 585.094 
0.055793 0.000488471 222.39 
0.0562697 7.56714e-05 566.113 
0.0154451 0.581488 2.90521 
0.0138709 0.588591 2.68722 
0.0543759 0.00381675 79.011 
0.0549887 0.00199439 109.653 
0.0150469 0.58372 2.84936 
0.0554776 0.000958321 158.555 
0.0491124 0.0419287 22.9015 
0.0174683 0.566108 3.19808 
0.0406084 0.168866 10.268 
0.0438101 0.113979 13.0757 
0.0223632 0.506594 3.99367 
0.0526159 0.0122141 43.6854 
0.0554866 0.000942699 159.869 
0.0561352 0.000155828 394.294 
0.053784 0.00612316 62.1683 
0.0249273 0.466113 4.48051 
0.0429984 0.127248 12.2417 
0.0561335 0.000156993 392.826 
0.054815 0.00245195 98.8078 
0.0468829 0.0687656 17.4737 
0.0555458 0.000843523 169.051 
0.0556153 0.000734065 181.273 
0.054337 0.00395202 77.6304 
0.0561633 0.000136728 420.98 
0.0544051 0.00371683 80.0788 
0.0554759 0.000961377 158.301 
0.0536978 0.00650322 60.293 
0.0537375 0.00632669 61.143 
0.0524818 0.0130415 42.2371 
0.0212076 0.523006 3.79208 
0.0529444 0.0102977 47.6839 
0.0511245 0.0228479 31.583 
0.0158097 0.579203 2.95683 
0.017795 0.563045 3.24699 
0.0466418 0.071991 17.0317 
0.0362051 0.252412 7.81079 
0.0559818 0.000282113 292.863 
0.0154844 0.581252 2.91076 
0.0562684 7.62803e-05 563.846 
0.0561091 0.000174707 372.343 
0.0516414 0.01881 34.9512 
0.0480112 0.0544856 19.8701 
0.0559149 0.000348832 263.299 
0.0466002 0.0725545 16.9574 
0.030714 0.360402 5.8645 
0.0536461 0.00673671 59.2202 
0.0433516 0.121414 12.5923 
0.0424903 0.135794 11.7675 
0.0541239 0.00473343 70.8489 
0.0338508 0.298822 6.87018 
0.0550201 0.00191679 111.868 
0.0255646 0.455309 4.61135 
0.0560786 0.000198108 349.618 
0.0264496 0.439888 4.80057 
0.0421116 0.142278 11.4352 
0.0560774 0.000199001 348.832 
0.0510729 0.0232715 31.281 
0.0551002 0.00172536 117.957 
0.048704 0.0464203 21.6789 
0.0426657 0.132824 11.9273 
0.0540216 0.00513353 67.9919 
0.056323 5.18406e-05 684.103 
0.0142355 0.587367 2.73706 
0.055457 0.000994399 155.637 
0.0562994 6.18083e-05 626.461 
0.0553543 0.00118444 142.538 
0.0535201 0.00732185 56.7605 
0.0554876 0.00094111 160.005 
0.0377288 0.222802 8.5368 
0.0528445 0.010864 46.3931 
0.0241283 0.479269 4.32233 
0.0551504 0.00161051 122.12 
0.0546857 0.0028229 92.0255 
0.05611 0.000173978 373.123 
0.0553223 0.0012471 138.891 
0.0537279 0.0063694 60.9341 
0.0550844 0.00176219 116.709 
0.0562983 6.23319e-05 623.822 
0.0425 0.135629 11.7763 
0.0518783 0.0170828 36.7421 
0.0561296 0.000159789 389.367 
0.0545037 0.00338889 83.9089 
0.0539655 0.00535931 66.5226 
0.0521634 0.0151091 39.1511 
0.0448491 0.0977478 14.3085 
0.0133043 0.58995 2.61041 
0.0259882 0.447986 4.70079 
0.056248 8.66822e-05 528.893 
0.0556643 0.000661348 191.02 
0.0556357 0.000703352 185.205 
0.0521859 0.0149581 39.3547 
0.0535075 0.00738191 56.5246 
0.0267684 0.434223 4.87103 
0.0557346 0.000563752 206.958 
0.056305 5.93765e-05 639.175 
0.0369323 0.238216 8.14396 
0.0543888 0.00377232 79.4806 
0.0521112 0.0154616 38.6874 
0.0559864 0.000277733 295.169 
0.0562075 0.000109197 471.151 
0.0137574 0.588917 2.67177 
0.0420015 0.14418 11.3418 
0.0554197 0.0010615 150.612 
0.0557732 0.000513353 216.915 
0.0521511 0.0151916 39.0412 
0.0402982 0.174506 10.0532 
0.0531246 0.00931358 50.1997 
0.0171047 0.569337 3.14421 
0.0558595 0.000409379 242.993 
0.0540411 0.00505587 68.5199 
0.0429056 0.128795 12.1525 
0.0453722 0.0899241 15.0142 
0.0562711 7.49905e-05 568.68 
0.032817 0.31924 6.51203 
0.0359215 0.257972 7.6869 
0.0553278 0.0012362 139.505 
0.0178225 0.56278 3.25114 
0.0281319 0.409417 5.18729 
0.0299245 0.375617 5.6452 
0.0435543 0.118108 12.8019 
0.0271234 0.427852 4.95097 
0.0509648 0.0241697 30.6671 
0.0561216 0.000165477 382.605 
0.0515839 0.0192408 34.5423 
0.05129 0.0215153 32.5899 
0.0540478 0.00502961 68.7011 
0.0532936 0.00843433 52.8092 
0.0559407 0.000322246 273.974 
0.0218148 0.51454 3.89676 
0.0552714 0.00134986 133.468 
0.0517307 0.0181498 35.6057 
0.0515373 0.0195941 34.217 
0.0561979 0.000114887 459.318 
0.0556611 0.000665962 190.355 
0.0516262 0.018924 34.8417 
0.0558659 0.0004021 245.189 
0.0478677 0.0562251 19.5311 
0.0478913 0.0559369 19.5862 
0.0559248 0.000338469 267.31 
0.0555347 0.00086176 167.245 
0.0559975 0.000267493 300.779 
0.0543919 0.0037617 79.5941 
0.0557592 0.000531359 213.196 
0.055578 0.000791766 174.514 
0.0513227 0.0212563 32.7963 
0.0455949 0.0866683 15.3347 
0.053275 0.00852889 52.5094 
0.0392599 0.193712 9.38838 
0.0555007 0.000918571 161.966 
0.044062 0.109963 13.3561 
0.0190621 0.549806 3.44166 
0.0295018 0.383688 5.53246 
0.056164 0.000136239 421.737 
0.0562271 9.79696e-05 497.453 
0.0536032 0.00693306 58.3603 
0.0560599 0.000213195 336.996 
0.0548667 0.00231084 101.807 
0.0558355 0.00043715 235.125 
0.0473181 0.0630951 18.3295 
0.0151965 0.582914 2.87029 
0.0213589 0.52093 3.81792 
0.0429222 0.128518 12.1684 
0.0290449 0.392348 5.414 
0.0515677 0.0193632 34.4287 
0.0351046 0.274052 7.34713 
0.0552551 0.00138368 131.817 
0.0507351 0.0261302 29.4378 
0.0561936 0.000117481 454.211 
0.0542186 0.00437751 73.7124 
0.0540545 0.005003 68.8863 
0.0552506 0.00139293 131.375 
0.0530531 0.00969839 49.1706 
0.050121 0.031714 26.5793 
0.0546676 0.00287702 91.1473 
0.0537893 0.00609986 62.2889 
0.0561287 0.00016041 388.612 
0.0562511 8.50258e-05 534.027 
0.0333548 0.308624 6.69469 
0.0561819 0.00012473 440.796 
0.028437 0.40375 5.26163 
0.0527574 0.0113693 45.3237 
0.0525404 0.0126766 42.8585 
0.0436552 0.116473 12.9086 
0.0555766 0.000794111 174.255 
0.0559539 0.000309054 279.775 
0.0553298 0.00123224 139.731 
0.0563082 5.79918e-05 646.769 
0.0292963 0.387593 5.47874 
0.027343 0.423879 5.00125 
0.0193692 0.546292 3.4901 
0.0540431 0.00504795 68.5744 
0.052118 0.0154158 38.7468 
0.0558545 0.000415081 241.313 
0.0559105 0.000353415 261.581 
0.0129909 0.590405 2.56824 
0.0556561 0.000673313 189.309 
0.0560714 0.000203788 344.702 
0.0556493 0.000683199 187.928 
0.0558805 0.000385838 250.318 
0.0503453 0.0296175 27.5583 
0.0474677 0.061193 18.6423 
0.053736 0.0063334 61.1101 
0.0140815 0.587916 2.71598 
0.0540489 0.00502528 68.7312 
0.0415689 0.151726 10.9876 
0.0536654 0.00664889 59.6171 
0.012957 0.590441 2.56368 
0.0549667 0.00204971 108.152 
0.0523026 0.0141874 40.4437 
0.0446009 0.101544 13.9949 
0.0559574 0.000305656 281.33 
0.0559525 0.000310427 279.154 
0.0533723 0.00803908 54.119 
0.0330197 0.315242 6.57997 
0.0302754 0.368877 5.74121 
0.0556968 0.000615177 198.087 
0.0298852 0.376371 5.63457 
0.022056 0.51108 3.9391 
0.0512461 0.0218657 32.3163 
0.0496394 0.0364324 24.6906 
0.0208591 0.5277 3.73316 
0.0489848 0.0433108 22.5054 
0.0562528 8.4173e-05 536.728 
0.0560755 0.000200536 347.492 
0.0491917 0.0410799 23.1545 
0.0555624 0.000816617 171.827 
0.0476938 0.0583623 19.1351 
0.0553747 0.00114535 144.964 
0.0199553 0.539274 3.5841 
0.0548403 0.00238242 100.252 
0.0562267 9.82002e-05 496.868 
0.0129352 0.590463 2.56077 
0.0168431 0.57154 3.10582 
0.0524314 0.0133588 41.7176 
0.0528688 0.010725 46.7004 
0.0549421 0.00211262 106.516 
0.0175656 0.565211 3.21261 
0.0495062 0.0377899 24.2131 
0.052772 0.011284 45.4991 
0.0450938 0.0940588 14.6306 
0.0545249 0.00332044 84.779 
0.0496977 0.0358453 24.9054 
0.056291 6.56131e-05 608.007 
0.018711 0.553682 3.38689 
0.0364191 0.248222 7.90652 
0.0386463 0.205272 9.03039 
0.0548521 0.00235047 100.937 
0.0477112 0.0581472 19.174 
0.0558594 0.000409507 242.955 
0.0186874 0.553937 3.38323 
0.0509425 0.0243568 30.5435 
0.0518068 0.017596 36.1827 
0.028592 0.400857 5.29994 
0.0559201 0.000343419 265.371 
0.0497459 0.035364 25.0853 
0.0495044 0.0378076 24.2071 
0.0522335 0.0146415 39.7917 
0.0258975 0.449563 4.68147 
0.0329365 0.316883 6.55196 
0.0563227 5.19407e-05 683.443 
0.0345269 0.285457 7.12112 
0.0469366 0.0680556 17.5751 
0.0559683 0.000294962 286.397 
0.0426935 0.132356 11.953 
0.0502786 0.030234 27.2599 
0.0517695 0.0178664 35.8976 
0.0466613 0.0717278 17.0667 
0.0354779 0.266694 7.49934 
0.0422721 0.139518 11.574 
0.0502421 0.0305735 27.0995 
0.0561743 0.000129585 432.446 
0.0507147 0.0263076 29.3333 
0.0284209 0.404049 5.25769 
0.0542151 0.00439046 73.6022 
0.0506478 0.0268936 28.9956 
0.056243 8.92872e-05 521.111 
0.0548047 0.00248068 98.2286 
0.0546091 0.00305506 88.4242 
0.0442902 0.106369 13.6199 
0.0558592 0.000409715 242.893 
0.0544879 0.00344052 83.2698 
0.054856 0.00233995 101.166 
0.0561381 0.000153807 396.88 
0.0509692 0.0241322 30.692 
0.0555876 0.000776796 176.195 
0.035608 0.264134 7.55358 
0.0463564 0.0758857 16.535 
0.0562293 9.67163e-05 500.67 
0.0275468 0.42017 5.04849 
0.0229629 0.497599 4.10233 
0.041776 0.148098 11.1547 
0.0538458 0.00585727 63.5872 
0.0359938 0.256553 7.71819 
0.0528965 0.0105673 47.0565 
0.0332326 0.311038 6.6525 
0.0454574 0.0886731 15.1353 
0.0562111 0.000107039 475.883 
0.0544758 0.00348028 82.7873 
0.019031 0.550156 3.43677 
0.0463966 0.0753324 16.6033 
0.0542 0.00444651 73.1306 
0.0350191 0.275738 7.31297 
0.046185 0.0782648 16.2496 
0.0562077 0.000109053 471.461 
0.0540243 0.00512251 68.0661 
0.0560643 0.00020956 339.912 
0.0283102 0.406109 5.23057 
0.027921 0.413311 5.13669 
0.0328941 0.317721 6.53772 
0.0561126 0.000172086 375.173 
0.0531805 0.00901822 51.0338 
0.045695 0.0852195 15.483 
0.0543979 0.00374135 79.8128 
0.0139413 0.588375 2.69682 
0.0562473 8.70058e-05 527.907 
0.0524161 0.013456 41.5621 
0.0557236 0.000578449 204.302 
0.0554346 0.00103458 152.569 
0.0559434 0.000319506 275.149 
0.0217792 0.515046 3.89056 
0.0554463 0.00101348 154.157 
0.0326791 0.32196 6.46638 
0.029027 0.392686 5.40943 
0.0553466 0.00119935 141.645 
0.0529573 0.0102259 47.855 
0.0560283 0.000239926 317.629 
0.015273 0.582487 2.88101 
0.0560524 0.000219393 332.192 
0.0562455 8.79666e-05 525.013 
0.0232417 0.493312 4.15388 
0.0475431 0.0602427 18.8039 
0.0556277 0.000715186 183.66 
0.0558955 0.000369494 255.811 
0.0517463 0.0180355 35.7226 
0.0504346 0.0288009 27.9679 
0.0563181 5.3839e-05 671.275 
0.0489258 0.0439561 22.3268 
0.0556635 0.000662542 190.847 
0.051584 0.0192407 34.5424 
0.0561077 0.0001757 371.287 
0.0457115 0.0849807 15.5078 
0.0563179 5.3919e-05 670.775 
0.0407548 0.16622 10.3723 
0.0171188 0.569216 3.14629 
0.0455697 0.0870336 15.2979 
0.0559612 0.000301923 283.068 
0.0490336 0.0427795 22.6554 
0.0552063 0.0014872 127.116 
0.0375317 0.226601 8.43668 
0.0199588 0.539231 3.58466 
0.0539832 0.00528766 66.9787 
0.0460671 0.0799167 16.0588 
0.0307458 0.359786 5.87358 
0.0168693 0.571324 3.10965 
0.043746 0.115008 13.0061 
0.0159774 0.578076 2.98073 
0.0556385 0.000699201 185.757 
0.0561351 0.000155904 394.198 
0.0198165 0.540972 3.56165 
0.0545123 0.00336113 84.2585 
0.0552402 0.0014148 130.349 
0.0547607 0.00260473 95.8394 
0.046708 0.0711001 17.1509 
0.0559946 0.000270135 299.301 
0.0517484 0.0180203 35.7382 
0.0458482 0.0830202 15.7153 
0.0186707 0.554118 3.38064 
0.0561526 0.000143852 410.407 
0.0562025 0.000112135 464.928 
0.0555231 0.000880994 165.4 
0.0196635 0.542818 3.53704 
0.056014 0.000252544 309.574 
0.0431838 0.124174 12.4234 
0.055692 0.000621937 197.003 
0.0399285 0.181288 9.80736 
0.056063 0.000210639 339.039 
0.0538134 0.00599615 62.8343 
0.0482093 0.0521226 20.3571 
0.0165996 0.573497 3.07034 
0.0559691 0.000294196 286.771 
0.0562161 0.000104181 482.375 
0.0538515 0.00583329 63.7199 
0.0561613 0.000138026 418.993 
0.0560321 0.000236635 319.834 
0.0527815 0.0112286 45.6141 
0.0190409 0.550045 3.43832 
0.0517194 0.0182325 35.5217 
0.049195 0.0410452 23.165 
0.0562068 0.000109569 470.349 
0.0391926 0.194973 9.34793 
0.0513668 0.0209093 33.079 
0.0331679 0.312316 6.63033 
0.049579 0.0370455 24.4718 
0.0391509 0.195755 9.32302 
0.0341282 0.293338 6.97143 
0.0189249 0.55134 3.42016 
0.0513628 0.0209413 33.0527 
0.0469617 0.0677244 17.623 
0.0561158 0.000169748 377.753 
0.0202232 0.535936 3.62773 
0.0561901 0.00011967 450.032 
0.0528809 0.0106561 46.8551 
0.0482537 0.0515994 20.4693 
0.020714 0.529617 3.70887 
0.0469384 0.0680307 17.5787 
0.0539085 0.00559384 65.0914 
0.0432682 0.122784 12.5078 
0.0559807 0.000283098 292.352 
0.0562058 0.000110164 469.075 
0.0552913 0.00130918 135.538 
0.0538669 0.00576787 64.0861 
0.0523474 0.0138967 40.8777 
0.052861 0.0107694 46.6017 
0.0465258 0.073565 16.8264 
0.0557656 0.000523172 214.863 
0.0559793 0.000284462 291.648 
0.0536618 0.00666546 59.5416 
0.0554979 0.000923332 161.546 
0.0420214 0.143835 11.3586 
0.0562045 0.000110948 467.412 
0.0170911 0.569454 3.14221 
0.0561695 0.000132623 427.457 
0.0562234 0.000100024 492.311 
0.054766 0.00258971 96.1194 
0.0561985 0.000114545 460.004 
0.0337979 0.299869 6.8511 
0.0206026 0.531073 3.69033 
0.0202052 0.536163 3.62479 
0.0563123 5.62607e-05 656.654 
0.0559668 0.000296441 285.68 
0.0532556 0.00862809 52.2002 
0.0560369 0.000232428 322.722 
0.0505378 0.0278701 28.4564 
0.0212395 0.52257 3.79751 
0.0401258 0.177661 9.93723 
0.0550881 0.00175358 116.998 
0.0505072 0.0281447 28.3098 
0.0546843 0.00282725 91.954 
0.0556288 0.000713653 183.858 
0.054459 0.00353576 82.1278 
0.0561649 0.000135647 422.657 
0.0306244 0.362137 5.839 
0.0218319 0.514297 3.89975 
0.0551387 0.00163696 121.123 
0.0555214 0.000883724 165.144 
0.0393472 0.192079 9.44132 
0.0403574 0.173426 10.0936 
0.0560142 0.000252353 309.691 
0.0557227 0.000579695 204.082 
0.0559632 0.00029991 284.019 
0.0556364 0.000702184 185.36 
0.0501515 0.0314245 26.7087 
0.0554154 0.00106939 150.052 
0.0562731 7.40039e-05 572.463 
0.0251443 0.462465 4.52457 
0.055464 0.000982184 156.607 
0.0559404 0.000322569 273.836 
0.0552598 0.00137387 132.289 
0.053691 0.0065339 60.1487 
0.0518851 0.0170345 36.7959 
0.0549461 0.0021024 106.777 
0.0541056 0.00480396 70.3195 
0.0518672 0.0171622 36.6539 
0.0556648 0.000660555 191.135 
0.0554296 0.00104361 151.904 
0.0407662 0.166015 10.3804 
0.0440885 0.109544 13.3863 
0.0379242 0.219047 8.63803 
0.0562182 0.000102946 485.263 
0.046102 0.0794266 16.1148 
0.048672 0.0467807 21.5884 
0.0542202 0.00437166 73.7625 
0.0501119 0.0318003 26.5411 
0.028071 0.410542 5.17263 
0.017109 0.5693 3.14486 
0.0562153 0.00010464 481.314 
0.049398 0.0389076 23.8387 
0.0250085 0.464751 4.49694 
0.0526578 0.0119612 44.1577 
0.0559014 0.000363177 258.032 
0.0519004 0.0169257 36.9184 
0.0536978 0.00650322 60.293 
0.0291801 0.389792 5.44871 
0.0536978 0.00650322 60.293 
0.0324242 0.326978 6.38332 
0.056577 2.43062e-09 100000 
0.032817 0.31924 6.51203 
0.0559407 0.000322246 273.974 
0.0545037 0.00338889 83.9089 
0.056577 2.43062e-09 100000 
0.0560677 0.000206808 342.17 
0.0249273 0.466113 4.48051 
0.0558706 0.000396842 246.813 
0.0559235 0.000339808 266.781 
0.0466418 0.071991 17.0317 
0.0362051 0.252412 7.81079 
0.0540478 0.00502961 68.7011 
0.0557732 0.000513353 216.915 
0.0281319 0.409417 5.18729 
0.0545037 0.00338889 83.9089 
0.0218148 0.51454 3.89676 
0.0295018 0.383688 5.53246 
0.056577 2.43062e-09 100000 
0.0548451 0.00236927 100.532 
0.0562697 7.56714e-05 566.113 
0.0438101 0.113979 13.0757 
0.056577 2.43062e-09 100000 
0.056577 2.43062e-09 100000 
0.0558053 0.000473281 225.943 
0.0209145 0.526962 3.74247 
0.056577 2.43062e-09 100000 
0.0488757 0.0445076 22.1772 
0.0562618 7.95957e-05 551.964 
0.056577 2.43062e-09 100000 
0.0550334 0.00188419 112.839 
0.056577 2.43062e-09 100000 
0.0151965 0.582914 2.87029 
0.0548451 0.00236927 100.532 
0.0560902 0.000188997 357.963 
0.056577 2.43062e-09 100000 
0.056577 2.43062e-09 100000 
0.056577 2.43062e-09 100000 
0.0547645 0.00259381 96.0427 
0.055594 0.000766714 177.355 
0.0562697 7.56714e-05 566.113 
0.0559754 0.000288203 289.745 
0.0141998 0.587499 2.73217 
0.056577 2.43062e-09 100000 
0.0560456 0.000225074 327.963 
0.056577 2.43062e-09 100000 
0.0553498 0.00119306 142.019 
0.0524818 0.0130415 42.2371 
0.0543759 0.00381675 79.011 
0.0154451 0.581488 2.90521 
0.0553223 0.0012471 138.891 
0.0137574 0.588917 2.67177 
0.0562271 9.79285e-05 497.558 
0.0562075 0.000109197 471.151 
0.0255646 0.455309 4.61135 
0.0563174 5.41255e-05 669.494 
0.056577 2.43062e-09 100000 
0.0524818 0.0130415 42.2371 
0.056577 2.43062e-09 100000 
0.0438266 0.113715 13.0937 
0.0551046 0.00171515 118.31 
0.053275 0.00852889 52.5094 
0.0562435 8.90238e-05 521.882 
0.056577 2.43062e-09 100000 
0.0509648 0.0241697 30.6671 
0.056577 2.43062e-09 100000 
0.056577 2.43062e-09 100000 
0.0137574 0.588917 2.67177 
0.0300856 0.372526 5.68901 
0.0551934 0.00151534 125.923 
0.0438101 0.113979 13.0757 
0.056577 2.43062e-09 100000 
0.056577 2.43062e-09 100000 
0.056577 2.43062e-09 100000 
0.056577 2.43062e-09 100000 
0.0562994 6.18083e-05 626.461 
0.0278793 0.414077 5.12678 
0.023756 0.48524 4.25073 
0.0264496 0.439888 4.80057 
0.0478913 0.0559369 19.5862 
0.0519397 0.0166481 37.2359 
0.0562271 9.79285e-05 497.558 
0.056577 2.43062e-09 100000 
0.0209145 0.526962 3.74247 
0.0553099 0.00127171 137.532 
0.0133043 0.58995 2.61041 
0.0557732 0.000513353 216.915 
0.0563573 3.88731e-05 790.11 
0.056577 2.43062e-09 100000 
0.0433516 0.121414 12.5923 
0.0535075 0.00738191 56.5246 
0.056577 2.43062e-09 100000 
0.0521634 0.0151091 39.1511 
0.0555535 0.00083109 170.317 
0.0562017 0.000112617 463.931 
0.0563318 4.83048e-05 708.722 
0.0554403 0.00102417 153.347 
0.0281016 0.409977 5.17999 
0.0561216 0.000165477 382.605 
0.056577 2.43062e-09 100000 
0.0305813 0.362971 5.82681 
0.0558419 0.000429674 237.167 
0.0271234 0.427852 4.95097 
0.0558157 0.000460707 229.015 
0.056577 2.43062e-09 100000 
0.0557728 0.000513951 216.789 
0.0138709 0.588591 2.68722 
0.0178225 0.56278 3.25114 
0.0536032 0.00693306 58.3603 
0.056577 2.43062e-09 100000 
0.0202898 0.535094 3.63866 
0.017795 0.563045 3.24699 
0.0521634 0.0151091 39.1511 
0.0515839 0.0192408 34.5423 
0.056379 3.16273e-05 876.024 
0.0249273 0.466113 4.48051 
0.0202898 0.535094 3.63866 
0.0281016 0.409977 5.17999 
0.0560422 0.000227929 325.899 
0.0455949 0.0866683 15.3347 
0.0550844 0.00176219 116.709 
0.0556357 0.000703352 185.205 
0.0178225 0.56278 3.25114 
0.0550538 0.00183503 114.352 
0.0150469 0.58372 2.84936 
0.0548667 0.00231084 101.807 
0.0537375 0.00632669 61.143 
0.056577 2.43062e-09 100000 
0.053982 0.00529223 66.9494 
0.0560725 0.000202939 345.423 
0.0369323 0.238216 8.14396 
0.0562303 9.62064e-05 501.997 
0.0267684 0.434223 4.87103 
0.0559975 0.000267493 300.779 
0.056577 2.43062e-09 100000 
0.056577 2.43062e-09 100000 
0.0473181 0.0630951 18.3295 
0.056577 2.43062e-09 100000 
0.0178225 0.56278 3.25114 
0.056577 2.43062e-09 100000 
0.0563602 3.78442e-05 800.788 
0.0550201 0.00191679 111.868 
0.0562303 9.62064e-05 501.997 
0.056577 2.43062e-09 100000 
0.0537279 0.0063694 60.9341 
0.0560981 0.000182947 363.845 
0.0558706 0.000396842 246.813 
0.044062 0.109963 13.3561 
0.0562994 6.18083e-05 626.461 
0.0548603 0.00232814 101.424 
0.0554776 0.000958321 158.555 
0.0559149 0.000348832 263.299 
0.017795 0.563045 3.24699 
0.056577 2.43062e-09 100000 
0.0559407 0.000322246 273.974 
0.055359 0.00117546 143.085 
0.0536461 0.00673671 59.2202 
0.0540478 0.00502961 68.7011 
0.056577 2.43062e-09 100000 
0.0558785 0.000388086 249.59 
0.056577 2.43062e-09 100000 
0.055578 0.000791766 174.514 
0.0442742 0.10662 13.601 
0.0322783 0.329848 6.33648 
0.0154451 0.581488 2.90521 
0.0514265 0.0204441 33.4691 
0.0255646 0.455309 4.61135 
0.0563785 3.17719e-05 874.027 
0.0562973 6.27612e-05 621.683 
0.0178225 0.56278 3.25114 
0.0552214 0.00145485 128.531 
0.0271234 0.427852 4.95097 
0.0545862 0.00312613 87.4027 
0.0559407 0.000322246 273.974 
0.0392599 0.193712 9.38838 
0.0560422 0.000227929 325.899 
0.0171047 0.569337 3.14421 
0.0557908 0.000491188 221.772 
0.054337 0.00395202 77.6304 
0.0295018 0.383688 5.53246 
0.0550977 0.00173103 117.763 
0.0299245 0.375617 5.6452 
0.0406553 0.168017 10.3012 
0.0526159 0.0122141 43.6854 
0.056577 2.43062e-09 100000 
0.0136855 0.58911 2.662 
0.0466782 0.0715012 17.0969 
0.056577 2.43062e-09 100000 
0.0551504 0.00161051 122.12 
0.0271234 0.427852 4.95097 
0.0561267 0.000161852 386.874 
0.0549634 0.00205823 107.926 
0.056164 0.000136239 421.737 
0.056577 2.43062e-09 100000 
0.0562614 7.97606e-05 551.393 
0.0562456 8.79394e-05 525.094 
0.0249273 0.466113 4.48051 
0.0202898 0.535094 3.63866 
0.0559149 0.000348832 263.299 
0.0558595 0.000409379 242.993 
0.0433516 0.121414 12.5923 
0.056577 2.43062e-09 100000 
0.0556226 0.000722925 182.671 
0.0249273 0.466113 4.48051 
0.0338508 0.298822 6.87018 
0.056577 2.43062e-09 100000 
0.054815 0.00245195 98.8078 
0.0425 0.135629 11.7763 
0.056577 2.43062e-09 100000 
0.056305 5.93765e-05 639.175 
0.054651 0.00292697 90.3583 
0.054337 0.00395202 77.6304 
0.0535075 0.00738191 56.5246 
0.0299245 0.375617 5.6452 
0.0359215 0.257972 7.6869 
0.0281319 0.409417 5.18729 
0.0560768 0.000199474 348.417 
0.0255646 0.455309 4.61135 
0.0551164 0.00168776 119.273 
0.0300856 0.372526 5.68901 
0.0563157 5.48215e-05 665.226 
0.0553278 0.0012362 139.505 
0.0300856 0.372526 5.68901 
0.0552723 0.00134798 133.561 
0.0425 0.135629 11.7763 
0.0556259 0.000718029 183.295 
0.0550413 0.00186515 113.418 
0.0556153 0.000734065 181.273 
0.0561616 0.000137813 419.318 
0.0563157 5.48215e-05 665.226 
0.056577 2.43062e-09 100000 
0.0392242 0.19438 9.36691 
0.0551538 0.00160278 122.417 
0.0559407 0.000322246 273.974 
0.0546857 0.0028229 92.0255 
0.0556643 0.000661348 191.02 
0.056577 2.43062e-09 100000 
0.0554776 0.000958321 158.555 
0.056577 2.43062e-09 100000 
0.0559818 0.000282113 292.863 
0.017795 0.563045 3.24699 
0.0556226 0.000722925 182.671 
0.0554787 0.000956422 158.713 
0.056577 2.43062e-09 100000 
0.056577 2.43062e-09 100000 
0.0426657 0.132824 11.9273 
0.0490138 0.042995 22.5943 
0.0557822 0.000501943 219.375 
0.056577 2.43062e-09 100000 
0.0466002 0.0725545 16.9574 
0.0551538 0.00160278 122.417 
0.0296313 0.381222 5.56666 
0.0553292 0.0012334 139.665 
0.0178225 0.56278 3.25114 
0.0154844 0.581252 2.91076 
0.056577 2.43062e-09 100000 
0.0218148 0.51454 3.89676 
0.0562271 9.79696e-05 497.453 
0.0560981 0.000182947 363.845 
0.0239204 0.482616 4.28219 
0.0322769 0.329875 6.33604 
0.0552506 0.00139293 131.375 
0.0561343 0.000156419 393.547 
0.0281016 0.409977 5.17999 
0.056577 2.43062e-09 100000 
0.0332326 0.311038 6.6525 
0.0299245 0.375617 5.6452 
0.0292963 0.387593 5.47874 
0.0561928 0.000117986 453.237 
0.0558785 0.000388086 249.59 
0.0523026 0.0141874 40.4437 
0.0537375 0.00632669 61.143 
0.0558053 0.000473281 225.943 
0.056577 2.43062e-09 100000 
0.0534874 0.00747806 56.1531 
0.0435543 0.118108 12.8019 
0.0560198 0.000247357 312.81 
0.0561663 0.000134747 424.068 
0.056577 2.43062e-09 100000 
0.0552214 0.00145485 128.531 
0.056577 2.43062e-09 100000 
0.0514265 0.0204441 33.4691 
0.0559827 0.000281211 293.333 
0.056577 2.43062e-09 100000 
0.056577 2.43062e-09 100000 
0.017795 0.563045 3.24699 
0.0454574 0.0886731 15.1353 
0.056577 2.43062e-09 100000 
0.0561267 0.000161852 386.874 
0.0560916 0.000187933 358.976 
0.056577 2.43062e-09 100000 
0.0560954 0.00018499 361.827 
0.0559539 0.000309054 279.775 
0.0151965 0.582914 2.87029 
0.0259882 0.447986 4.70079 
0.0558709 0.000396544 246.906 
0.0213589 0.52093 3.81792 
0.0546676 0.00287702 91.1473 
0.0126065 0.590661 2.51678 
0.0561296 0.000159789 389.367 
0.053736 0.0063334 61.1101 
0.0555876 0.000776796 176.195 
0.0516262 0.018924 34.8417 
0.0562909 6.56293e-05 607.932 
0.056577 2.43062e-09 100000 
0.0359215 0.257972 7.6869 
0.0555851 0.00078071 175.751 
0.0290449 0.392348 5.414 
0.0562697 7.56714e-05 566.113 
0.0560198 0.000247357 312.81 
0.0562713 7.4879e-05 569.104 
0.0556869 0.000629179 195.862 
0.0550201 0.00191679 111.868 
0.0350191 0.275738 7.31297 
0.0175656 0.565211 3.21261 
0.0540411 0.00505587 68.5199 
0.0133043 0.58995 2.61041 
0.056577 2.43062e-09 100000 
0.054673 0.002861 91.4047 
0.056577 2.43062e-09 100000 
0.0548603 0.00232814 101.424 
0.0559525 0.000310427 279.154 
0.031408 0.346904 6.06735 
0.0229629 0.497599 4.10233 
0.056577 2.43062e-09 100000 
0.0259882 0.447986 4.70079 
0.0463966 0.0753324 16.6033 
0.0298852 0.376371 5.63457 
0.0561526 0.000143819 410.454 
0.0496394 0.0364324 24.6906 
0.0210847 0.524675 3.7712 
0.056577 2.43062e-09 100000 
0.0561352 0.000155828 394.294 
0.0442742 0.10662 13.601 
0.0299245 0.375617 5.6452 
0.0563082 5.79918e-05 646.769 
0.0564006 2.51587e-05 982.286 
0.0333548 0.308624 6.69469 
0.0392599 0.193712 9.38838 
0.0554759 0.000961377 158.301 
0.0562075 0.000109197 471.151 
0.0302754 0.368877 5.74121 
0.0513227 0.0212563 32.7963 
0.056577 2.43062e-09 100000 
0.0330197 0.315242 6.57997 
0.0333548 0.308624 6.69469 
0.0510729 0.0232715 31.281 
0.0528965 0.0105673 47.0565 
0.056577 2.43062e-09 100000 
0.0537279 0.0063694 60.9341 
0.0556843 0.00063272 195.311 
0.0556611 0.000665962 190.355 
0.051584 0.0192407 34.5424 
0.0401988 0.176324 9.98605 
0.0518783 0.0170828 36.7421 
0.0281016 0.409977 5.17999 
0.0333548 0.308624 6.69469 
0.0473181 0.0630951 18.3295 
0.0557908 0.000491188 221.772 
0.056577 2.43062e-09 100000 
0.0561579 0.000140271 415.621 
0.0544879 0.00344052 83.2698 
0.0190621 0.549806 3.44166 
0.054815 0.00245195 98.8078 
0.0333548 0.308624 6.69469 
0.0555876 0.000776796 176.195 
0.0558955 0.000369494 255.811 
0.056577 2.43062e-09 100000 
0.015273 0.582487 2.88101 
0.0518783 0.0170828 36.7421 
0.0560786 0.000198108 349.618 
0.0561979 0.000114887 459.318 
0.0562271 9.79285e-05 497.558 
0.0554201 0.00106085 150.658 
0.0555042 0.000912614 162.496 
0.0249273 0.466113 4.48051 
0.0540489 0.00502528 68.7312 
0.0559422 0.000320772 274.604 
0.0129909 0.590405 2.56824 
0.0425869 0.134156 11.8551 
0.056577 2.43062e-09 100000 
0.0557822 0.000501943 219.375 
0.0426657 0.132824 11.9273 
0.056577 2.43062e-09 100000 
0.0561296 0.000159789 389.367 
0.0559235 0.000339808 266.781 
0.056577 2.43062e-09 100000 
0.0561928 0.000117986 453.237 
0.0562672 7.691e-05 561.531 
0.056577 2.43062e-09 100000 
0.0537375 0.00632669 61.143 
0.0154844 0.581252 2.91076 
0.0556571 0.000671827 189.519 
0.0281016 0.409977 5.17999 
0.0537375 0.00632669 61.143 
0.0554759 0.000961377 158.301 
0.029027 0.392686 5.40943 
0.056577 2.43062e-09 100000 
0.056577 2.43062e-09 100000 
0.0528688 0.010725 46.7004 
0.0218148 0.51454 3.89676 
0.0300856 0.372526 5.68901 
0.056577 2.43062e-09 100000 
0.0193692 0.546292 3.4901 
0.056577 2.43062e-09 100000 
0.056577 2.43062e-09 100000 
0.0284209 0.404049 5.25769 
0.0553292 0.0012334 139.665 
0.0478913 0.0559369 19.5862 
0.0539655 0.00535945 66.5217 
0.0558474 0.000423222 238.974 
0.0537279 0.0063694 60.9341 
0.0493621 0.0392821 23.7167 
0.0560784 0.000198228 349.512 
0.0558706 0.000396842 246.813 
0.0562916 6.53149e-05 609.395 
0.0554197 0.0010615 150.612 
0.045695 0.0852195 15.483 
0.0523026 0.0141874 40.4437 
0.0504346 0.0288009 27.9679 
0.0426657 0.132824 11.9273 
0.0562303 9.62064e-05 501.997 
0.0136974 0.589079 2.66362 
0.0126475 0.59065 2.52225 
0.0537279 0.0063694 60.9341 
0.0392599 0.193712 9.38838 
0.0563227 5.19407e-05 683.443 
0.0151965 0.582914 2.87029 
0.0448491 0.0977478 14.3085 
0.0561646 0.000135831 422.371 
0.056577 2.43062e-09 100000 
0.0298852 0.376371 5.63457 
0.054815 0.00245195 98.8078 
0.0561392 0.000153008 397.917 
0.0562713 7.4879e-05 569.104 
0.0415689 0.151726 10.9876 
0.056577 2.43062e-09 100000 
0.056577 2.43062e-09 100000 
0.0563241 5.13581e-05 687.312 
0.0562528 8.4173e-05 536.728 
0.056577 2.43062e-09 100000 
0.0354779 0.266694 7.49934 
0.054856 0.00233995 101.166 
0.027343 0.423879 5.00125 
0.056577 2.43062e-09 100000 
0.0509648 0.0241697 30.6671 
0.0126065 0.590661 2.51678 
0.0389802 0.198963 9.22226 
0.0299245 0.375617 5.6452 
0.0562697 7.56714e-05 566.113 
0.056577 2.43062e-09 100000 
0.056577 2.43062e-09 100000 
0.0528965 0.0105673 47.0565 
0.055549 0.000838352 169.574 
0.046185 0.0782648 16.2496 
