0.350528 0.0458167 5.56062 16.2974 509.583 
0.322294 0.109157 0.335132 10.5421 324.088 
0.390878 0.00660772 0.647924 25.5097 2442.77 
0.375556 0.0167703 6.61428 20.5255 1254.7 
0.366672 0.0247944 8.34215 17.8835 984.127 
0.398814 0.00498349 6.61641 35.443 2311.38 
0.395778 0.00607973 8.43241 33.0683 2054.84 
0.343688 0.0585345 6.61428 13.9294 492.404 
0.409383 0.00199728 0.0579285 41.1488 4657.3 
0.390878 0.00660772 0.647924 25.5097 2442.77 
0.405521 0.00305537 8.75297 37.6635 3744.78 
0.342631 0.0590553 0.725374 13.7557 462.878 
0.43578 9.95259e-05 749.887 170.221 32369.5 
0.417371 0.00094056 0.472969 50.1976 8377.24 
0.375556 0.0167703 6.61428 20.5255 1254.7 
0.338768 0.0637926 8.11785 11.8038 596.661 
0.409217 0.0024089 25.4082 41.1488 4657.3 
0.243637 0.6398 0.647924 4.81895 103.083 
0.405521 0.00305537 8.75297 37.6635 3744.78 
0.414868 0.00132099 0.370965 50.1976 5803.66 
0.109215 3.16459 0.0473282 1.20545 41.3217 
0.383154 0.01166 7.45057 28.4688 1170.29 
0.254434 0.516118 0.0809319 5.79908 95.8745 
0.375556 0.0167703 6.61428 20.5255 1254.7 
0.321067 0.114334 5.60253 10.5421 324.088 
0.349548 0.0480636 5.03057 15.1481 545.125 
0.254304 0.516644 0.225735 5.79908 95.8745 
0.0481137 4.45072 0.0720171 0.40135 84.8892 
0.265884 0.413197 0.695324 6.43346 114.023 
0.346439 0.0532325 8.07251 14.0453 556.74 
0.44003 2.39145e-05 2.41548 178.835 93151.3 
0.244562 0.631032 0.470994 4.86946 103.083 
0.375556 0.0167703 6.61428 20.5255 1254.7 
0.310165 0.152249 0.237528 9.54351 242.903 
0.0343654 4.82853 0.0446873 0.276574 83.7724 
0.334642 0.0754012 2.31609 11.6565 465.73 
0.43578 9.95259e-05 749.887 170.221 32369.5 
0.436726 8.48862e-05 368.094 141.313 45862 
0.390878 0.00660772 0.647924 25.5097 2442.77 
0.278095 0.32288 0.168607 6.43346 175.586 
0.431587 0.000198224 77.2652 128.83 17558.6 
0.330447 0.0852592 0.0579285 11.6565 371.781 
0.0152297 5.33958 0.0894602 0.115941 98.0404 
0.409217 0.0024089 25.4082 41.1488 4657.3 
0.311329 0.146651 0.132656 9.25379 272.508 
0.262013 0.455695 0.0505942 5.88873 118.205 
0.292843 0.231508 0.119538 8.27455 170.482 
0.434061 0.000141451 127.24 125.965 27250.8 
0.165674 1.92689 0.0809319 2.29495 50.5454 
0.249006 0.583949 0.0809319 5.01737 110.871 
0.222703 0.905357 0.15634 3.83154 90.7757 
0.325409 0.0993436 0.546528 11.8038 297.983 
0.336156 0.0728291 8.07101 13.4692 386.755 
0.437256 7.49162e-05 306.141 168.214 41187.4 
0.350528 0.0458167 5.56062 16.2974 509.583 
0.343688 0.0585345 6.61428 13.9294 492.404 
0.310141 0.152546 0.314017 9.54351 242.903 
0.408448 0.00270409 114.262 41.1488 4657.3 
0.044121 4.56714 0.045517 0.364321 83.7724 
0.383154 0.01166 7.45057 28.4688 1170.29 
0.00756807 5.57647 0.0450783 0.0552328 220.274 
0.427102 0.000360435 1.82518 85.4059 12743.1 
0.375556 0.0167703 6.61428 20.5255 1254.7 
0.414831 0.00145211 8.75297 50.1976 5803.66 
0.383098 0.0117394 8.75297 28.4688 1170.29 
0.417371 0.00094056 0.472969 50.1976 8377.24 
0.261947 0.456221 0.14475 5.88873 118.205 
0.165195 1.93892 0.04756 2.25242 52.9947 
0.179318 1.6543 0.04756 2.64276 54.2998 
0.261867 0.457755 0.0809319 5.79908 122.026 
0.262016 0.455676 0.0473282 5.88873 118.205 
0.40937 0.00213888 2.28217 41.1488 4657.3 
0.0859895 3.6801 0.0482898 0.869191 41.1281 
0.3081 0.158192 0.132656 8.76004 272.508 
0.184063 1.55116 0.0449275 2.64276 66.9906 
0.262008 0.45574 0.0580897 5.88873 118.205 
0.322294 0.109157 0.335132 10.5421 324.088 
0.234991 0.740653 0.260588 4.30233 102.615 
0.428726 0.000284558 5.60253 105.421 13178 
0.222703 0.905357 0.15634 3.83154 90.7757 
0.354101 0.0390444 0.518831 15.4316 643.879 
0.30312 0.182015 0.0552196 8.76004 220.274 
0.395778 0.00607973 8.43241 33.0683 2054.84 
0.0481137 4.45072 0.0720171 0.40135 84.8892 
0.350528 0.0458167 5.56062 16.2974 509.583 
0.118135 2.95333 0.0446873 1.37953 38.1021 
0.0254221 5.06819 0.052329 0.200833 77.9188 
0.442024 1.0772e-05 0.113495 350.011 95874.5 
0.417364 0.000988321 2.8777 50.1976 8377.24 
0.440553 2.22718e-05 2.41356 205.255 86449.9 
0.384571 0.010577 72.7712 28.4688 1462.69 
0.408448 0.00270409 114.262 41.1488 4657.3 
0.0428225 4.64333 0.0569483 0.364321 54.4992 
0.413018 0.00164549 5.03057 46.4978 5451.25 
0.430838 0.000250819 180.698 116.048 17022.6 
0.292843 0.231508 0.119538 8.27455 170.482 
0.00756807 5.57647 0.0450783 0.0552328 220.274 
0.427104 0.000349241 0.546528 85.4059 12743.1 
0.278095 0.32288 0.168607 6.43346 175.586 
0.278092 0.322927 0.176186 6.43346 175.586 
0.262013 0.455695 0.0505942 5.88873 118.205 
0.383367 0.011206 2.31609 28.4688 1170.29 
0.409217 0.0024089 25.4082 41.1488 4657.3 
0.243743 0.639708 0.521171 4.81895 103.083 
0.390878 0.00660772 0.647924 25.5097 2442.77 
0.177417 1.68472 0.0809319 2.64276 50.5454 
0.303114 0.182105 0.0713391 8.76004 220.274 
0.246612 0.6081 0.260655 4.86946 110.871 
0.437905 5.87792e-05 349.946 205.255 42137.1 
0.292843 0.231508 0.119538 8.27455 170.482 
0.278095 0.32288 0.168607 6.43346 175.586 
0.243637 0.6398 0.647924 4.81895 103.083 
0.0815973 3.7418 0.0596015 0.770937 60.7358 
0.351806 0.0412517 5.1406 13.9294 767.644 
0.427104 0.000337433 0.0446873 85.4059 12743.1 
0.42331 0.000602996 8.75297 79.2852 8444.07 
0.376436 0.0161833 14.0938 25.5097 958.745 
0.0121713 5.44983 0.045517 0.0912568 118.205 
0.434002 0.000150089 219.089 125.965 27250.8 
0.436828 8.19295e-05 306.141 168.214 37447.8 
0.262017 0.455665 0.045517 5.88873 118.205 
0.390878 0.00660772 0.647924 25.5097 2442.77 
0.414831 0.00145211 8.75297 50.1976 5803.66 
0.0256921 5.04646 0.045517 0.200833 95.8745 
0.428726 0.000284558 5.60253 105.421 13178 
0.223859 0.88291 0.225735 3.83154 95.8745 
0.40938 0.00206632 0.647924 41.1488 4657.3 
0.262016 0.455676 0.0473282 5.88873 118.205 
0.371607 0.0203465 5.76227 22.1672 866.339 
0.0859895 3.6801 0.0482898 0.869191 41.1281 
0.414868 0.00132099 0.370965 50.1976 5803.66 
0.338768 0.0637926 8.11785 11.8038 596.661 
0.398916 0.0045546 0.216413 35.443 2311.38 
0.436692 8.71336e-05 641.694 140.453 47536.5 
0.43578 9.95259e-05 749.887 170.221 32369.5 
0.166043 1.91939 0.0801252 2.2764 52.9651 
0.269609 0.389596 0.168607 6.43346 126.739 
0.194863 1.358 0.0579285 2.96787 69.1051 
0.253332 0.518309 0.14475 5.88873 90.7757 
0.440021 2.84269e-05 114.262 178.835 93151.3 
0.378541 0.0147112 2.59535 22.9791 1182.05 
0.419935 0.000832531 121.032 52.493 12538.8 
0.0197622 5.20654 0.045517 0.151362 109.256 
0.183428 1.57327 0.052329 2.77406 54.4992 
0.30311 0.182172 0.0835476 8.76004 220.274 
0.254434 0.516118 0.0809319 5.79908 95.8745 
0.303122 0.181975 0.0482898 8.76004 220.274 
0.254304 0.516644 0.225735 5.79908 95.8745 
0.271007 0.370496 0.270982 5.89653 170.482 
0.231709 0.790087 0.04756 4.27707 90.7757 
0.243637 0.6398 0.647924 4.81895 103.083 
0.118135 2.95333 0.0446873 1.37953 38.1021 
0.261947 0.456221 0.14475 5.88873 118.205 
0.0278213 5.00803 0.045517 0.22098 78.7268 
0.292843 0.231508 0.119538 8.27455 170.482 
0.237072 0.715099 0.292665 4.74289 84.4407 
0.26193 0.456344 0.168607 5.88873 118.205 
0.261938 0.456281 0.15634 5.88873 118.205 
0.254388 0.516324 0.132656 5.79908 95.8745 
0.430838 0.000250819 180.698 116.048 17022.6 
0.126778 2.7721 0.0529559 1.47278 46.3963 
0.268511 0.396994 0.0809319 6.43346 122.026 
0.346595 0.0498331 0.0760711 13.7557 561.55 
0.413018 0.00164549 5.03057 46.4978 5451.25 
0.349827 0.0471787 2.69061 15.1481 545.125 
0.178024 1.66983 0.0760711 2.67945 49.5859 
0.417372 0.000918943 0.110636 50.1976 8377.24 
0.292809 0.23188 0.192508 8.27455 170.482 
0.34427 0.0568778 2.41548 13.9294 492.404 
0.26853 0.396832 0.0529559 6.43346 122.026 
0.390878 0.00660772 0.647924 25.5097 2442.77 
0.0126806 5.43328 0.045517 0.09542 110.871 
0.127287 2.75664 0.0596015 1.52012 41.3586 
0.180265 1.6152 0.168607 2.77406 48.9148 
0.12277 2.85355 0.0446873 1.37953 50.5454 
0.025542 5.06435 0.045517 0.200833 84.8892 
0.434061 0.000141451 127.24 125.965 27250.8 
0.292843 0.231508 0.119538 8.27455 170.482 
0.359632 0.0324215 1.30378 17.8835 649.41 
0.224929 0.864298 0.0760711 3.83154 100.213 
0.369177 0.0214693 4.63608 22.9791 750.296 
0.30312 0.182015 0.0552196 8.76004 220.274 
0.0833366 3.73737 0.0757271 0.81139 49.5859 
0.235797 0.734046 0.0842717 4.65945 83.7724 
0.393908 0.00623064 1.34312 35.0011 1704.82 
0.310141 0.152546 0.314017 9.54351 242.903 
0.137796 2.50169 0.0666788 1.77502 37.9147 
0.22953 0.81234 0.516999 4.30233 83.7724 
0.283355 0.279096 0.173723 6.5551 211.929 
0.376436 0.0161833 14.0938 25.5097 958.745 
0.390878 0.00660772 0.647924 25.5097 2442.77 
0.350911 0.0448442 2.59535 16.2974 509.583 
0.305027 0.174104 0.389022 9.09675 220.274 
0.248161 0.588285 0.260655 4.86946 118.205 
0.416051 0.00116681 0.0842667 61.2497 5054.54 
0.288771 0.257018 2.34691 7.51896 185.369 
0.310141 0.152546 0.314017 9.54351 242.903 
0.414867 0.00133202 0.546528 50.1976 5803.66 
0.209838 1.10289 0.04756 3.40618 79.4443 
0.257502 0.497259 0.0809319 5.65931 110.871 
0.254388 0.516324 0.132656 5.79908 95.8745 
0.414869 0.00129662 0.0998331 50.1976 5803.66 
0.38445 0.0109662 60.1932 28.2701 1419.07 
0.30311 0.182172 0.0835476 8.76004 220.274 
0.153477 2.17911 0.0482898 1.95582 54.2998 
0.265884 0.413197 0.695324 6.43346 114.023 
0.0143672 5.37149 0.0446873 0.10812 123.465 
0.371607 0.0203465 5.76227 22.1672 866.339 
0.238883 0.690976 0.292665 4.86946 84.4407 
0.118135 2.95333 0.0446873 1.37953 38.1021 
0.271007 0.370496 0.270982 5.89653 170.482 
0.338669 0.0650629 0.111377 14.0453 379.147 
0.27137 0.365914 0.168607 5.88873 173.965 
0.40937 0.00213888 2.28217 41.1488 4657.3 
0.400246 0.00385532 0.173723 43.0227 2119.29 
0.390878 0.00660772 0.647924 25.5097 2442.77 
0.237199 0.715008 0.168607 4.74289 84.4407 
0.179318 1.6543 0.04756 2.64276 54.2998 
0.13855 2.49534 0.04756 1.64532 54.2998 
0.29191 0.235854 2.04849 8.27455 170.482 
0.29284 0.231542 0.126054 8.27455 170.482 
0.0343654 4.82853 0.0446873 0.276574 83.7724 
0.224018 0.882674 0.045517 3.83154 95.8745 
0.198205 1.28576 0.045517 3.3486 54.2998 
0.0271617 5.01608 0.0645906 0.217448 68.2492 
0.371327 0.0209136 6.61428 20.5255 958.745 
0.290127 0.243735 3.43936 7.24995 220.274 
0.264222 0.42908 0.0809319 6.302 110.871 
0.405521 0.00305537 8.75297 37.6635 3744.78 
0.430838 0.000250819 180.698 116.048 17022.6 
0.118135 2.95333 0.0446873 1.37953 38.1021 
0.310165 0.152249 0.237528 9.54351 242.903 
0.0343691 4.81756 0.0842667 0.276574 84.4407 
0.292716 0.232728 0.389022 8.27455 170.482 
0.442024 1.0772e-05 0.113495 350.011 95874.5 
0.260086 0.471089 0.0809319 5.88873 110.871 
0.387087 0.00926902 0.695324 28.4688 1422.06 
0.237325 0.714801 0.0446873 4.74289 84.4407 
0.0315494 4.91684 0.0450783 0.255187 69.1051 
0.243637 0.6398 0.647924 4.81895 103.083 
0.409383 0.00199728 0.0579285 41.1488 4657.3 
0.380071 0.0136414 3.28208 25.5097 1108.71 
0.118135 2.95333 0.0446873 1.37953 38.1021 
0.223811 0.882926 0.280444 3.83154 95.8745 
0.254431 0.516129 0.0835476 5.79908 95.8745 
0.0308754 4.92813 0.045517 0.247029 79.4443 
0.0658574 4.10408 0.0741449 0.623747 40.3673 
0.440553 2.14296e-05 0.546528 205.255 86449.9 
0.0808228 3.78498 0.0596015 0.770937 54.4992 
0.237072 0.715099 0.292665 4.74289 84.4407 
0.268346 0.398014 0.14475 5.88873 151.257 
0.343688 0.0585345 6.61428 13.9294 492.404 
0.326303 0.0862137 6.61428 13.9294 272.508 
0.223984 0.882743 0.0835476 3.83154 95.8745 
0.242902 0.652199 0.0809319 4.86946 95.8745 
0.0102886 5.51067 0.0569483 0.0768025 118.205 
0.00896839 5.56278 0.0473282 0.06649 131.78 
0.336156 0.0728291 8.07101 13.4692 386.755 
0.351806 0.0412517 5.1406 13.9294 767.644 
0.231709 0.790087 0.04756 4.27707 90.7757 
0.350528 0.0458167 5.56062 16.2974 509.583 
0.0352699 4.8157 0.0564462 0.286064 76.7644 
0.283355 0.279096 0.173723 6.5551 211.929 
0.118231 2.87344 0.04756 1.47278 30.5227 
0.269625 0.389469 0.14475 6.43346 126.739 
0.166043 1.91939 0.0801252 2.2764 52.9651 
0.292809 0.23188 0.192508 8.27455 170.482 
0.371607 0.0203465 5.76227 22.1672 866.339 
0.30312 0.182015 0.0552196 8.76004 220.274 
0.42331 0.000602996 8.75297 79.2852 8444.07 
0.223859 0.88291 0.225735 3.83154 95.8745 
0.0676061 4.09469 0.0446873 0.623747 50.5454 
0.30311 0.182172 0.0835476 8.76004 220.274 
0.441714 1.73915e-05 167.085 284.688 93151.3 
0.413002 0.00167829 8.11785 46.4978 5451.25 
0.395933 0.00551148 0.260655 33.0683 2054.84 
0.383154 0.01166 7.45057 28.4688 1170.29 
0.428726 0.000284558 5.60253 105.421 13178 
0.0196932 5.21854 0.0450783 0.151362 100.213 
0.43578 9.95259e-05 749.887 170.221 32369.5 
0.32231 0.108918 0.260655 10.5421 324.088 
0.165195 1.93892 0.04756 2.25242 52.9947 
0.242921 0.65212 0.0596015 4.86946 95.8745 
0.441727 1.47002e-05 2.41548 284.688 93151.3 
0.257135 0.500409 0.072046 5.65931 109.47 
0.350911 0.0448442 2.59535 16.2974 509.583 
0.278095 0.32288 0.168607 6.43346 175.586 
0.321067 0.114334 5.60253 10.5421 324.088 
0.22953 0.81234 0.516999 4.30233 83.7724 
0.336156 0.0728291 8.07101 13.4692 386.755 
0.249017 0.583876 0.0671012 5.01737 110.871 
0.430919 0.000240462 118.493 116.048 17022.6 
0.414868 0.00131626 0.307361 50.1976 5803.66 
0.0428225 4.64333 0.0569483 0.364321 54.4992 
0.166043 1.91939 0.0801252 2.2764 52.9651 
0.025542 5.06435 0.045517 0.200833 84.8892 
0.291811 0.235989 2.24745 8.27455 170.482 
0.371607 0.0203465 5.76227 22.1672 866.339 
0.194863 1.358 0.0579285 2.96787 69.1051 
0.366672 0.0247944 8.34215 17.8835 984.127 
0.241767 0.664305 0.0727511 4.86946 92.1438 
0.292594 0.23359 0.647924 8.27455 170.482 
0.417809 0.000871413 0.472969 50.1976 9077.57 
0.34492 0.0540666 19.1478 14.0453 556.74 
0.303111 0.182158 0.0809319 8.76004 220.274 
0.00756807 5.57647 0.0450783 0.0552328 220.274 
0.223991 0.88273 0.0760711 3.83154 95.8745 
0.0333573 4.85037 0.045517 0.276574 54.2998 
0.414869 0.00129438 0.0809319 50.1976 5803.66 
0.310224 0.151362 0.045517 9.54351 242.903 
0.292843 0.231508 0.119538 8.27455 170.482 
0.203775 1.13196 0.0760711 3.83154 48.8592 
0.0221025 5.15549 0.0470553 0.172946 79.4443 
0.210757 1.07163 0.0645906 3.3486 88.9829 
0.224001 0.88271 0.0645906 3.83154 95.8745 
0.283389 0.278511 0.0842717 6.5551 211.929 
0.314846 0.125304 0.0713391 11.3922 220.274 
0.131422 2.66424 0.0482898 1.6023 41.1281 
0.373746 0.0185872 6.61428 20.5255 1108.71 
0.359632 0.0324215 1.30378 17.8835 649.41 
0.427102 0.000360435 1.82518 85.4059 12743.1 
0.265884 0.413197 0.695324 6.43346 114.023 
0.26193 0.456344 0.168607 5.88873 118.205 
0.371607 0.0203465 5.76227 22.1672 866.339 
0.414868 0.00132099 0.370965 50.1976 5803.66 
0.242765 0.652677 0.235536 4.86946 95.8745 
0.292843 0.231508 0.119538 8.27455 170.482 
0.0167189 5.29543 0.045517 0.126727 118.205 
0.278095 0.32288 0.168607 6.43346 175.586 
0.253922 0.517382 0.647924 5.79908 95.8745 
0.289782 0.251385 0.0627131 7.51896 185.369 
0.30312 0.182002 0.0529559 8.76004 220.274 
0.249031 0.583775 0.0482898 5.01737 110.871 
0.404107 0.00328871 8.75297 35.443 3744.78 
0.437256 7.49162e-05 306.141 168.214 41187.4 
0.305027 0.174104 0.389022 9.09675 220.274 
0.30311 0.182172 0.0835476 8.76004 220.274 
0.434061 0.000141451 127.24 125.965 27250.8 
0.254434 0.516118 0.0809319 5.79908 95.8745 
0.434021 0.000147834 190.801 125.965 27250.8 
0.0308754 4.92813 0.045517 0.247029 79.4443 
0.0202223 5.20309 0.0645906 0.156542 88.9829 
0.400001 0.0041757 0.0645975 37.6635 2314.68 
0.3081 0.158192 0.132656 8.76004 272.508 
0.362651 0.0273012 2.59535 16.2974 958.745 
0.373912 0.0175645 0.419593 22.14 958.745 
0.243743 0.639708 0.521171 4.81895 103.083 
0.259063 0.481318 0.132656 5.79908 110.871 
0.243597 0.63981 0.695324 4.81895 103.083 
0.242927 0.652092 0.052329 4.86946 95.8745 
0.254388 0.516324 0.132656 5.79908 95.8745 
0.375556 0.0167703 6.61428 20.5255 1254.7 
0.43578 9.95259e-05 749.887 170.221 32369.5 
0.267213 0.40914 0.0580897 5.88873 143.891 
0.014759 5.35561 0.0596015 0.112725 88.9829 
0.261883 0.457617 0.0579285 5.79908 122.026 
0.29568 0.213068 0.045517 8.76004 170.482 
0.171677 1.74532 0.0835476 2.67945 40.2711 
0.260974 0.465504 0.0835476 5.79908 118.205 
0.271007 0.370496 0.270982 5.89653 170.482 
0.0869545 3.64056 0.15634 0.855857 50.5454 
0.310143 0.152521 0.307361 9.54351 242.903 
0.267531 0.403459 0.0529559 6.43346 118.205 
0.292861 0.231295 0.0809319 8.27455 170.482 
0.337666 0.0657178 2.31609 11.6565 556.74 
0.261947 0.456221 0.14475 5.88873 118.205 
0.189761 1.45536 0.072046 2.89395 60.9702 
0.0546858 4.37367 0.0533407 0.476199 60.7358 
0.283392 0.278455 0.0760711 6.5551 211.929 
0.408448 0.00270409 114.262 41.1488 4657.3 
0.3081 0.158192 0.132656 8.76004 272.508 
0.223859 0.88291 0.225735 3.83154 95.8745 
0.288771 0.257018 2.34691 7.51896 185.369 
0.344574 0.0542425 0.0809319 13.9294 492.404 
0.0127946 5.40607 0.0505942 0.09542 146.114 
0.439874 3.66385e-05 1142.62 178.835 93151.3 
0.223811 0.882926 0.280444 3.83154 95.8745 
0.254304 0.516644 0.225735 5.79908 95.8745 
0.265884 0.413197 0.695324 6.43346 114.023 
0.248929 0.584443 0.18274 5.01737 110.871 
0.349827 0.0471787 2.69061 15.1481 545.125 
0.24026 0.677387 0.647924 4.61002 103.083 
0.440484 2.38607e-05 4111.94 255.097 95874.5 
0.29166 0.236134 2.54578 8.27455 170.482 
0.427104 0.000338432 0.072046 85.4059 12743.1 
0.134991 2.56968 0.045517 1.71009 38.1021 
0.319714 0.115842 0.0835476 10.0372 324.088 
0.244562 0.631032 0.470994 4.86946 103.083 
0.395937 0.00544521 0.0809319 33.0683 2054.84 
0.351351 0.0424475 6.61428 13.9294 750.296 
0.311344 0.14637 0.075272 9.25379 272.508 
0.0578038 4.17615 0.0446873 0.493671 88.9829 
0.43578 9.95259e-05 749.887 170.221 32369.5 
0.430838 0.000250819 180.698 116.048 17022.6 
0.292843 0.231508 0.119538 8.27455 170.482 
0.137796 2.50169 0.0666788 1.77502 37.9147 
0.442024 1.0772e-05 0.113495 350.011 95874.5 
0.248161 0.588285 0.260655 4.86946 118.205 
0.245951 0.6156 0.0809319 4.81895 110.871 
0.189793 1.42965 0.04756 3.11208 49.5859 
0.380071 0.0136414 3.28208 25.5097 1108.71 
0.153544 2.17721 0.0482898 1.95582 54.4992 
0.180265 1.6152 0.168607 2.77406 48.9148 
0.318052 0.123117 0.370965 10.5421 272.508 
0.248161 0.588285 0.260655 4.86946 118.205 
0.236582 0.721804 0.570569 4.62555 88.9829 
0.350528 0.0458167 5.56062 16.2974 509.583 
0.383154 0.01166 7.45057 28.4688 1170.29 
0.234991 0.740653 0.260588 4.30233 102.615 
0.262013 0.455695 0.0505942 5.88873 118.205 
0.0545598 4.38477 0.04756 0.480106 54.2998 
0.383322 0.0113389 3.43936 28.4688 1170.29 
0.142424 2.41297 0.0506919 1.72295 54.0402 
0.376436 0.0161833 14.0938 25.5097 958.745 
0.0684467 4.05626 0.0741449 0.623747 57.9949 
0.405521 0.00305537 8.75297 37.6635 3744.78 
0.438428 5.16971e-05 603.429 221.672 46573 
0.278095 0.32288 0.168607 6.43346 175.586 
0.44003 2.38974e-05 2.34691 178.835 93151.3 
0.409382 0.0020343 0.307361 41.1488 4657.3 
0.423331 0.000544171 0.132656 79.2852 8444.07 
0.244158 0.638438 0.045517 4.86946 100.213 
0.351685 0.041676 6.61428 13.9294 767.644 
0.0859895 3.6801 0.0482898 0.869191 41.1281 
0.241442 0.668965 0.0700173 4.81895 93.4777 
0.271007 0.370496 0.270982 5.89653 170.482 
0.243637 0.6398 0.647924 4.81895 103.083 
0.166043 1.91939 0.0801252 2.2764 52.9651 
0.0859895 3.6801 0.0482898 0.869191 41.1281 
0.237072 0.715099 0.292665 4.74289 84.4407 
0.238883 0.690976 0.292665 4.86946 84.4407 
0.43578 9.95259e-05 749.887 170.221 32369.5 
0.23169 0.79013 0.0675332 4.27707 90.7757 
0.292861 0.231295 0.0809319 8.27455 170.482 
0.242758 0.654219 0.0894602 4.81895 98.0404 
0.442024 1.0772e-05 0.113495 350.011 95874.5 
0.253424 0.517961 0.0470553 5.88873 90.7757 
0.183428 1.57327 0.052329 2.77406 54.4992 
0.416051 0.00116681 0.0842667 61.2497 5054.54 
0.246683 0.607717 0.168607 4.86946 110.871 
0.3081 0.158192 0.132656 8.76004 272.508 
0.3081 0.158192 0.132656 8.76004 272.508 
0.278095 0.32288 0.168607 6.43346 175.586 
0.114798 3.03714 0.0720171 1.26819 46.3963 
0.0308754 4.92813 0.045517 0.247029 79.4443 
0.397125 0.00537117 3.38647 32.2257 2357.66 
0.417366 0.00098209 2.34691 50.1976 8377.24 
0.166043 1.91939 0.0801252 2.2764 52.9651 
0.0315494 4.91684 0.0450783 0.255187 69.1051 
0.310165 0.152249 0.237528 9.54351 242.903 
0.222703 0.905357 0.15634 3.83154 90.7757 
0.0391559 4.65358 0.0645906 0.316817 95.8745 
0.431036 0.000201245 5.76227 116.048 17022.6 
0.0082934 5.5641 0.0842667 0.0609202 175.586 
0.338768 0.0637926 8.11785 11.8038 596.661 
0.289678 0.252722 0.307361 7.51896 185.369 
0.417371 0.00094056 0.472969 50.1976 8377.24 
0.416255 0.00113969 0.0700173 62.0318 5095.83 
0.0167189 5.29543 0.045517 0.126727 118.205 
0.26193 0.456344 0.168607 5.88873 118.205 
0.243743 0.639708 0.521171 4.81895 103.083 
0.261883 0.457617 0.0579285 5.79908 122.026 
0.298628 0.203483 3.40855 8.27455 220.274 
0.137303 2.52724 0.113495 1.64532 50.5454 
0.405521 0.00305537 8.75297 37.6635 3744.78 
0.0221025 5.15549 0.0470553 0.172946 79.4443 
0.245712 0.61808 0.0809319 4.80407 110.871 
0.409383 0.00199728 0.0579285 41.1488 4657.3 
0.249723 0.566874 0.292665 4.86946 126.739 
0.31022 0.151435 0.0596015 9.54351 242.903 
0.0125026 5.438 0.0473282 0.0938162 118.205 
0.242836 0.652452 0.155507 4.86946 95.8745 
0.442024 1.08291e-05 0.168607 350.011 95874.5 
0.290127 0.243735 3.43936 7.24995 220.274 
0.414869 0.00129438 0.0809319 50.1976 5803.66 
0.30311 0.182172 0.0835476 8.76004 220.274 
0.305482 0.171578 0.237528 8.76004 242.903 
0.0197622 5.20654 0.045517 0.151362 109.256 
0.427104 0.00033789 0.0569483 85.4059 12743.1 
0.118135 2.95333 0.0446873 1.37953 38.1021 
0.166043 1.91939 0.0801252 2.2764 52.9651 
0.2575 0.497273 0.0835476 5.65931 110.871 
0.366672 0.0247944 8.34215 17.8835 984.127 
0.224001 0.88271 0.0645906 3.83154 95.8745 
0.242921 0.65212 0.0596015 4.86946 95.8745 
0.00637762 5.64438 0.0842667 0.0465041 201.032 
0.261965 0.456087 0.119538 5.88873 118.205 
0.262017 0.455665 0.045517 5.88873 118.205 
0.258761 0.483811 0.0579285 5.79908 109.563 
0.375556 0.0167703 6.61428 20.5255 1254.7 
0.249006 0.583949 0.0809319 5.01737 110.871 
0.292594 0.23359 0.647924 8.27455 170.482 
0.00896839 5.56278 0.0473282 0.06649 131.78 
0.373746 0.0185872 6.61428 20.5255 1108.71 
0.270761 0.381501 0.168607 6.43346 131.78 
0.387088 0.00925515 0.647924 28.4688 1422.06 
0.241407 0.669025 0.0596015 4.65945 102.416 
0.262016 0.455676 0.0473282 5.88873 118.205 
0.242765 0.652677 0.235536 4.86946 95.8745 
0.441727 1.50481e-05 7.45057 284.688 93151.3 
0.0167189 5.29543 0.045517 0.126727 118.205 
0.442024 1.0772e-05 0.113495 350.011 95874.5 
0.441727 1.36406e-05 0.0456761 284.688 93151.3 
0.271558 0.363806 0.168607 5.88873 175.586 
0.237288 0.714872 0.0809319 4.74289 84.4407 
0.226951 0.821767 0.045517 3.83154 110.871 
0.271007 0.370496 0.270982 5.89653 170.482 
0.414869 0.00129438 0.0809319 50.1976 5803.66 
0.195533 1.34455 0.0741449 3.17314 57.1023 
0.381982 0.0118178 5.76227 22.1672 1671.57 
0.118135 2.95333 0.0446873 1.37953 38.1021 
0.137796 2.50169 0.0666788 1.77502 37.9147 
0.27459 0.350732 0.389022 6.302 161.392 
0.252493 0.526356 0.0580897 4.86946 143.891 
0.237319 0.714813 0.0505942 4.74289 84.4407 
0.248669 0.58553 0.521171 5.01737 110.871 
0.336156 0.0728291 8.07101 13.4692 386.755 
0.0108581 5.49275 0.0446873 0.0813515 110.871 
0.231711 0.790082 0.0450783 4.27707 90.7757 
0.131422 2.66424 0.0482898 1.6023 41.1281 
0.242876 0.652302 0.109767 4.86946 95.8745 
0.302664 0.185991 1.34312 8.76004 220.274 
0.0196552 5.22243 0.045517 0.151362 95.8745 
0.390882 0.00655156 0.430184 25.5097 2442.77 
0.273717 0.357924 0.052329 6.302 154.52 
0.271007 0.370496 0.270982 5.89653 170.482 
0.239099 0.690706 0.0809319 4.86946 84.4407 
0.291811 0.235989 2.24745 8.27455 170.482 
0.101108 3.32852 0.04756 1.03625 53.4061 
0.00786261 5.56971 0.04756 0.0587902 98.0404 
0.238662 0.693313 0.260655 4.86946 83.7724 
0.257517 0.491008 0.132656 5.86734 103.083 
0.419935 0.000832531 121.032 52.493 12538.8 
0.373656 0.0187913 5.76227 22.1672 958.745 
0.260422 0.467525 0.0627131 5.92625 110.585 
0.44003 2.38974e-05 2.34691 178.835 93151.3 
0.242773 0.652652 0.225735 4.86946 95.8745 
0.0648047 4.14982 0.0809319 0.593047 50.5454 
0.218026 0.981811 0.0760711 3.83154 75.0296 
0.283355 0.279096 0.173723 6.5551 211.929 
0.259128 0.480871 0.0471611 5.79908 110.871 
0.292865 0.231245 0.0720171 8.27455 170.482 
0.390878 0.00660772 0.647924 25.5097 2442.77 
0.292843 0.231508 0.119538 8.27455 170.482 
0.278139 0.322262 0.0741449 6.43346 175.586 
0.254453 0.516028 0.0596015 5.79908 95.8745 
0.43578 9.95259e-05 749.887 170.221 32369.5 
0.427102 0.000360435 1.82518 85.4059 12743.1 
0.238883 0.690976 0.292665 4.86946 84.4407 
0.262013 0.455695 0.0505942 5.88873 118.205 
0.248161 0.588285 0.260655 4.86946 118.205 
0.262017 0.455665 0.045517 5.88873 118.205 
0.30311 0.182172 0.0835476 8.76004 220.274 
0.200797 1.25019 0.04756 3.11208 75.0296 
0.442023 1.17998e-05 8.43241 350.011 95874.5 
0.0869545 3.64056 0.15634 0.855857 50.5454 
0.319714 0.115845 0.0842717 10.0372 324.088 
0.267221 0.409048 0.0446873 5.88873 143.891 
0.0481137 4.45072 0.0720171 0.40135 84.8892 
0.292678 0.233027 0.470994 8.27455 170.482 
0.278095 0.32288 0.168607 6.43346 175.586 
0.301717 0.18981 2.34691 8.76004 215.602 
0.0308754 4.92813 0.045517 0.247029 79.4443 
0.248306 0.587238 0.0569483 4.86946 118.205 
0.0308754 4.92813 0.045517 0.247029 79.4443 
0.254438 0.516098 0.0760711 5.79908 95.8745 
0.350528 0.0458167 5.56062 16.2974 509.583 
0.24675 0.607292 0.0809319 4.86946 110.871 
0.0196932 5.21854 0.0450783 0.151362 100.213 
0.441479 1.93854e-05 140.938 255.097 93151.3 
0.241767 0.664305 0.0727511 4.86946 92.1438 
0.442024 1.0772e-05 0.113495 350.011 95874.5 
0.276655 0.331473 0.0809319 6.302 175.586 
0.414869 0.00129662 0.0998331 50.1976 5803.66 
0.395937 0.00544521 0.0809319 33.0683 2054.84 
0.225263 0.85479 0.260588 3.83154 102.615 
0.292804 0.231924 0.201533 8.27455 170.482 
0.182687 1.58543 0.052329 2.77406 52.9947 
0.223859 0.88291 0.225735 3.83154 95.8745 
0.137796 2.50169 0.0666788 1.77502 37.9147 
0.29568 0.213068 0.045517 8.76004 170.482 
0.288771 0.257018 2.34691 7.51896 185.369 
0.3081 0.158192 0.132656 8.76004 272.508 
0.427104 0.000337742 0.0529559 85.4059 12743.1 
0.261947 0.456221 0.14475 5.88873 118.205 
0.42331 0.000602996 8.75297 79.2852 8444.07 
0.32037 0.114748 8.34215 10.5421 324.088 
0.254434 0.516118 0.0809319 5.79908 95.8745 
0.248293 0.587345 0.075272 4.86946 118.205 
0.18634 1.51438 0.0446873 2.89395 53.4061 
0.237324 0.714802 0.045517 4.74289 84.4407 
0.280629 0.290304 0.546528 6.27699 220.274 
0.0684467 4.05626 0.0741449 0.623747 57.9949 
0.393864 0.00653867 2.34691 32.2257 1853.69 
0.24894 0.584379 0.168607 5.01737 110.871 
0.244758 0.630472 0.235536 4.86946 103.083 
0.254304 0.516644 0.225735 5.79908 95.8745 
0.340785 0.0611989 0.0482898 14.0453 411.281 
0.398918 0.00450183 0.0579285 35.443 2311.38 
0.118135 2.95333 0.0446873 1.37953 38.1021 
0.414868 0.00131626 0.307361 50.1976 5803.66 
0.137796 2.50169 0.0666788 1.77502 37.9147 
0.219933 0.953209 0.0760711 3.83154 80.6665 
0.262012 0.455709 0.0529559 5.88873 118.205 
0.224929 0.864298 0.0760711 3.83154 100.213 
0.340846 0.0602973 0.307361 12.5741 520.165 
0.00730454 5.61163 0.0809319 0.0535327 175.586 
0.318052 0.123117 0.370965 10.5421 272.508 
0.23169 0.79013 0.0675332 4.27707 90.7757 
0.142424 2.41297 0.0506919 1.72295 54.0402 
0.326303 0.0862137 6.61428 13.9294 272.508 
0.427104 0.000349241 0.546528 85.4059 12743.1 
0.305728 0.170215 0.0482898 8.90116 235.766 
0.325447 0.0989658 0.388015 11.8038 297.983 
0.186187 1.51632 0.0454731 2.89627 52.9947 
0.176907 1.69288 0.0760711 2.64276 49.5859 
0.254388 0.516324 0.132656 5.79908 95.8745 
0.166043 1.91939 0.0801252 2.2764 52.9651 
0.305143 0.172634 0.0569483 9.09675 220.274 
0.417352 0.00102335 7.45057 50.1976 8377.24 
0.278039 0.326192 0.168607 6.5551 165.594 
0.178024 1.66983 0.0760711 2.67945 49.5859 
0.180265 1.6152 0.168607 2.77406 48.9148 
0.29282 0.231762 0.168607 8.27455 170.482 
0.427104 0.000337464 0.045517 85.4059 12743.1 
0.234991 0.740653 0.260588 4.30233 102.615 
0.04401 4.61995 0.052329 0.374862 55.674 
0.0578038 4.17615 0.0446873 0.493671 88.9829 
0.248236 0.587784 0.155507 4.86946 118.205 
0.0724022 3.91312 0.260655 0.710319 38.1021 
0.245894 0.615963 0.155507 4.81895 110.871 
0.395933 0.00551148 0.260655 33.0683 2054.84 
0.434589 0.000125625 127.24 139.294 27250.8 
0.218668 0.972918 0.0522131 3.83154 76.7644 
0.258991 0.481745 0.225735 5.79908 110.871 
0.18081 1.61244 0.0760711 2.77406 49.5859 
0.244883 0.629883 0.0835476 4.86946 103.083 
0.0428225 4.64333 0.0569483 0.364321 54.4992 
0.289737 0.252013 0.168607 7.51896 185.369 
0.254459 0.516 0.0529559 5.79908 95.8745 
0.271007 0.370496 0.270982 5.89653 170.482 
0.417369 0.00096056 1.09023 50.1976 8377.24 
0.428726 0.000284558 5.60253 105.421 13178 
0.405576 0.00290197 2.31609 37.6635 3744.78 
0.240639 0.676647 0.192508 4.61002 103.083 
0.414811 0.00148193 13.0726 50.1976 5803.66 
0.265053 0.423624 0.192508 6.302 114.023 
0.436556 9.03614e-05 749.887 141.313 45862 
0.231589 0.79032 0.176186 4.27707 90.7757 
0.24671 0.60755 0.132656 4.86946 110.871 
0.292594 0.23359 0.647924 8.27455 170.482 
0.439639 3.81092e-05 1670.85 175.252 93151.3 
0.442024 1.0772e-05 0.113495 350.011 95874.5 
0.271079 0.369539 0.119538 5.89653 170.482 
0.442024 1.07059e-05 0.0579285 350.011 95874.5 
0.303122 0.181975 0.0482898 8.76004 220.274 
0.278095 0.32288 0.168607 6.43346 175.586 
0.238154 0.708381 0.0842717 4.65945 90.7757 
0.262004 0.455778 0.0645975 5.88873 118.205 
0.299833 0.197465 0.119538 8.27455 220.274 
0.0545598 4.38477 0.04756 0.480106 54.2998 
0.157072 2.10022 0.0446873 2.15628 43.7635 
0.142424 2.41297 0.0506919 1.72295 54.0402 
0.311353 0.14621 0.0446873 9.25379 272.508 
0.241402 0.669106 0.113495 4.81895 93.4777 
0.23469 0.745475 0.0460717 4.27707 102.615 
0.397125 0.00537117 3.38647 32.2257 2357.66 
0.254158 0.517059 0.389022 5.79908 95.8745 
0.322294 0.109157 0.335132 10.5421 324.088 
0.350528 0.0458167 5.56062 16.2974 509.583 
0.18457 1.53693 0.0627131 2.64276 68.7736 
0.291232 0.238728 0.472969 7.24995 220.274 
0.292831 0.23164 0.14475 8.27455 170.482 
0.390878 0.00660772 0.647924 25.5097 2442.77 
0.254431 0.516129 0.0835476 5.79908 95.8745 
0.166043 1.91939 0.0801252 2.2764 52.9651 
0.439907 3.62025e-05 967.874 178.835 93151.3 
0.322294 0.109157 0.335132 10.5421 324.088 
0.0162948 5.31647 0.0482898 0.12491 88.9829 
0.261886 0.457587 0.0529559 5.79908 122.026 
0.414859 0.00138446 2.31609 50.1976 5803.66 
0.440728 2.06999e-05 2.41548 205.255 93151.3 
0.289678 0.252722 0.307361 7.51896 185.369 
0.0299402 4.94919 0.052329 0.242423 64.4517 
0.0315494 4.91684 0.0450783 0.255187 69.1051 
0.23556 0.738392 0.0446873 4.62555 84.4407 
0.29191 0.235854 2.04849 8.27455 170.482 
0.29565 0.21342 0.110792 8.76004 170.482 
0.414867 0.00133202 0.546528 50.1976 5803.66 
0.26193 0.456344 0.168607 5.88873 118.205 
0.429647 0.000268252 725.932 116.048 17022.6 
0.26199 0.455887 0.0835476 5.88873 118.205 
0.271597 0.363226 0.0842667 5.88873 175.586 
0.30312 0.182015 0.0552196 8.76004 220.274 
0.30312 0.182015 0.0552196 8.76004 220.274 
0.397125 0.00537117 3.38647 32.2257 2357.66 
0.4271 0.000366737 3.43936 85.4059 12743.1 
0.224007 0.882698 0.0579285 3.83154 95.8745 
0.27137 0.365914 0.168607 5.88873 173.965 
0.303111 0.182158 0.0809319 8.76004 220.274 
0.24026 0.677387 0.647924 4.61002 103.083 
0.224018 0.882674 0.045517 3.83154 95.8745 
0.262016 0.455676 0.0473282 5.88873 118.205 
0.12845 2.72457 0.0760711 1.47912 50.5454 
0.289782 0.251385 0.0627131 7.51896 185.369 
0.398814 0.00498349 6.61641 35.443 2311.38 
0.265884 0.413197 0.695324 6.43346 114.023 
0.0859895 3.6801 0.0482898 0.869191 41.1281 
0.223341 0.88609 0.0666788 4.30233 67.4976 
0.261947 0.456221 0.14475 5.88873 118.205 
0.0315494 4.91684 0.0450783 0.255187 69.1051 
0.261947 0.456221 0.14475 5.88873 118.205 
0.242836 0.652452 0.155507 4.86946 95.8745 
0.30311 0.182176 0.0842717 8.76004 220.274 
0.267252 0.405915 0.0842667 5.79908 151.257 
0.303118 0.18204 0.0596146 8.76004 220.274 
0.254257 0.516798 0.278313 5.79908 95.8745 
0.237325 0.714801 0.0446873 4.74289 84.4407 
0.371607 0.0203465 5.76227 22.1672 866.339 
0.0833366 3.73737 0.0757271 0.81139 49.5859 
0.209838 1.10289 0.04756 3.40618 79.4443 
0.160423 2.03828 0.0579085 2.15628 50.5454 
0.0167189 5.29543 0.045517 0.126727 118.205 
0.219562 0.959326 0.0569483 3.83154 79.4443 
0.254465 0.515967 0.045517 5.79908 95.8745 
0.262008 0.455739 0.0579285 5.88873 118.205 
0.292861 0.231295 0.0809319 8.27455 170.482 
0.248161 0.588285 0.260655 4.86946 118.205 
0.233359 0.765093 0.260588 4.30233 95.8745 
0.241429 0.669013 0.0842717 4.81895 93.4777 
0.381856 0.0119749 3.43936 28.4688 1092.56 
0.241767 0.664305 0.0727511 4.86946 92.1438 
0.201361 1.14925 0.0760711 3.83154 46.0579 
0.283401 0.278288 0.052329 6.5551 211.929 
0.00958747 5.53211 0.0596146 0.0709667 146.114 
0.26193 0.456344 0.168607 5.88873 118.205 
0.405521 0.00305537 8.75297 37.6635 3744.78 
0.405521 0.00305537 8.75297 37.6635 3744.78 
0.0121713 5.44983 0.045517 0.0912568 118.205 
0.36324 0.0263065 2.59535 16.2974 1002.13 
0.390878 0.00660772 0.647924 25.5097 2442.77 
0.305482 0.171578 0.237528 8.76004 242.903 
0.304402 0.176028 0.0894602 8.69753 235.766 
0.248161 0.588285 0.260655 4.86946 118.205 
0.437905 5.87792e-05 349.946 205.255 42137.1 
0.224001 0.88271 0.0645906 3.83154 95.8745 
0.310224 0.15136 0.0450783 9.54351 242.903 
0.173309 1.71412 0.052329 2.29495 75.0296 
0.254431 0.516129 0.0835476 5.79908 95.8745 
0.189761 1.45536 0.072046 2.89395 60.9702 
0.0308754 4.92813 0.045517 0.247029 79.4443 
0.373746 0.0185872 6.61428 20.5255 1108.71 
0.30312 0.182015 0.0552196 8.76004 220.274 
0.366672 0.0247944 8.34215 17.8835 984.127 
0.0546858 4.37367 0.0533407 0.476199 60.7358 
0.241433 0.668999 0.0801252 4.81895 93.4777 
0.271288 0.3669 0.521171 5.88873 174.678 
0.427104 0.00033789 0.0569483 85.4059 12743.1 
0.0833684 3.7357 0.0579085 0.835027 41.1281 
0.224018 0.882674 0.045517 3.83154 95.8745 
0.349739 0.0475084 3.43936 15.1481 545.125 
0.134991 2.56968 0.045517 1.71009 38.1021 
0.268511 0.396994 0.0809319 6.43346 122.026 
0.430919 0.000240462 118.493 116.048 17022.6 
0.254434 0.516118 0.0809319 5.79908 95.8745 
0.185076 1.53305 0.045517 2.67325 66.9906 
0.147582 2.30022 0.04756 1.95582 41.1281 
0.24504 0.627005 0.0671012 5.01737 95.8745 
0.413018 0.00164549 5.03057 46.4978 5451.25 
0.0106353 5.49432 0.0446873 0.0798744 103.083 
0.0680655 4.0782 0.052329 0.623747 54.2998 
0.289678 0.252722 0.307361 7.51896 185.369 
0.183428 1.57327 0.052329 2.77406 54.4992 
0.0308754 4.92813 0.045517 0.247029 79.4443 
0.248161 0.588285 0.260655 4.86946 118.205 
0.253277 0.518483 0.202394 5.88873 90.7757 
0.079469 3.82518 0.0809319 0.770937 46.3963 
0.346547 0.0507004 0.521171 13.7557 561.55 
0.249309 0.573619 0.0446873 4.86946 123.465 
0.114798 3.03714 0.0720171 1.26819 46.3963 
0.29284 0.231542 0.126054 8.27455 170.482 
0.242701 0.654455 0.155507 4.81895 98.0404 
0.307897 0.160848 0.0579285 9.35028 231.468 
0.275556 0.344674 0.168607 6.43346 157.602 
0.299808 0.197846 0.192508 8.27455 220.274 
0.31019 0.151902 0.15634 9.54351 242.903 
0.00900285 5.54109 0.0835476 0.0671719 110.871 
0.30312 0.182015 0.0552196 8.76004 220.274 
0.278136 0.322308 0.0809319 6.43346 175.586 
0.0815973 3.7418 0.0596015 0.770937 60.7358 
0.261938 0.456281 0.15634 5.88873 118.205 
0.264222 0.42908 0.0809319 6.302 110.871 
0.166043 1.91939 0.0801252 2.2764 52.9651 
0.375468 0.0169981 8.75297 20.5255 1254.7 
0.223811 0.882926 0.280444 3.83154 95.8745 
0.278095 0.32288 0.168607 6.43346 175.586 
0.0376637 4.7491 0.0645906 0.316817 52.9651 
0.271007 0.370496 0.270982 5.89653 170.482 
0.413041 0.00152315 0.292665 46.4978 5451.25 
0.244562 0.631032 0.470994 4.86946 103.083 
0.24339 0.647191 0.045517 4.81895 100.213 
0.325409 0.0993436 0.546528 11.8038 297.983 
0.383322 0.0113389 3.43936 28.4688 1170.29 
0.237223 0.714977 0.14475 4.74289 84.4407 
0.262008 0.455739 0.0579085 5.88873 118.205 
0.303091 0.182454 0.137256 8.76004 220.274 
0.29117 0.239408 0.647924 7.24995 220.274 
0.0333573 4.85037 0.045517 0.276574 54.2998 
0.249006 0.583949 0.0809319 5.01737 110.871 
0.29669 0.209467 0.132656 8.76004 176.16 
0.015079 5.3515 0.0596015 0.114133 110.871 
0.298973 0.199406 0.307361 8.90116 185.369 
0.261939 0.456277 0.155507 5.88873 118.205 
0.14832 2.22678 0.0666788 1.77502 67.4976 
0.209437 1.1141 0.045517 3.44427 75.0296 
0.00756807 5.57647 0.0450783 0.0552328 220.274 
0.259063 0.481318 0.132656 5.79908 110.871 
0.0302414 4.94828 0.0446873 0.242423 75.0296 
0.262016 0.455676 0.0473282 5.88873 118.205 
0.290127 0.243735 3.43936 7.24995 220.274 
0.373925 0.0173608 0.168607 22.14 958.745 
0.248888 0.584669 0.235536 5.01737 110.871 
0.43578 9.95259e-05 749.887 170.221 32369.5 
0.308119 0.157839 0.0645578 8.76004 272.508 
0.283326 0.279556 0.250634 6.5551 211.929 
0.215291 1.01392 0.292665 3.83154 68.7736 
0.00695574 5.61869 0.0482898 0.0516362 110.871 
0.302272 0.187377 2.41548 8.76004 220.274 
0.417372 0.000916659 0.0835476 50.1976 8377.24 
0.438552 4.74372e-05 268.092 221.672 46573 
0.118135 2.95333 0.0446873 1.37953 38.1021 
0.292843 0.231508 0.119538 8.27455 170.482 
0.321067 0.114334 5.60253 10.5421 324.088 
0.395937 0.00543223 0.052329 33.0683 2054.84 
0.235163 0.739985 0.052329 4.30233 102.615 
0.314846 0.125304 0.0713391 11.3922 220.274 
0.364348 0.0248693 5.56062 16.2974 1108.71 
0.24566 0.619457 0.052329 4.81895 109.47 
0.400247 0.00382866 0.0809319 43.0227 2119.29 
0.0221025 5.15549 0.0470553 0.172946 79.4443 
0.26193 0.456344 0.168607 5.88873 118.205 
0.388014 0.00845621 0.647924 25.5097 1853.69 
0.289782 0.251385 0.0627131 7.51896 185.369 
0.24026 0.677387 0.647924 4.61002 103.083 
0.330503 0.0781695 0.335132 10.5421 505.454 
0.137796 2.50169 0.0666788 1.77502 37.9147 
0.244065 0.638719 0.132656 4.81895 103.083 
0.0428225 4.64333 0.0569483 0.364321 54.4992 
0.427104 0.000338742 0.0809319 85.4059 12743.1 
0.271184 0.367328 0.965231 5.88873 175.586 
0.135586 2.55607 0.045517 1.72295 38.1021 
0.184063 1.55116 0.0449275 2.64276 66.9906 
0.195533 1.34455 0.0741449 3.17314 57.1023 
0.305027 0.174104 0.389022 9.09675 220.274 
0.305482 0.171578 0.237528 8.76004 242.903 
0.260037 0.471412 0.14475 5.88873 110.871 
0.244909 0.629742 0.052329 4.86946 103.083 
0.243637 0.6398 0.647924 4.81895 103.083 
0.311349 0.14628 0.0579285 9.25379 272.508 
0.0221025 5.15549 0.0470553 0.172946 79.4443 
0.165195 1.93892 0.04756 2.25242 52.9947 
0.441714 1.73915e-05 167.085 284.688 93151.3 
0.261965 0.456087 0.119538 5.88873 118.205 
0.210757 1.07163 0.0645906 3.3486 88.9829 
0.262017 0.455665 0.045517 5.88873 118.205 
0.00756807 5.57647 0.0450783 0.0552328 220.274 
0.28979 0.251272 0.0450783 7.51896 185.369 
0.400001 0.00417087 0.0514362 37.6635 2314.68 
0.305528 0.170856 0.0894996 8.76004 242.903 
0.431036 0.000201245 5.76227 116.048 17022.6 
0.0838932 3.71625 0.0801252 0.81139 52.9651 
0.416051 0.00116681 0.0842667 61.2497 5054.54 
0.222703 0.905357 0.15634 3.83154 90.7757 
0.244036 0.638859 0.168607 4.81895 103.083 
0.310165 0.152249 0.237528 9.54351 242.903 
0.261938 0.456281 0.15634 5.88873 118.205 
0.278757 0.320151 0.113803 6.5551 170.482 
0.417372 0.000919664 0.119538 50.1976 8377.24 
0.261832 0.458051 0.132656 5.79908 122.026 
0.00597635 5.66834 0.0506919 0.0440701 125.388 
0.390805 0.00705237 5.1406 25.5097 2442.77 
0.292861 0.231295 0.0809319 8.27455 170.482 
0.243743 0.639708 0.521171 4.81895 103.083 
0.311318 0.146839 0.173723 9.25379 272.508 
0.414869 0.00129017 0.04756 50.1976 5803.66 
0.288771 0.257018 2.34691 7.51896 185.369 
0.226928 0.82189 0.0760711 3.83154 110.871 
0.307958 0.160145 0.648728 8.76004 272.508 
0.295668 0.213215 0.072046 8.76004 170.482 
0.0333573 4.85037 0.045517 0.276574 54.2998 
0.292847 0.231455 0.109767 8.27455 170.482 
0.292861 0.231295 0.0809319 8.27455 170.482 
0.414847 0.00142086 5.1406 50.1976 5803.66 
0.261965 0.456087 0.119538 5.88873 118.205 
0.271425 0.365103 0.052329 5.88873 173.965 
0.254434 0.516118 0.0809319 5.79908 95.8745 
0.224001 0.88271 0.0645906 3.83154 95.8745 
0.261947 0.456221 0.14475 5.88873 118.205 
0.375582 0.0166938 5.9761 20.5255 1254.7 
0.354101 0.0390444 0.518831 15.4316 643.879 
0.43578 9.95259e-05 749.887 170.221 32369.5 
0.292772 0.232243 0.270982 8.27455 170.482 
0.417364 0.000988321 2.8777 50.1976 8377.24 
0.223987 0.882739 0.0809319 3.83154 95.8745 
0.380363 0.0123303 61.2005 28.4688 1182.05 
0.261969 0.456054 0.113495 5.88873 118.205 
0.306374 0.168129 0.314017 8.90116 242.903 
0.427104 0.000337569 0.0482898 85.4059 12743.1 
0.0904539 3.41457 0.045517 0.857731 79.4443 
0.305008 0.175191 0.836217 8.90116 231.468 
0.387592 0.00888789 0.260655 28.4688 1464.18 
0.399438 0.00432534 0.0894602 37.6635 2228.24 
0.0256921 5.04646 0.045517 0.200833 95.8745 
0.399265 0.0043522 0.0450783 37.6635 2202.74 
0.39037 0.00756699 0.168607 28.4688 1755.86 
0.311276 0.147471 0.328863 9.25379 272.508 
0.371327 0.0209136 6.61428 20.5255 958.745 
0.259063 0.481318 0.132656 5.79908 110.871 
0.00636057 5.66722 0.045517 0.0465041 175.913 
0.0859895 3.6801 0.0482898 0.869191 41.1281 
0.0572547 4.2637 0.0450783 0.493671 75.0296 
0.224015 0.88268 0.0482898 3.83154 95.8745 
0.441727 1.37013e-05 0.0835476 284.688 93151.3 
0.303123 0.181957 0.0450783 8.76004 220.274 
0.303111 0.182158 0.0809319 8.76004 220.274 
0.195533 1.34455 0.0741449 3.17314 57.1023 
0.242921 0.65212 0.0596015 4.86946 95.8745 
0.337295 0.0683444 8.11785 11.8038 544.992 
0.242921 0.65212 0.0596015 4.86946 95.8745 
0.262017 0.455665 0.045517 5.88873 118.205 
0.31022 0.151435 0.0596015 9.54351 242.903 
0.237235 0.714959 0.132656 4.74289 84.4407 
0.30311 0.182172 0.0835476 8.76004 220.274 
0.427104 0.000348029 0.470994 85.4059 12743.1 
0.414869 0.00129478 0.0842717 50.1976 5803.66 
0.302847 0.184582 0.546528 8.69753 222.824 
0.405521 0.00305537 8.75297 37.6635 3744.78 
0.0209386 5.17868 0.0809319 0.162848 84.4407 
0.400001 0.0041757 0.0645975 37.6635 2314.68 
0.0356321 4.76107 0.0700173 0.286064 93.4777 
0.0775322 3.85039 0.0446873 0.770937 38.1021 
0.241551 0.667003 0.0842717 4.65945 103.083 
0.0333573 4.85037 0.045517 0.276574 54.2998 
0.362651 0.0273012 2.59535 16.2974 958.745 
0.0682032 4.06801 0.0741449 0.623747 55.674 
0.118135 2.95333 0.0446873 1.37953 38.1021 
0.426919 0.000452086 113.373 85.4059 12743.1 
0.253332 0.518309 0.14475 5.88873 90.7757 
0.28049 0.305879 0.470994 6.5551 185.369 
0.271007 0.370496 0.270982 5.89653 170.482 
0.30311 0.182172 0.0835476 8.76004 220.274 
0.118135 2.95333 0.0446873 1.37953 38.1021 
0.239099 0.690706 0.0809319 4.86946 84.4407 
0.224018 0.882674 0.045517 3.83154 95.8745 
0.118135 2.95333 0.0446873 1.37953 38.1021 
0.0221025 5.15549 0.0470553 0.172946 79.4443 
0.025542 5.06435 0.045517 0.200833 84.8892 
0.344567 0.0543781 0.132656 13.9294 492.404 
0.30282 0.184827 0.624686 8.69753 222.824 
0.248929 0.584443 0.18274 5.01737 110.871 
0.375556 0.0167703 6.61428 20.5255 1254.7 
0.0859895 3.6801 0.0482898 0.869191 41.1281 
0.231675 0.790163 0.0835476 4.27707 90.7757 
0.270761 0.381501 0.168607 6.43346 131.78 
0.305027 0.174104 0.389022 9.09675 220.274 
0.0862216 3.65733 0.0579085 0.835027 55.674 
0.223859 0.88291 0.225735 3.83154 95.8745 
0.191694 1.38509 0.0446873 2.77406 79.4443 
0.0381864 4.73454 0.0579085 0.31143 79.4443 
0.246683 0.607717 0.168607 4.86946 110.871 
0.0354524 4.79142 0.0717606 0.286064 84.4407 
0.310141 0.152546 0.314017 9.54351 242.903 
0.0302414 4.94828 0.0446873 0.242423 75.0296 
0.283346 0.279249 0.198689 6.5551 211.929 
0.209838 1.10289 0.04756 3.40618 79.4443 
0.0477768 4.49799 0.0720171 0.40135 75.0296 
0.211714 1.06074 0.0533407 3.83154 60.7358 
0.330443 0.0853458 0.0809319 11.6565 371.781 
0.359547 0.0328619 2.24745 17.8835 649.41 
0.00637762 5.64438 0.0842667 0.0465041 201.032 
0.292843 0.231508 0.119538 8.27455 170.482 
0.242836 0.652452 0.155507 4.86946 95.8745 
0.257377 0.498034 0.245196 5.65931 110.871 
0.417371 0.00094056 0.472969 50.1976 8377.24 
0.442024 1.16838e-05 4.90927 350.011 95874.5 
0.254434 0.516118 0.0809319 5.79908 95.8745 
0.180265 1.6152 0.168607 2.77406 48.9148 
0.440029 2.53106e-05 19.9746 178.835 93151.3 
0.306342 0.168641 0.389022 9.09675 231.468 
0.417372 0.00091315 0.0450783 50.1976 8377.24 
0.0082934 5.5641 0.0842667 0.0609202 175.586 
0.283355 0.279096 0.173723 6.5551 211.929 
0.29191 0.235854 2.04849 8.27455 170.482 
0.278095 0.32288 0.168607 6.43346 175.586 
0.35417 0.0386606 0.0741449 16.2974 579.949 
0.350528 0.0458167 5.56062 16.2974 509.583 
0.29284 0.231542 0.126054 8.27455 170.482 
0.441714 1.73915e-05 167.085 284.688 93151.3 
0.26325 0.445308 0.045517 5.88873 123.465 
0.417372 0.00091636 0.0801252 50.1976 8377.24 
0.261947 0.456221 0.14475 5.88873 118.205 
0.240164 0.67862 0.521171 4.81895 90.7757 
0.26853 0.396832 0.0529559 6.43346 122.026 
0.262008 0.45574 0.0580897 5.88873 118.205 
0.292843 0.231508 0.119538 8.27455 170.482 
0.310212 0.151557 0.0835476 9.54351 242.903 
0.338768 0.0637926 8.11785 11.8038 596.661 
0.351219 0.0426611 0.0809319 16.2974 509.583 
0.168845 1.78721 0.04756 2.64276 38.1021 
0.23169 0.79013 0.0675332 4.27707 90.7757 
0.292594 0.23359 0.647924 8.27455 170.482 
0.244036 0.638859 0.168607 4.81895 103.083 
0.254377 0.516369 0.14475 5.79908 95.8745 
0.0869545 3.64056 0.15634 0.855857 50.5454 
0.400001 0.00416953 0.04785 37.6635 2314.68 
0.292594 0.23359 0.647924 8.27455 170.482 
0.0125026 5.438 0.0473282 0.0938162 118.205 
0.243637 0.6398 0.647924 4.81895 103.083 
0.292594 0.23359 0.647924 8.27455 170.482 
0.142424 2.41297 0.0506919 1.72295 54.0402 
0.254454 0.516021 0.0579285 5.79908 95.8745 
0.29267 0.233079 0.485946 8.27455 170.482 
0.142424 2.41297 0.0506919 1.72295 54.0402 
0.303037 0.183169 0.292665 8.76004 220.274 
0.0167189 5.29543 0.045517 0.126727 118.205 
0.259035 0.481491 0.168607 5.79908 110.871 
0.0481137 4.45072 0.0720171 0.40135 84.8892 
0.269667 0.389108 0.0809319 6.43346 126.739 
0.184063 1.55116 0.0449275 2.64276 66.9906 
0.325416 0.0992777 0.516999 11.8038 297.983 
0.262017 0.455665 0.045517 5.88873 118.205 
0.390196 0.00835216 7.45057 28.4688 1755.86 
0.427104 0.000338432 0.072046 85.4059 12743.1 
0.118135 2.95333 0.0446873 1.37953 38.1021 
0.237288 0.714872 0.0809319 4.74289 84.4407 
0.260086 0.471089 0.0809319 5.88873 110.871 
0.243743 0.639708 0.521171 4.81895 103.083 
0.350911 0.0448442 2.59535 16.2974 509.583 
0.231709 0.790087 0.04756 4.27707 90.7757 
0.0569445 4.29406 0.0579285 0.493671 69.1051 
0.439874 3.66385e-05 1142.62 178.835 93151.3 
0.288771 0.257018 2.34691 7.51896 185.369 
0.302812 0.184899 0.648728 8.69753 222.824 
0.0142545 5.38234 0.0446873 0.10812 100.213 
0.0308754 4.92813 0.045517 0.247029 79.4443 
0.351806 0.0412517 5.1406 13.9294 767.644 
0.0143672 5.37149 0.0446873 0.10812 123.465 
0.0149344 5.35188 0.0596015 0.112725 118.205 
0.254465 0.515967 0.045517 5.79908 95.8745 
0.268835 0.393041 0.14475 5.88873 154.52 
0.0390227 4.68665 0.045517 0.316817 88.9829 
0.292656 0.233184 0.516999 8.27455 170.482 
0.303123 0.181955 0.0446873 8.76004 220.274 
0.262104 0.454843 0.045517 5.89653 118.205 
0.243637 0.6398 0.647924 4.81895 103.083 
0.253922 0.517382 0.647924 5.79908 95.8745 
0.242931 0.652077 0.0482898 4.86946 95.8745 
0.414866 0.0013459 0.836217 50.1976 5803.66 
0.241407 0.669025 0.0596015 4.65945 102.416 
0.261353 0.458513 0.965231 5.88873 118.205 
0.242921 0.65212 0.0596015 4.86946 95.8745 
0.261913 0.456463 0.192508 5.88873 118.205 
0.250609 0.554493 0.225735 4.86946 131.78 
0.248845 0.584888 0.292665 5.01737 110.871 
0.0308754 4.92813 0.045517 0.247029 79.4443 
0.384939 0.0102825 0.470994 25.5097 1468.73 
0.336156 0.0728291 8.07101 13.4692 386.755 
0.0167189 5.29543 0.045517 0.126727 118.205 
0.293265 0.229509 2.34691 7.51896 222.824 
0.129719 2.68857 0.0482898 1.6023 37.9147 
0.245978 0.61541 0.0446873 4.81895 110.871 
0.190626 1.41615 0.0450783 2.77406 75.0296 
0.226491 0.822801 0.647924 3.83154 110.871 
0.0173658 5.27432 0.0717606 0.13218 110.871 
0.405521 0.00305537 8.75297 37.6635 3744.78 
0.409383 0.00199728 0.0579285 41.1488 4657.3 
0.390878 0.00660772 0.647924 25.5097 2442.77 
0.238662 0.693313 0.260655 4.86946 83.7724 
0.231711 0.790082 0.0450783 4.27707 90.7757 
0.309752 0.155364 1.55029 9.54351 242.903 
0.263977 0.439024 0.168607 5.89653 126.739 
0.254304 0.516644 0.225735 5.79908 95.8745 
0.414831 0.00145211 8.75297 50.1976 5803.66 
0.405911 0.00288466 3.43936 38.2629 3744.78 
0.0202223 5.20309 0.0645906 0.156542 88.9829 
0.254394 0.516295 0.125241 5.79908 95.8745 
0.350911 0.0448442 2.59535 16.2974 509.583 
0.314233 0.135269 0.045517 9.54351 286.648 
0.191061 1.40382 0.0446873 2.77406 76.7644 
0.245951 0.6156 0.0809319 4.81895 110.871 
0.371239 0.0210981 8.11785 20.5255 958.745 
0.242933 0.652066 0.045517 4.86946 95.8745 
0.242836 0.652452 0.155507 4.86946 95.8745 
0.373746 0.0185872 6.61428 20.5255 1108.71 
0.0352699 4.8157 0.0564462 0.286064 76.7644 
0.241388 0.669127 0.0835476 4.65945 102.416 
0.279455 0.314171 0.0787057 6.5551 175.586 
0.223991 0.88273 0.0760711 3.83154 95.8745 
0.153544 2.17721 0.0482898 1.95582 54.4992 
0.261947 0.456221 0.14475 5.88873 118.205 
0.44202 1.24718e-05 58.5498 350.011 95874.5 
0.271494 0.364381 0.0809319 5.88873 174.678 
0.238848 0.693077 0.0787057 4.86946 83.7724 
0.0617633 4.17101 0.292665 0.557365 54.0402 
0.0343654 4.82853 0.0446873 0.276574 83.7724 
0.165195 1.93892 0.04756 2.25242 52.9947 
0.442024 1.10529e-05 0.472969 350.011 95874.5 
0.414869 0.00129662 0.0998331 50.1976 5803.66 
0.261997 0.455833 0.0741449 5.88873 118.205 
0.305223 0.172483 0.132656 8.76004 239.948 
0.258761 0.483811 0.0579285 5.79908 109.563 
0.292656 0.233184 0.516999 8.27455 170.482 
0.0196552 5.22243 0.045517 0.151362 95.8745 
0.188968 1.45929 0.0579285 2.77406 69.1051 
0.441479 1.93854e-05 140.938 255.097 93151.3 
0.223828 0.882924 0.260588 3.83154 95.8745 
0.24026 0.677387 0.647924 4.61002 103.083 
0.371327 0.0209136 6.61428 20.5255 958.745 
0.0678924 4.08057 0.0720171 0.623747 52.9651 
0.395778 0.00607973 8.43241 33.0683 2054.84 
0.245548 0.622017 0.0835476 4.86946 105.736 
0.260939 0.465775 0.132656 5.79908 118.205 
0.375556 0.0167703 6.61428 20.5255 1254.7 
0.393648 0.00654303 6.61641 28.4688 2311.38 
0.283206 0.281124 0.570569 6.5551 211.929 
0.292442 0.234381 0.965231 8.27455 170.482 
0.303111 0.182158 0.0809319 8.76004 220.274 
0.239099 0.690706 0.0809319 4.86946 84.4407 
0.271103 0.369186 0.0694689 5.89653 170.482 
0.283355 0.279096 0.173723 6.5551 211.929 
0.29885 0.202888 0.201533 8.27455 211.929 
0.167967 1.86885 0.0482898 2.25242 60.7358 
0.03568 4.75749 0.0446873 0.286064 95.8745 
0.301799 0.188601 3.43936 8.69753 222.824 
0.261992 0.455872 0.0809319 5.88873 118.205 
0.292504 0.234088 0.836217 8.27455 170.482 
0.292843 0.231508 0.119538 8.27455 170.482 
0.346065 0.0538322 8.07251 13.9294 556.74 
0.0994279 3.38151 0.0720171 1.03475 46.3963 
0.231686 0.790139 0.0720171 4.27707 90.7757 
0.032512 4.868 0.0468705 0.268956 54.2998 
0.292861 0.231295 0.0809319 8.27455 170.482 
0.267037 0.410097 0.783537 5.88873 145.332 
0.22953 0.81234 0.516999 4.30233 83.7724 
0.277175 0.331232 0.695324 6.43346 170.482 
0.114798 3.03714 0.0720171 1.26819 46.3963 
0.0307735 4.93465 0.045517 0.247029 75.0296 
0.291811 0.235989 2.24745 8.27455 170.482 
0.242902 0.652199 0.0809319 4.86946 95.8745 
0.427104 0.000338432 0.072046 85.4059 12743.1 
0.165195 1.93892 0.04756 2.25242 52.9947 
0.254434 0.516118 0.0809319 5.79908 95.8745 
0.0204055 5.191 0.0596015 0.156976 102.416 
0.0315494 4.91684 0.0450783 0.255187 69.1051 
0.218026 0.981811 0.0760711 3.83154 75.0296 
0.303123 0.181955 0.0446873 8.76004 220.274 
0.29568 0.213068 0.045517 8.76004 170.482 
0.371607 0.0203465 5.76227 22.1672 866.339 
0.243743 0.639708 0.521171 4.81895 103.083 
0.278699 0.320886 0.235536 6.5551 170.482 
0.278127 0.322436 0.0998331 6.43346 175.586 
0.182687 1.58543 0.052329 2.77406 52.9947 
0.292843 0.231508 0.119538 8.27455 170.482 
0.441727 1.36389e-05 0.0446873 284.688 93151.3 
0.260514 0.466832 0.0471611 5.92625 110.871 
0.249 0.583993 0.0894602 5.01737 110.871 
0.369561 0.021157 0.292665 20.6877 844.407 
0.268381 0.397593 0.0809319 5.88873 151.257 
0.077158 3.87666 0.0720171 0.735969 49.5859 
0.36812 0.0221824 0.0720171 20.5255 794.443 
0.292725 0.232658 0.370965 8.27455 170.482 
0.311329 0.146651 0.132656 9.25379 272.508 
0.118135 2.95333 0.0446873 1.37953 38.1021 
0.375556 0.0167703 6.61428 20.5255 1254.7 
0.299118 0.198365 0.0446873 7.97098 235.766 
0.265884 0.413197 0.695324 6.43346 114.023 
0.03568 4.75749 0.0446873 0.286064 95.8745 
0.0148322 5.35337 0.0809319 0.112214 110.871 
0.267221 0.409053 0.045517 5.88873 143.891 
0.302912 0.184412 0.647924 8.76004 220.274 
0.260974 0.465504 0.0835476 5.79908 118.205 
0.442024 1.06924e-05 0.04756 350.011 95874.5 
0.269609 0.389596 0.168607 6.43346 126.739 
0.34492 0.0540666 19.1478 14.0453 556.74 
0.29568 0.213068 0.045517 8.76004 170.482 
0.409382 0.00202989 0.270982 41.1488 4657.3 
0.244126 0.638602 0.0842667 4.86946 100.213 
0.254434 0.516118 0.0809319 5.79908 95.8745 
0.180345 1.61416 0.430184 2.64276 57.924 
0.271007 0.370496 0.270982 5.89653 170.482 
0.178024 1.66983 0.0760711 2.67945 49.5859 
0.222703 0.905357 0.15634 3.83154 90.7757 
0.260111 0.470907 0.0471611 5.88873 110.871 
0.237288 0.714872 0.0809319 4.74289 84.4407 
0.265884 0.413197 0.695324 6.43346 114.023 
0.302205 0.187533 2.59535 8.76004 220.274 
0.249006 0.583949 0.0809319 5.01737 110.871 
0.343688 0.0585345 6.61428 13.9294 492.404 
0.118135 2.95333 0.0446873 1.37953 38.1021 
0.254453 0.516028 0.0596015 5.79908 95.8745 
0.239663 0.690685 0.0842717 4.65945 95.8745 
0.338768 0.0637926 8.11785 11.8038 596.661 
0.223991 0.88273 0.0760711 3.83154 95.8745 
0.254417 0.516195 0.0998331 5.79908 95.8745 
0.251511 0.541604 0.045517 4.86946 136.899 
0.39088 0.0065832 0.546528 25.5097 2442.77 
0.0428225 4.64333 0.0569483 0.364321 54.4992 
0.247228 0.597799 0.0809319 4.80407 118.205 
0.417371 0.00094056 0.472969 50.1976 8377.24 
0.393908 0.00623064 1.34312 35.0011 1704.82 
0.137796 2.50169 0.0666788 1.77502 37.9147 
0.232485 0.779162 0.0818669 4.43598 84.4407 
0.219933 0.953209 0.0760711 3.83154 80.6665 
0.409303 0.00229727 12.7148 41.1488 4657.3 
0.294177 0.22545 0.119538 8.27455 178.257 
0.242166 0.661066 0.0596146 4.81895 95.8745 
0.273704 0.358085 0.0760711 6.302 154.52 
0.235837 0.73398 0.045517 4.65945 83.7724 
0.262008 0.45574 0.0580897 5.88873 118.205 
0.258761 0.483811 0.0579285 5.79908 109.563 
0.242876 0.652302 0.109767 4.86946 95.8745 
0.180239 1.63183 0.119538 2.67945 54.0402 
0.26853 0.396832 0.0529559 6.43346 122.026 
0.343688 0.0585345 6.61428 13.9294 492.404 
0.262013 0.455695 0.0505942 5.88873 118.205 
0.290553 0.242831 0.0842717 7.24995 211.929 
0.265732 0.417802 0.836217 6.302 118.205 
0.277469 0.328218 0.0809319 6.43346 170.482 
0.344578 0.0541424 0.045517 13.9294 492.404 
0.231709 0.790087 0.04756 4.27707 90.7757 
0.223991 0.88273 0.0760711 3.83154 95.8745 
0.194863 1.358 0.0579285 2.96787 69.1051 
0.26853 0.396832 0.0529559 6.43346 122.026 
0.292594 0.23359 0.647924 8.27455 170.482 
0.0202931 5.19863 0.0645906 0.156542 95.8745 
0.279131 0.317535 0.521171 6.5551 174.678 
0.262559 0.448803 0.648728 5.9775 118.205 
0.0197622 5.20654 0.045517 0.151362 109.256 
0.417349 0.00102907 8.43241 50.1976 8377.24 
0.427104 0.00033789 0.0569483 85.4059 12743.1 
0.273707 0.358053 0.0713391 6.302 154.52 
0.0278213 5.00803 0.045517 0.22098 78.7268 
0.310141 0.152546 0.314017 9.54351 242.903 
0.386918 0.00951828 3.28208 25.5097 1704.82 
0.047948 4.48262 0.0473282 0.40135 79.4443 
0.171677 1.74532 0.0835476 2.67945 40.2711 
0.0428145 4.64591 0.045517 0.364321 54.2998 
0.254455 0.516017 0.0569483 5.79908 95.8745 
0.223859 0.88291 0.225735 3.83154 95.8745 
0.044121 4.56714 0.045517 0.364321 83.7724 
0.305133 0.17278 0.0842667 9.09675 220.274 
0.32231 0.108918 0.260655 10.5421 324.088 
0.282288 0.289372 0.248132 6.5551 201.032 
0.295675 0.213137 0.0579085 8.76004 170.482 
0.242908 0.652174 0.0741449 4.86946 95.8745 
0.200797 1.25019 0.04756 3.11208 75.0296 
0.292865 0.231245 0.0720171 8.27455 170.482 
0.390882 0.00655156 0.430184 25.5097 2442.77 
0.261988 0.455901 0.0860672 5.88873 118.205 
0.343688 0.0585345 6.61428 13.9294 492.404 
0.427102 0.000360435 1.82518 85.4059 12743.1 
0.278095 0.32288 0.168607 6.43346 175.586 
0.414868 0.00132099 0.370965 50.1976 5803.66 
0.252493 0.526356 0.0580897 4.86946 143.891 
0.253321 0.518346 0.15634 5.88873 90.7757 
0.292861 0.231295 0.0809319 8.27455 170.482 
0.179782 1.64174 0.0801252 2.67945 52.9651 
0.243637 0.6398 0.647924 4.81895 103.083 
0.0648047 4.14982 0.0809319 0.593047 50.5454 
0.442019 1.25283e-05 64.073 350.011 95874.5 
0.261883 0.457617 0.0579285 5.79908 122.026 
0.278152 0.322061 0.045517 6.43346 175.586 
0.352173 0.0405376 6.61428 13.9294 794.443 
0.417372 0.000920702 0.132656 50.1976 8377.24 
0.0378211 4.74828 0.0842667 0.316817 55.674 
0.223987 0.882739 0.0809319 3.83154 95.8745 
0.19893 1.25591 0.0627131 2.96787 84.4407 
0.223859 0.88291 0.225735 3.83154 95.8745 
0.401691 0.00362507 5.03057 46.4978 2228.24 
0.431036 0.000201245 5.76227 116.048 17022.6 
0.416255 0.00113969 0.0700173 62.0318 5095.83 
0.134991 2.56968 0.045517 1.71009 38.1021 
0.393908 0.00623064 1.34312 35.0011 1704.82 
0.0724022 3.91312 0.260655 0.710319 38.1021 
0.241793 0.664213 0.0446873 4.86946 92.1438 
0.314846 0.125304 0.0713391 11.3922 220.274 
0.246514 0.608524 0.389022 4.86946 110.871 
0.243743 0.639708 0.521171 4.81895 103.083 
0.179318 1.6543 0.04756 2.64276 54.2998 
0.223859 0.88291 0.225735 3.83154 95.8745 
0.198205 1.28576 0.045517 3.3486 54.2998 
0.224001 0.88271 0.0645906 3.83154 95.8745 
0.340846 0.0602973 0.307361 12.5741 520.165 
0.371607 0.0203465 5.76227 22.1672 866.339 
0.434027 0.000146951 180.698 125.965 27250.8 
0.0578038 4.17615 0.0446873 0.493671 88.9829 
0.0833366 3.73737 0.0757271 0.81139 49.5859 
0.383322 0.0113389 3.43936 28.4688 1170.29 
0.137303 2.52724 0.113495 1.64532 50.5454 
0.244136 0.638551 0.0720171 4.86946 100.213 
0.248069 0.588782 0.389022 4.86946 118.205 
0.0308754 4.92813 0.045517 0.247029 79.4443 
0.254304 0.516644 0.225735 5.79908 95.8745 
0.248307 0.587228 0.0552196 4.86946 118.205 
0.184063 1.55116 0.0449275 2.64276 66.9906 
0.288771 0.257018 2.34691 7.51896 185.369 
0.427104 0.00033789 0.0569483 85.4059 12743.1 
0.42331 0.000602996 8.75297 79.2852 8444.07 
0.243637 0.6398 0.647924 4.81895 103.083 
0.371675 0.0192833 0.292665 20.5255 958.745 
0.257567 0.490727 0.0717606 5.86734 103.083 
0.244885 0.629872 0.0809319 4.86946 103.083 
0.303112 0.182131 0.0760711 8.76004 220.274 
0.279414 0.314751 0.168607 6.5551 175.586 
0.260111 0.470913 0.0482898 5.88873 110.871 
0.261995 0.455844 0.0760711 5.88873 118.205 
0.442023 1.17905e-05 8.07101 350.011 95874.5 
0.24765 0.589752 0.965231 4.86946 118.205 
0.308123 0.157749 0.0482898 8.76004 272.508 
0.292843 0.231508 0.119538 8.27455 170.482 
0.297378 0.204695 0.0482898 8.90116 175.586 
0.271007 0.370496 0.270982 5.89653 170.482 
0.180265 1.6152 0.168607 2.77406 48.9148 
0.289737 0.252013 0.168607 7.51896 185.369 
0.187494 1.4685 0.04756 2.67945 75.0296 
0.350528 0.0458167 5.56062 16.2974 509.583 
0.20111 1.18766 0.0835476 2.96787 95.8745 
0.26716 0.409739 0.150362 5.88873 143.891 
0.0224458 5.11846 0.0446873 0.172946 110.871 
0.342666 0.0586678 0.470994 13.7557 462.878 
0.362651 0.0273012 2.59535 16.2974 958.745 
0.24291 0.652165 0.0717606 4.86946 95.8745 
0.417809 0.000871413 0.472969 50.1976 9077.57 
0.358339 0.0349796 8.34215 17.8835 631.781 
0.00786261 5.56971 0.04756 0.0587902 98.0404 
0.424161 0.000532867 180.698 62.0318 17022.6 
0.223811 0.882926 0.280444 3.83154 95.8745 
0.291929 0.235418 0.0809319 8.27455 165.417 
0.291761 0.236045 2.34691 8.27455 170.482 
0.278682 0.321081 0.270982 6.5551 170.482 
0.291341 0.23723 0.168607 7.24995 220.274 
0.0783788 3.8445 0.0596015 0.770937 41.3217 
0.249006 0.583949 0.0809319 5.01737 110.871 
0.271007 0.370496 0.270982 5.89653 170.482 
0.427104 0.000337569 0.0482898 85.4059 12743.1 
0.25748 0.49741 0.109767 5.65931 110.871 
0.265884 0.413197 0.695324 6.43346 114.023 
0.423331 0.00054614 0.176186 79.2852 8444.07 
0.244758 0.630472 0.235536 4.86946 103.083 
0.127287 2.75664 0.0596015 1.52012 41.3586 
0.218026 0.981811 0.0760711 3.83154 75.0296 
0.118135 2.95333 0.0446873 1.37953 38.1021 
0.366672 0.0247944 8.34215 17.8835 984.127 
0.289782 0.251385 0.0627131 7.51896 185.369 
0.426601 0.000484998 252.256 85.4059 12743.1 
0.0859895 3.6801 0.0482898 0.869191 41.1281 
0.254244 0.516837 0.292665 5.79908 95.8745 
0.278095 0.32288 0.168607 6.43346 175.586 
0.373746 0.0185872 6.61428 20.5255 1108.71 
0.302049 0.188202 2.77018 8.69753 222.824 
0.318131 0.122028 0.0760711 10.5421 272.508 
0.242875 0.652307 0.111377 4.86946 95.8745 
0.4271 0.000366578 3.38647 85.4059 12743.1 
0.310224 0.151362 0.045517 9.54351 242.903 
0.310215 0.151519 0.0760711 9.54351 242.903 
0.200797 1.25019 0.04756 3.11208 75.0296 
0.271102 0.369202 0.0717606 5.89653 170.482 
0.289607 0.253428 0.470994 7.51896 185.369 
0.234991 0.740653 0.260588 4.30233 102.615 
0.00786261 5.56971 0.04756 0.0587902 98.0404 
0.248161 0.588285 0.260655 4.86946 118.205 
0.262008 0.455739 0.0579285 5.88873 118.205 
0.400001 0.0041757 0.0645975 37.6635 2314.68 
0.224018 0.882674 0.045517 3.83154 95.8745 
0.416036 0.00125665 3.16498 61.2497 5054.54 
0.189761 1.45536 0.072046 2.89395 60.9702 
0.303163 0.18193 0.0835476 8.76004 220.727 
0.293006 0.231198 2.34691 7.51896 220.274 
0.241442 0.668965 0.0700173 4.81895 93.4777 
0.237072 0.715099 0.292665 4.74289 84.4407 
0.243743 0.639708 0.521171 4.81895 103.083 
0.271007 0.370496 0.270982 5.89653 170.482 
0.223987 0.882739 0.0809319 3.83154 95.8745 
0.436726 8.48862e-05 368.094 141.313 45862 
0.118135 2.95333 0.0446873 1.37953 38.1021 
0.244882 0.629886 0.0842717 4.86946 103.083 
0.340786 0.0611902 0.045517 14.0453 411.281 
0.242765 0.652677 0.235536 4.86946 95.8745 
0.421346 0.000639929 0.0446873 60.014 9841.27 
0.27091 0.371535 0.470994 5.89653 170.482 
0.442024 1.07024e-05 0.0552196 350.011 95874.5 
0.267345 0.404715 0.314017 6.43346 118.205 
0.00756807 5.57647 0.0450783 0.0552328 220.274 
0.441896 1.28828e-05 8.43241 330.683 93151.3 
0.292837 0.231577 0.132656 8.27455 170.482 
0.04401 4.61995 0.052329 0.374862 55.674 
0.255432 0.506972 0.647924 5.79908 100.213 
0.371607 0.0203465 5.76227 22.1672 866.339 
0.393908 0.00623064 1.34312 35.0011 1704.82 
0.223119 0.89915 0.0727511 3.83154 92.1438 
0.223811 0.882926 0.280444 3.83154 95.8745 
0.292843 0.231508 0.119538 8.27455 170.482 
0.43578 9.95259e-05 749.887 170.221 32369.5 
0.261993 0.455867 0.0801252 5.88873 118.205 
0.196723 1.28995 0.0454731 2.89627 84.4407 
0.220901 0.938053 0.0522131 3.83154 83.7724 
0.215029 1.02232 0.0552196 3.83154 67.4976 
0.303122 0.181975 0.0482898 8.76004 220.274 
0.222773 0.905317 0.0809319 3.83154 90.7757 
0.0196932 5.21854 0.0450783 0.151362 100.213 
0.225263 0.85479 0.260588 3.83154 102.615 
0.239099 0.690706 0.0809319 4.86946 84.4407 
0.278774 0.319919 0.0787057 6.5551 170.482 
0.242765 0.652677 0.235536 4.86946 95.8745 
0.0315494 4.91684 0.0450783 0.255187 69.1051 
0.25595 0.505329 0.0450783 5.79908 100.213 
0.278139 0.322262 0.0741449 6.43346 175.586 
0.249723 0.566874 0.292665 4.86946 126.739 
0.441714 1.73915e-05 167.085 284.688 93151.3 
0.375556 0.0167703 6.61428 20.5255 1254.7 
0.241464 0.668882 0.0456761 4.81895 93.4777 
0.0333573 4.85037 0.045517 0.276574 54.2998 
0.295397 0.215429 0.647924 8.76004 170.482 
0.183428 1.57327 0.052329 2.77406 54.4992 
0.31433 0.128388 1.55029 11.3922 220.274 
0.321067 0.114334 5.60253 10.5421 324.088 
0.413042 0.00149637 0.0596015 46.4978 5451.25 
0.219933 0.953209 0.0760711 3.83154 80.6665 
0.254304 0.516644 0.225735 5.79908 95.8745 
0.0108581 5.49275 0.0446873 0.0813515 110.871 
0.231709 0.790087 0.04756 4.27707 90.7757 
0.433457 0.000165499 219.089 116.048 27250.8 
0.254438 0.516098 0.0760711 5.79908 95.8745 
0.260974 0.465504 0.0835476 5.79908 118.205 
0.442024 1.0708e-05 0.0596015 350.011 95874.5 
0.310274 0.151223 0.389022 9.09675 272.508 
0.218026 0.981811 0.0760711 3.83154 75.0296 
0.24894 0.584379 0.168607 5.01737 110.871 
0.259128 0.480871 0.0471611 5.79908 110.871 
0.440553 2.09212e-05 0.168607 205.255 86449.9 
0.405576 0.00290197 2.31609 37.6635 3744.78 
0.427102 0.000360435 1.82518 85.4059 12743.1 
0.248299 0.587295 0.0666788 4.86946 118.205 
0.0578038 4.17615 0.0446873 0.493671 88.9829 
0.413002 0.00167829 8.11785 46.4978 5451.25 
0.0308754 4.92813 0.045517 0.247029 79.4443 
0.261995 0.455844 0.0760711 5.88873 118.205 
0.303111 0.182158 0.0809319 8.76004 220.274 
0.177417 1.68472 0.0809319 2.64276 50.5454 
0.427102 0.000360435 1.82518 85.4059 12743.1 
0.303101 0.182312 0.109767 8.76004 220.274 
0.231666 0.790184 0.093978 4.27707 90.7757 
0.377242 0.015923 5.76227 22.1672 1176.42 
0.253321 0.518346 0.15634 5.88873 90.7757 
0.131422 2.66424 0.0482898 1.6023 41.1281 
0.29568 0.213068 0.045517 8.76004 170.482 
0.262017 0.455665 0.045517 5.88873 118.205 
0.278095 0.32288 0.168607 6.43346 175.586 
0.248161 0.588285 0.260655 4.86946 118.205 
0.291345 0.237159 0.156321 7.24995 220.274 
0.305728 0.170215 0.0482898 8.90116 235.766 
0.414869 0.00129008 0.0468826 50.1976 5803.66 
0.0139181 5.3847 0.0470553 0.105969 90.7757 
0.303037 0.183169 0.292665 8.76004 220.274 
0.390882 0.00655156 0.430184 25.5097 2442.77 
0.366672 0.0247944 8.34215 17.8835 984.127 
0.43101 0.000201554 2.34691 105.421 18536.9 
0.427104 0.000337433 0.0446873 85.4059 12743.1 
0.0533168 4.39211 0.0809319 0.476199 46.3963 
0.271079 0.369539 0.119538 5.89653 170.482 
0.259127 0.480873 0.04756 5.79908 110.871 
0.276623 0.335459 0.0529559 6.43346 164.314 
0.375523 0.0168612 7.42253 20.5255 1254.7 
0.374355 0.0172483 0.516999 22.5117 958.745 
0.442024 1.07317e-05 0.0787057 350.011 95874.5 
0.244766 0.630439 0.225735 4.86946 103.083 
0.231678 0.790158 0.0809319 4.27707 90.7757 
0.142424 2.41297 0.0506919 1.72295 54.0402 
0.225349 0.8546 0.155507 3.83154 102.615 
0.153544 2.17721 0.0482898 1.95582 54.4992 
0.30546 0.171876 0.307361 8.76004 242.903 
0.246612 0.6081 0.260655 4.86946 110.871 
0.337656 0.0677973 0.0470553 13.4692 386.755 
0.017265 5.29219 0.045517 0.13218 95.8745 
0.264552 0.425408 0.858022 6.302 114.023 
0.366672 0.0247944 8.34215 17.8835 984.127 
0.0684467 4.05626 0.0741449 0.623747 57.9949 
0.292755 0.2324 0.307361 8.27455 170.482 
0.413042 0.00149428 0.045517 46.4978 5451.25 
0.1794 1.65248 0.0536135 2.64276 54.4992 
0.0877091 3.62791 0.0569483 0.855857 54.4992 
0.367131 0.0223052 0.0760711 17.8835 984.127 
0.340516 0.0630904 14.0938 13.7557 462.878 
0.297317 0.2069 0.235536 7.75996 235.766 
0.347365 0.0491251 0.225735 14.0453 556.74 
0.417372 0.000927319 0.225735 50.1976 8377.24 
0.417372 0.000921333 0.140832 50.1976 8377.24 
0.279131 0.317535 0.521171 6.5551 174.678 
0.258282 0.48736 0.225735 5.79908 108.323 
0.244758 0.630472 0.235536 4.86946 103.083 
0.278095 0.32288 0.168607 6.43346 175.586 
0.222703 0.905357 0.15634 3.83154 90.7757 
0.271108 0.36746 0.132656 5.86734 173.965 
0.254434 0.516118 0.0809319 5.79908 95.8745 
0.3081 0.158192 0.132656 8.76004 272.508 
0.1887 1.4656 0.0645906 2.77406 68.2492 
0.142424 2.41297 0.0506919 1.72295 54.0402 
0.242824 0.652493 0.168607 4.86946 95.8745 
0.265161 0.42287 0.0450783 6.302 114.023 
0.243637 0.6398 0.647924 4.81895 103.083 
0.0658574 4.10408 0.0741449 0.623747 40.3673 
0.278095 0.32288 0.168607 6.43346 175.586 
0.0102886 5.51067 0.0569483 0.0768025 118.205 
0.373746 0.0185872 6.61428 20.5255 1108.71 
0.0518271 4.44595 0.04756 0.452455 54.2998 
0.381982 0.0118178 5.76227 22.1672 1671.57 
0.262013 0.455695 0.0505942 5.88873 118.205 
0.271558 0.363806 0.168607 5.88873 175.586 
0.248161 0.588285 0.260655 4.86946 118.205 
0.246774 0.60712 0.0482898 4.86946 110.871 
0.258761 0.483811 0.0579285 5.79908 109.563 
0.313001 0.141225 0.307361 9.54351 272.508 
0.265884 0.413197 0.695324 6.43346 114.023 
0.195533 1.34455 0.0741449 3.17314 57.1023 
0.442024 1.13528e-05 1.34312 350.011 95874.5 
0.271007 0.370496 0.270982 5.89653 170.482 
0.261883 0.457617 0.0579285 5.79908 122.026 
0.395937 0.0054288 0.0450828 33.0683 2054.84 
0.346596 0.0498225 0.072046 13.7557 561.55 
0.246683 0.607717 0.168607 4.86946 110.871 
0.293006 0.231198 2.34691 7.51896 220.274 
0.241402 0.669106 0.113495 4.81895 93.4777 
0.249028 0.5838 0.0529559 5.01737 110.871 
0.0658574 4.10408 0.0741449 0.623747 40.3673 
0.259063 0.481318 0.132656 5.79908 110.871 
0.262017 0.455663 0.0450783 5.88873 118.205 
0.234991 0.740653 0.260588 4.30233 102.615 
0.255183 0.510801 0.0894602 5.79908 98.0404 
0.224001 0.88271 0.0645906 3.83154 95.8745 
0.270761 0.381501 0.168607 6.43346 131.78 
0.427092 0.000377609 8.75297 85.4059 12743.1 
0.440553 2.22718e-05 2.41356 205.255 86449.9 
0.442024 1.0772e-05 0.113495 350.011 95874.5 
0.00786261 5.56971 0.04756 0.0587902 98.0404 
0.32037 0.114748 8.34215 10.5421 324.088 
0.249006 0.583949 0.0809319 5.01737 110.871 
0.292862 0.231283 0.0787057 8.27455 170.482 
0.434063 0.000140931 122.891 125.965 27250.8 
0.336156 0.0728291 8.07101 13.4692 386.755 
0.285721 0.277051 0.965231 7.24995 175.586 
0.0108581 5.49275 0.0446873 0.0813515 110.871 
0.262017 0.455665 0.045517 5.88873 118.205 
0.326303 0.0862137 6.61428 13.9294 272.508 
0.303118 0.18204 0.0596015 8.76004 220.274 
0.0280983 4.97526 0.0505942 0.22098 95.8745 
0.350528 0.0458167 5.56062 16.2974 509.583 
0.298628 0.203483 3.40855 8.27455 220.274 
0.29166 0.236134 2.54578 8.27455 170.482 
0.267536 0.403416 0.045517 6.43346 118.205 
0.441479 1.93854e-05 140.938 255.097 93151.3 
0.337651 0.0678913 0.0760711 13.4692 386.755 
0.442024 1.06897e-05 0.045517 350.011 95874.5 
0.434066 0.000140392 118.493 125.965 27250.8 
0.440021 2.84269e-05 114.262 178.835 93151.3 
0.292702 0.232843 0.419593 8.27455 170.482 
0.248311 0.587201 0.0505942 4.86946 118.205 
0.179318 1.6543 0.04756 2.64276 54.2998 
0.292736 0.232566 0.347675 8.27455 170.482 
0.241757 0.664341 0.0840121 4.86946 92.1438 
0.258579 0.484874 0.292665 5.79908 109.563 
0.204412 1.1279 0.0450783 3.83154 49.5859 
0.305728 0.170215 0.0482898 8.90116 235.766 
0.157072 2.10022 0.0446873 2.15628 43.7635 
0.292831 0.23164 0.14475 8.27455 170.482 
0.257155 0.500267 0.045517 5.65931 109.47 
0.222703 0.905357 0.15634 3.83154 90.7757 
0.292594 0.23359 0.647924 8.27455 170.482 
0.101108 3.32852 0.04756 1.03625 53.4061 
0.166043 1.91939 0.0801252 2.2764 52.9651 
0.0181637 5.25273 0.0809319 0.140299 84.4407 
0.00896839 5.56278 0.0473282 0.06649 131.78 
0.278767 0.320013 0.0928068 6.5551 170.482 
0.271007 0.370496 0.270982 5.89653 170.482 
0.260422 0.467525 0.0627131 5.92625 110.585 
0.375556 0.0167703 6.61428 20.5255 1254.7 
0.253151 0.523217 0.521171 5.79908 93.4777 
0.241782 0.664254 0.0569483 4.86946 92.1438 
0.254465 0.515967 0.045517 5.79908 95.8745 
0.237284 0.714878 0.0842717 4.74289 84.4407 
0.304334 0.178441 1.55029 8.76004 235.766 
0.129887 2.67028 0.0446873 1.47278 57.223 
0.442024 1.10302e-05 0.433768 350.011 95874.5 
0.154922 2.15503 0.0482898 2.02129 50.5454 
0.236582 0.721804 0.570569 4.62555 88.9829 
0.261947 0.456221 0.14475 5.88873 118.205 
0.434061 0.000141451 127.24 125.965 27250.8 
0.261947 0.456221 0.14475 5.88873 118.205 
0.273689 0.359432 0.0505942 6.43346 146.114 
0.374022 0.0173029 0.617203 20.5255 1108.71 
0.242933 0.652066 0.045517 4.86946 95.8745 
0.308124 0.157734 0.045517 8.76004 272.508 
0.0808228 3.78498 0.0596015 0.770937 54.4992 
0.262914 0.448173 0.0579285 5.88873 122.026 
0.260435 0.467431 0.0454731 5.92625 110.585 
0.294324 0.225019 2.34691 8.27455 185.369 
0.180265 1.6152 0.168607 2.77406 48.9148 
0.427104 0.00033789 0.0569483 85.4059 12743.1 
0.186011 1.52457 0.0760711 2.77406 60.5481 
0.198205 1.28576 0.045517 3.3486 54.2998 
0.165195 1.93892 0.04756 2.25242 52.9947 
0.226951 0.821767 0.045517 3.83154 110.871 
0.308116 0.157899 0.0757271 8.76004 272.508 
0.268511 0.396994 0.0809319 6.43346 122.026 
0.261947 0.456221 0.14475 5.88873 118.205 
0.347382 0.0487523 0.0645975 14.0453 556.74 
0.271007 0.370496 0.270982 5.89653 170.482 
0.241436 0.668986 0.0760711 4.81895 93.4777 
0.427104 0.000337464 0.045517 85.4059 12743.1 
0.080142 3.80622 0.0835476 0.770163 50.5454 
0.248105 0.588604 0.339302 4.86946 118.205 
0.212678 1.04134 0.04756 3.40618 90.7757 
0.231591 0.790316 0.173723 4.27707 90.7757 
0.417371 0.00094056 0.472969 50.1976 8377.24 
0.30312 0.182015 0.0552196 8.76004 220.274 
0.268346 0.398014 0.14475 5.88873 151.257 
0.417372 0.000914268 0.0569483 50.1976 8377.24 
0.29286 0.23131 0.0835476 8.27455 170.482 
0.241678 0.664584 0.168607 4.86946 92.1438 
0.414845 0.001425 5.56062 50.1976 5803.66 
0.26199 0.455887 0.0835476 5.88873 118.205 
0.426863 0.000461869 140.938 85.4059 12743.1 
0.254388 0.516324 0.132656 5.79908 95.8745 
0.40937 0.00213888 2.28217 41.1488 4657.3 
0.0479238 4.48639 0.045517 0.40135 78.7268 
0.0254221 5.06819 0.052329 0.200833 77.9188 
0.27137 0.365914 0.168607 5.88873 173.965 
0.442024 1.08291e-05 0.168607 350.011 95874.5 
0.292843 0.231508 0.119538 8.27455 170.482 
0.442024 1.07375e-05 0.0835476 350.011 95874.5 
0.016308 5.31178 0.0675332 0.12491 90.7757 
0.259124 0.480898 0.0522131 5.79908 110.871 
0.0728397 3.91021 0.0645906 0.662365 68.2492 
0.310222 0.151398 0.052329 9.54351 242.903 
0.390878 0.00660772 0.647924 25.5097 2442.77 
0.427102 0.000360435 1.82518 85.4059 12743.1 
0.226949 0.821778 0.0482898 3.83154 110.871 
0.417371 0.00094056 0.472969 50.1976 8377.24 
0.23339 0.765038 0.225735 4.30233 95.8745 
0.123414 2.83089 0.0446873 1.37953 52.9651 
0.238662 0.693313 0.260655 4.86946 83.7724 
0.292809 0.23188 0.192508 8.27455 170.482 
0.277175 0.331232 0.695324 6.43346 170.482 
0.251832 0.533726 0.0446873 5.79908 88.9829 
0.237285 0.714876 0.0835476 4.74289 84.4407 
0.442024 1.08291e-05 0.168607 350.011 95874.5 
0.242765 0.652677 0.235536 4.86946 95.8745 
0.278095 0.32288 0.168607 6.43346 175.586 
0.00756807 5.57647 0.0450783 0.0552328 220.274 
0.276655 0.331473 0.0809319 6.302 175.586 
0.088578 3.45872 0.0529559 0.835027 79.4443 
0.416255 0.00113969 0.0700173 62.0318 5095.83 
0.283389 0.278511 0.0842717 6.5551 211.929 
0.218668 0.972918 0.0522131 3.83154 76.7644 
0.0545598 4.38477 0.04756 0.480106 54.2998 
0.254388 0.516324 0.132656 5.79908 95.8745 
0.186187 1.51632 0.0454731 2.89627 52.9947 
0.268511 0.396994 0.0809319 6.43346 122.026 
0.35494 0.036456 0.0595493 17.8835 529.651 
0.243743 0.639708 0.521171 4.81895 103.083 
0.224007 0.882698 0.0579285 3.83154 95.8745 
0.398911 0.00462312 0.516999 35.443 2311.38 
0.254042 0.517265 0.516999 5.79908 95.8745 
0.29191 0.235854 2.04849 8.27455 170.482 
0.30782 0.163326 2.49829 9.25379 242.903 
0.268497 0.39711 0.101427 6.43346 122.026 
0.23169 0.79013 0.0675332 4.27707 90.7757 
0.245951 0.6156 0.0809319 4.81895 110.871 
0.209838 1.10289 0.04756 3.40618 79.4443 
0.201361 1.14925 0.0760711 3.83154 46.0579 
0.264222 0.42908 0.0809319 6.302 110.871 
0.226922 0.821919 0.0835476 3.83154 110.871 
0.432975 0.00017956 180.698 116.048 24427.7 
0.269625 0.389469 0.14475 6.43346 126.739 
0.267257 0.40527 0.0809319 6.43346 117.27 
0.375556 0.0167703 6.61428 20.5255 1254.7 
0.361009 0.0305188 5.56062 16.2974 866.339 
0.242876 0.652302 0.109767 4.86946 95.8745 
0.142424 2.41297 0.0506919 1.72295 54.0402 
0.277841 0.328127 0.570569 6.5551 165.594 
0.278095 0.32288 0.168607 6.43346 175.586 
0.248161 0.588285 0.260655 4.86946 118.205 
0.383098 0.0117394 8.75297 28.4688 1170.29 
0.262051 0.455264 0.119538 5.89653 118.205 
0.430838 0.000250819 180.698 116.048 17022.6 
0.371688 0.0190149 0.0446873 20.5255 958.745 
0.30311 0.182172 0.0835476 8.76004 220.274 
0.44003 2.44135e-05 5.76227 178.835 93151.3 
0.442024 1.08427e-05 0.18274 350.011 95874.5 
0.278039 0.326192 0.168607 6.5551 165.594 
0.351223 0.0425846 0.0482898 16.2974 509.583 
0.118135 2.95333 0.0446873 1.37953 38.1021 
0.177417 1.68472 0.0809319 2.64276 50.5454 
0.224001 0.88271 0.0645906 3.83154 95.8745 
0.223859 0.88291 0.225735 3.83154 95.8745 
0.409383 0.00199728 0.0579285 41.1488 4657.3 
0.267252 0.405915 0.0842667 5.79908 151.257 
0.18081 1.61244 0.0760711 2.77406 49.5859 
0.427104 0.000337433 0.0446873 85.4059 12743.1 
0.178024 1.66983 0.0760711 2.67945 49.5859 
0.0315494 4.91684 0.0450783 0.255187 69.1051 
0.310165 0.152249 0.237528 9.54351 242.903 
0.322086 0.111143 1.27416 10.5421 324.088 
0.271597 0.363226 0.0842667 5.88873 175.586 
0.238871 0.693033 0.0569483 4.86946 83.7724 
0.426834 0.000466094 155.057 85.4059 12743.1 
0.390878 0.00660772 0.647924 25.5097 2442.77 
0.340846 0.0602973 0.307361 12.5741 520.165 
0.303111 0.182158 0.0809319 8.76004 220.274 
0.241031 0.669718 0.516999 4.81895 93.4777 
0.261942 0.456253 0.150841 5.88873 118.205 
0.241407 0.669025 0.0596015 4.65945 102.416 
0.42331 0.000602996 8.75297 79.2852 8444.07 
0.434061 0.000141451 127.24 125.965 27250.8 
0.237309 0.714831 0.0596146 4.74289 84.4407 
0.0703557 4.02668 0.0760711 0.662365 46.3963 
0.238883 0.690976 0.292665 4.86946 84.4407 
0.30311 0.182172 0.0835476 8.76004 220.274 
0.414869 0.00130029 0.132656 50.1976 5803.66 
0.18634 1.51438 0.0446873 2.89395 53.4061 
0.34835 0.0486019 5.56062 16.2974 468.704 
0.223859 0.88291 0.225735 3.83154 95.8745 
0.390882 0.00655156 0.430184 25.5097 2442.77 
0.292865 0.231247 0.0724264 8.27455 170.482 
0.427104 0.00033789 0.0569483 85.4059 12743.1 
0.302948 0.1841 0.546528 8.76004 220.274 
0.0708797 4.02052 0.0529559 0.662365 49.5859 
0.395933 0.00551148 0.260655 33.0683 2054.84 
0.237319 0.714813 0.0505942 4.74289 84.4407 
0.413018 0.00164549 5.03057 46.4978 5451.25 
0.334642 0.0754012 2.31609 11.6565 465.73 
0.278142 0.322216 0.0675332 6.43346 175.586 
0.0242378 5.09844 0.0505942 0.190018 84.4407 
0.0333573 4.85037 0.045517 0.276574 54.2998 
0.381982 0.0118178 5.76227 22.1672 1671.57 
0.278136 0.322308 0.0809319 6.43346 175.586 
0.434589 0.000125625 127.24 139.294 27250.8 
0.44003 2.38974e-05 2.34691 178.835 93151.3 
0.283355 0.279096 0.173723 6.5551 211.929 
0.237288 0.714872 0.0809319 4.74289 84.4407 
0.351806 0.0412517 5.1406 13.9294 767.644 
0.441727 1.3922e-05 0.260655 284.688 93151.3 
0.299833 0.197465 0.119538 8.27455 220.274 
0.246701 0.607607 0.14475 4.86946 110.871 
0.340846 0.0602973 0.307361 12.5741 520.165 
0.0335321 4.85024 0.0741449 0.276574 57.9949 
0.259128 0.480871 0.0471611 5.79908 110.871 
0.262016 0.455676 0.0473282 5.88873 118.205 
0.173309 1.71412 0.052329 2.29495 75.0296 
0.251092 0.547097 0.0809319 5.65931 90.7757 
0.242927 0.652092 0.052329 4.86946 95.8745 
0.441727 1.36961e-05 0.0801252 284.688 93151.3 
0.417366 0.00098209 2.34691 50.1976 8377.24 
0.272474 0.363076 2.31609 6.302 154.52 
0.350092 0.0464224 8.75297 16.2974 509.583 
0.242081 0.661394 0.155507 4.81895 95.8745 
0.237322 0.714806 0.0473282 4.74289 84.4407 
0.0646926 4.15556 0.0645906 0.593047 49.5859 
0.233515 0.764706 0.0835476 4.30233 95.8745 
0.242773 0.652652 0.225735 4.86946 95.8745 
0.326303 0.0862137 6.61428 13.9294 272.508 
0.243979 0.639101 0.237528 4.81895 103.083 
0.238951 0.690929 0.225735 4.86946 84.4407 
0.237304 0.714841 0.0645906 4.74289 84.4407 
0.303099 0.182332 0.113495 8.76004 220.274 
0.27137 0.365914 0.168607 5.88873 173.965 
0.153477 2.17911 0.0482898 1.95582 54.2998 
0.430977 0.00022784 66.5903 116.048 17022.6 
0.196648 1.29106 0.04756 2.89395 84.4407 
0.434061 0.000141451 127.24 125.965 27250.8 
0.292843 0.231508 0.119538 8.27455 170.482 
0.262016 0.455676 0.0473282 5.88873 118.205 
0.259024 0.481681 0.0809319 5.79908 110.585 
0.262016 0.455678 0.04756 5.88873 118.205 
0.383367 0.011206 2.31609 28.4688 1170.29 
0.2413 0.669404 0.225735 4.81895 93.4777 
0.398838 0.00493301 5.1406 35.443 2311.38 
0.262016 0.455676 0.0473282 5.88873 118.205 
0.0466594 4.56146 0.0446873 0.40135 54.2998 
0.427104 0.000338407 0.0713391 85.4059 12743.1 
0.27809 0.325526 0.0645975 6.5551 165.594 
0.222794 0.905297 0.0579285 3.83154 90.7757 
0.18399 1.56399 0.0446873 2.77406 55.674 
0.288771 0.257018 2.34691 7.51896 185.369 
0.289716 0.252274 0.217125 7.51896 185.369 
0.366672 0.0247944 8.34215 17.8835 984.127 
0.290127 0.243735 3.43936 7.24995 220.274 
0.30312 0.182015 0.0552196 8.76004 220.274 
0.417372 0.000919664 0.119538 50.1976 8377.24 
0.285635 0.2772 0.260588 7.24995 172.807 
0.0578038 4.17615 0.0446873 0.493671 88.9829 
0.427104 0.000337433 0.0446873 85.4059 12743.1 
0.440855 2.05463e-05 2.41356 221.672 86449.9 
0.378744 0.0138226 0.521171 25.5097 1030.83 
0.245712 0.61808 0.0809319 4.80407 110.871 
0.248161 0.588285 0.260655 4.86946 118.205 
0.242927 0.652092 0.052329 4.86946 95.8745 
0.278095 0.32288 0.168607 6.43346 175.586 
0.243921 0.639306 0.307361 4.81895 103.083 
0.441727 1.47244e-05 2.59535 284.688 93151.3 
0.305027 0.174104 0.389022 9.09675 220.274 
0.262009 0.455733 0.0569483 5.88873 118.205 
0.405521 0.00305537 8.75297 37.6635 3744.78 
0.268511 0.396994 0.0809319 6.43346 122.026 
0.153477 2.17911 0.0482898 1.95582 54.2998 
0.24173 0.664432 0.113495 4.86946 92.1438 
0.0309858 4.91715 0.045517 0.247029 84.8892 
0.387088 0.00925515 0.647924 28.4688 1422.06 
0.259897 0.47452 0.132656 5.79908 114.023 
0.254356 0.516455 0.168607 5.79908 95.8745 
0.00753418 5.61146 0.0446873 0.0552328 176.16 
0.259128 0.480871 0.0471611 5.79908 110.871 
0.390878 0.00660772 0.647924 25.5097 2442.77 
0.427104 0.000338432 0.072046 85.4059 12743.1 
0.252514 0.526007 0.0596015 4.86946 144.059 
0.298616 0.203497 3.43936 8.27455 220.274 
0.305542 0.170611 0.0450783 8.76004 242.903 
0.0713502 4.00744 0.0449275 0.662365 52.9651 
0.43578 9.95259e-05 749.887 170.221 32369.5 
0.259129 0.480862 0.045517 5.79908 110.871 
0.414859 0.00138446 2.31609 50.1976 5803.66 
0.235797 0.734046 0.0842717 4.65945 83.7724 
0.248845 0.584888 0.292665 5.01737 110.871 
0.198205 1.28576 0.045517 3.3486 54.2998 
0.252447 0.529391 0.15634 5.79908 90.7757 
0.262016 0.455678 0.04756 5.88873 118.205 
0.310143 0.152521 0.307361 9.54351 242.903 
0.27137 0.365914 0.168607 5.88873 173.965 
0.441727 1.47002e-05 2.41548 284.688 93151.3 
0.302309 0.187283 2.31609 8.76004 220.274 
0.30812 0.157811 0.0595493 8.76004 272.508 
0.305482 0.171578 0.237528 8.76004 242.903 
0.166043 1.91939 0.0801252 2.2764 52.9651 
0.162931 1.97827 0.0801252 2.2764 46.3963 
0.205115 1.12164 0.0720171 3.83154 50.5454 
0.292594 0.23359 0.647924 8.27455 170.482 
0.30312 0.182015 0.0552196 8.76004 220.274 
0.254388 0.516324 0.132656 5.79908 95.8745 
0.390878 0.00660772 0.647924 25.5097 2442.77 
0.266922 0.411987 0.0809319 5.88873 142.253 
0.131422 2.66424 0.0482898 1.6023 41.1281 
0.224001 0.88271 0.0645906 3.83154 95.8745 
0.30312 0.182015 0.0552196 8.76004 220.274 
0.248161 0.588285 0.260655 4.86946 118.205 
0.0308754 4.92813 0.045517 0.247029 79.4443 
0.27137 0.365914 0.168607 5.88873 173.965 
0.36324 0.0263065 2.59535 16.2974 1002.13 
0.249032 0.583771 0.04756 5.01737 110.871 
0.0315494 4.91684 0.0450783 0.255187 69.1051 
0.375556 0.0167703 6.61428 20.5255 1254.7 
0.254434 0.516118 0.0809319 5.79908 95.8745 
0.248287 0.587392 0.0835476 4.86946 118.205 
0.278139 0.322262 0.0741449 6.43346 175.586 
0.39088 0.00657556 0.516999 25.5097 2442.77 
0.249309 0.573619 0.0446873 4.86946 123.465 
0.242766 0.652672 0.233493 4.86946 95.8745 
0.166043 1.91939 0.0801252 2.2764 52.9651 
0.241015 0.674845 0.0446873 4.74289 95.8745 
0.243637 0.6398 0.647924 4.81895 103.083 
0.137796 2.50169 0.0666788 1.77502 37.9147 
0.244392 0.63299 0.045517 4.74289 109.256 
0.303123 0.18196 0.045517 8.76004 220.274 
0.253424 0.517961 0.0470553 5.88873 90.7757 
0.26199 0.455887 0.0835476 5.88873 118.205 
0.242922 0.652113 0.0579085 4.86946 95.8745 
0.303123 0.18196 0.045517 8.76004 220.274 
0.290127 0.243735 3.43936 7.24995 220.274 
0.325735 0.0960622 0.0446873 10.5421 381.021 
0.295575 0.214161 0.270982 8.76004 170.482 
0.194863 1.358 0.0579285 2.96787 69.1051 
0.242765 0.652677 0.235536 4.86946 95.8745 
0.242927 0.652095 0.0529559 4.86946 95.8745 
0.254454 0.516021 0.0579285 5.79908 95.8745 
0.263502 0.443127 0.119538 5.89653 124.417 
0.260113 0.470897 0.045517 5.88873 110.871 
0.395778 0.00607973 8.43241 33.0683 2054.84 
0.383366 0.0112102 2.34691 28.4688 1170.29 
0.0116408 5.45635 0.0449275 0.0879158 95.8745 
0.266187 0.412084 0.292665 6.43346 114.023 
0.428726 0.000284558 5.60253 105.421 13178 
0.240983 0.674976 0.0809319 4.74289 95.8745 
0.189761 1.45536 0.072046 2.89395 60.9702 
0.0318177 4.90367 0.0450783 0.255187 79.4443 
0.271007 0.370496 0.270982 5.89653 170.482 
0.00691667 5.61996 0.0482898 0.0513414 110.871 
0.261001 0.465282 0.045517 5.79908 118.205 
0.442024 1.08291e-05 0.168607 350.011 95874.5 
0.442024 1.07344e-05 0.0809319 350.011 95874.5 
0.225263 0.85479 0.260588 3.83154 102.615 
0.419935 0.000832531 121.032 52.493 12538.8 
0.393864 0.00653867 2.34691 32.2257 1853.69 
0.380568 0.0120691 0.647924 28.4688 1026.15 
0.200797 1.25019 0.04756 3.11208 75.0296 
0.442024 1.0772e-05 0.113495 350.011 95874.5 
0.268511 0.396994 0.0809319 6.43346 122.026 
0.0557542 4.35701 0.052329 0.493671 52.9651 
0.413018 0.00164549 5.03057 46.4978 5451.25 
0.405521 0.00305537 8.75297 37.6635 3744.78 
0.271422 0.365144 0.0579285 5.88873 173.965 
0.184771 1.53692 0.0446873 2.89395 50.5454 
0.29166 0.236134 2.54578 8.27455 170.482 
0.375556 0.0167703 6.61428 20.5255 1254.7 
0.0428225 4.64333 0.0569483 0.364321 54.4992 
0.0684467 4.05626 0.0741449 0.623747 57.9949 
0.246683 0.607717 0.168607 4.86946 110.871 
0.314723 0.126501 0.430184 11.3922 220.274 
0.243637 0.6398 0.647924 4.81895 103.083 
0.44003 2.38974e-05 2.34691 178.835 93151.3 
0.310224 0.151362 0.045517 9.54351 242.903 
0.346439 0.0532325 8.07251 14.0453 556.74 
0.431036 0.000201245 5.76227 116.048 17022.6 
0.224018 0.882674 0.045517 3.83154 95.8745 
0.237324 0.714802 0.045517 4.74289 84.4407 
0.29282 0.231762 0.168607 8.27455 170.482 
0.303111 0.182158 0.0809319 8.76004 220.274 
0.267252 0.405915 0.0842667 5.79908 151.257 
0.29166 0.236134 2.54578 8.27455 170.482 
0.265884 0.413197 0.695324 6.43346 114.023 
0.123414 2.83089 0.0446873 1.37953 52.9651 
0.36713 0.0223334 0.0960982 17.8835 984.127 
0.270456 0.383396 0.647924 6.43346 131.78 
0.441865 1.31403e-05 2.34691 316.697 93151.3 
0.246472 0.610859 0.0579285 4.86946 109.563 
0.164143 1.96117 0.04756 2.25242 50.5454 
0.307872 0.161224 0.132656 9.35028 231.468 
0.13855 2.49534 0.04756 1.64532 54.2998 
0.0343654 4.82853 0.0446873 0.276574 83.7724 
0.292865 0.231245 0.0720171 8.27455 170.482 
0.265884 0.413197 0.695324 6.43346 114.023 
0.012787 5.42279 0.045517 0.0968394 95.8745 
0.153477 2.17911 0.0482898 1.95582 54.2998 
0.290127 0.243735 3.43936 7.24995 220.274 
0.262016 0.455676 0.0473282 5.88873 118.205 
0.025542 5.06435 0.045517 0.200833 84.8892 
0.427104 0.000337925 0.0579285 85.4059 12743.1 
0.293575 0.228999 0.463231 8.27455 175.586 
0.289782 0.251385 0.0627131 7.51896 185.369 
0.209838 1.10289 0.04756 3.40618 79.4443 
0.26854 0.393685 0.168607 6.5551 118.205 
0.044121 4.56714 0.045517 0.364321 83.7724 
0.0106353 5.49432 0.0446873 0.0798744 103.083 
0.435729 0.000106641 306.141 134.692 37447.8 
0.234991 0.740653 0.260588 4.30233 102.615 
0.237057 0.715101 0.307361 4.74289 84.4407 
0.00896839 5.56278 0.0473282 0.06649 131.78 
0.303085 0.182546 0.155507 8.76004 220.274 
0.242701 0.654455 0.155507 4.81895 98.0404 
0.00663764 5.6302 0.0446873 0.0492367 110.871 
0.303397 0.180965 0.110792 8.76004 222.824 
0.26193 0.456344 0.168607 5.88873 118.205 
0.303022 0.183343 0.335132 8.76004 220.274 
0.310186 0.151957 0.168607 9.54351 242.903 
0.242773 0.652652 0.225735 4.86946 95.8745 
0.23169 0.79013 0.0675332 4.27707 90.7757 
0.380211 0.012721 0.04756 25.5097 1108.71 
0.181385 1.60521 0.0556533 2.77406 50.5454 
0.025542 5.06435 0.045517 0.200833 84.8892 
0.26199 0.455891 0.0842667 5.88873 118.205 
0.397161 0.00519916 1.13331 32.2257 2357.66 
0.271079 0.369539 0.119538 5.89653 170.482 
0.00730454 5.61163 0.0809319 0.0535327 175.586 
0.276379 0.339129 0.052329 6.5551 154.52 
0.24697 0.599367 0.442628 4.80407 118.205 
0.375556 0.0167703 6.61428 20.5255 1254.7 
0.346353 0.0533675 8.75297 14.0453 556.74 
0.261867 0.457755 0.0809319 5.79908 122.026 
0.260974 0.465504 0.0835476 5.79908 118.205 
0.18081 1.61244 0.0760711 2.77406 49.5859 
0.254296 0.516675 0.235536 5.79908 95.8745 
0.261947 0.456221 0.14475 5.88873 118.205 
0.24026 0.677387 0.647924 4.61002 103.083 
0.29067 0.242517 2.01285 7.24995 220.274 
0.253321 0.518346 0.15634 5.88873 90.7757 
0.305531 0.17081 0.0809319 8.76004 242.903 
0.278145 0.322161 0.0596146 6.43346 175.586 
0.242927 0.652092 0.052329 4.86946 95.8745 
0.24675 0.607292 0.0809319 4.86946 110.871 
0.223341 0.88609 0.0666788 4.30233 67.4976 
0.238905 0.690964 0.270982 4.86946 84.4407 
0.201709 1.14752 0.0529559 3.83154 46.3963 
0.292843 0.231508 0.119538 8.27455 170.482 
0.292837 0.231577 0.132656 8.27455 170.482 
0.294459 0.224773 2.04849 8.27455 185.369 
0.129826 2.68724 0.0482898 1.6023 38.1021 
0.254465 0.515967 0.045517 5.79908 95.8745 
0.00952473 5.54025 0.045517 0.0709667 118.205 
0.278143 0.322195 0.0645906 6.43346 175.586 
0.224018 0.882674 0.045517 3.83154 95.8745 
0.244824 0.630184 0.155507 4.86946 103.083 
0.137796 2.50169 0.0666788 1.77502 37.9147 
0.30311 0.182172 0.0835476 8.76004 220.274 
