0.933661 0.564811 120.017 0.0444057 596.729 
0.982164 0.154407 459.518 0.0448022 2487.25 
0.925948 0.629672 104.637 0.0444057 596.729 
0.840896 1.28758 43.6184 0.0442804 313.821 
0.986054 0.121023 597.143 0.0440236 2956.1 
0.948278 0.442457 149.641 0.0442804 1002.29 
0.986054 0.121023 597.143 0.0440236 2956.1 
0.992987 0.0609429 1194.29 0.0440236 5912.21 
0.841463 1.2831 43.8274 0.0444057 313.821 
0.821184 1.39985 36.7731 0.0463914 360.176 
0.973556 0.227592 299.282 0.0442804 2004.57 
0.985785 0.122677 585.808 0.0460948 2911.41 
0.933661 0.564811 120.017 0.0444057 596.729 
0.97305 0.232781 306.568 0.0444057 1489.77 
0.987864 0.104573 658.43 0.0440236 4518.4 
0.922114 0.654635 95.1549 0.0442804 757.565 
0.504082 2.85239 8.91095 0.0442804 93.7422 
0.838778 1.30397 43.6184 0.0442804 279.772 
0.948278 0.442457 149.641 0.0442804 1002.29 
0.941693 0.499033 136.207 0.0442804 720.352 
0.922114 0.654635 95.1549 0.0442804 757.565 
0.885469 0.943559 68.1037 0.0444057 298.364 
0.935106 0.553897 121.591 0.0442804 646.375 
0.725694 2.01946 21.8092 0.0442804 196.644 
0.986054 0.121023 597.143 0.0440236 2956.1 
0.978475 0.186403 380.62 0.0444057 2018.52 
0.993062 0.0599538 1237.03 0.0442804 5262.22 
0.990397 0.0827771 847.725 0.046058 5103.29 
0.851703 1.20903 47.5774 0.0444057 326.679 
0.958872 0.353097 190.31 0.0442804 1255.28 
0.986054 0.121023 597.143 0.0440236 2956.1 
0.997621 0.0196009 3977.1 0.0442804 10695.9 
0.913879 0.727956 87.6548 0.0442804 559.544 
0.720616 2.02602 21.9137 0.0496485 161.594 
0.910774 0.751655 87.2367 0.0442804 441.049 
0.990294 0.0840925 873.862 0.0440236 3933.58 
0.997041 0.025089 3042.47 0.0448022 10206.6 
0.97305 0.232781 306.568 0.0444057 1489.77 
0.962662 0.320215 209.275 0.0442804 1440.7 
0.941693 0.499033 136.207 0.0442804 720.352 
0.895052 0.878845 70.7379 0.0442804 449.805 
0.959005 0.351381 190.31 0.0444057 1291.85 
0.928047 0.608777 111.848 0.0442804 505.448 
0.961461 0.332287 209.275 0.0442804 1119.09 
0.725694 2.01946 21.8092 0.0442804 196.644 
0.98987 0.0873667 847.725 0.0444057 3539.81 
0.957938 0.361325 187.81 0.0448022 1144.84 
0.972439 0.238067 289.462 0.0440236 1799.22 
0.925948 0.629672 104.637 0.0444057 596.729 
0.966444 0.289618 243.156 0.0442804 1236.67 
0.91114 0.749332 87.2367 0.0442804 453.797 
0.965571 0.296398 240.033 0.0442804 1119.09 
0.90279 0.817585 77.3146 0.0442804 472.861 
0.986054 0.121023 597.143 0.0440236 2956.1 
0.970365 0.254998 282.951 0.0440214 1236.67 
0.840896 1.28758 43.6184 0.0442804 313.821 
0.996381 0.0312532 2388.57 0.0442804 9893.36 
0.966676 0.287788 243.182 0.0442804 1297.33 
0.628754 2.47001 14.1403 0.0456752 145.351 
0.845795 1.23519 43.8881 0.0448022 412.196 
0.844436 1.25069 43.6184 0.0442804 393.289 
0.927714 0.614061 106.148 0.0448022 658.963 
0.914366 0.722388 87.2367 0.0442804 607.649 
0.940451 0.508744 129.899 0.0444057 826.241 
0.908439 0.767738 84.1701 0.046058 449.805 
0.955894 0.37687 175.31 0.0442804 1255.28 
0.956851 0.370216 190.31 0.0442804 882.097 
0.689463 2.19526 18.3542 0.0463914 176.395 
0.912031 0.742818 87.6548 0.0442804 474.66 
0.895716 0.871669 73.417 0.0442804 378.783 
0.869646 1.07541 55.924 0.0444057 342.014 
0.86194 1.13213 53.0738 0.0444057 298.364 
0.974286 0.22187 309.258 0.0440236 1999.3 
0.934414 0.559735 120.017 0.0442804 645.924 
0.914366 0.722388 87.2367 0.0442804 607.649 
0.975781 0.209033 331.759 0.0448022 1999.3 
0.891005 0.902067 70.7379 0.0460948 342.014 
0.898975 0.844812 76.5072 0.0442804 378.783 
0.70448 2.10253 21.8092 0.046058 106.488 
0.909551 0.763133 84.6781 0.0442804 472.861 
0.816646 1.44985 36.7085 0.0460948 279.772 
0.966659 0.287923 243.182 0.0442804 1292.75 
0.994329 0.0491161 1502.48 0.0444057 6714.18 
0.910774 0.751655 87.2367 0.0442804 441.049 
0.916151 0.709999 91.1893 0.0442804 537.255 
0.93042 0.592767 111.216 0.0444057 658.963 
0.993621 0.0552648 1337.21 0.0440236 5912.21 
0.948278 0.442457 149.641 0.0442804 1002.29 
0.966292 0.291079 240.033 0.0442804 1291.85 
0.994716 0.0455142 1522.48 0.0444057 10378.6 
0.893182 0.88971 70.7379 0.0456752 393.289 
0.952586 0.404861 174.473 0.0442804 757.565 
0.725694 2.01946 21.8092 0.0442804 196.644 
0.937834 0.530651 128.275 0.0442804 645.924 
0.978533 0.185973 380.62 0.0442804 2057.12 
0.981264 0.162403 436.379 0.0442804 2386.91 
0.935106 0.553897 121.591 0.0442804 646.375 
0.941693 0.499033 136.207 0.0442804 720.352 
0.94723 0.452812 149.641 0.0442804 851.903 
0.717384 2.06753 21.8832 0.0442804 145.351 
0.895052 0.878845 70.7379 0.0442804 449.805 
0.96538 0.298875 233.573 0.0442804 1255.28 
0.952586 0.404861 174.473 0.0442804 757.565 
0.992987 0.0609429 1194.29 0.0440236 5912.21 
0.959109 0.350437 195.035 0.046058 1119.09 
0.844297 1.25361 43.6184 0.0440236 389.064 
0.996274 0.0324095 2231.74 0.0440236 11824.4 
0.854038 1.18753 47.5774 0.0442804 378.783 
0.982906 0.148179 480.066 0.0444057 2583.7 
0.993121 0.0596218 1237.03 0.0440236 5534.91 
0.95342 0.399375 175.31 0.0442804 826.241 
0.980588 0.168167 418.55 0.0442804 2386.91 
0.922114 0.654635 95.1549 0.0442804 757.565 
0.885469 0.943559 68.1037 0.0444057 298.364 
0.973119 0.232353 306.568 0.0442804 1515.13 
0.936055 0.544954 120.017 0.0444057 787.996 
0.992213 0.0674448 1089.66 0.0444057 4946.68 
0.986054 0.121023 597.143 0.0440236 2956.1 
0.914366 0.722388 87.2367 0.0442804 607.649 
0.989473 0.0913811 790.912 0.0442804 3998.59 
0.67334 2.28117 18.3542 0.0442804 110.262 
0.941693 0.499033 136.207 0.0442804 720.352 
0.949328 0.434779 154.629 0.0442804 945.722 
0.843912 1.25827 43.6184 0.0440236 378.783 
0.952586 0.404861 174.473 0.0442804 757.565 
0.844436 1.25069 43.6184 0.0442804 393.289 
0.949005 0.437806 154.629 0.0442804 899.611 
0.999153 0.00604428 13395.3 0.0442804 19898 
0.980418 0.169718 418.55 0.0442804 2238.18 
0.801306 1.53816 32.1185 0.0442804 342.014 
0.996913 0.0267097 2633.72 0.0442804 16677.6 
0.955434 0.382405 175.31 0.0442804 1144.84 
0.978073 0.189521 380.62 0.0442804 1781.01 
0.996381 0.0312532 2388.57 0.0442804 9893.36 
0.96002 0.341821 209.275 0.0442804 882.097 
0.941693 0.499033 136.207 0.0442804 720.352 
0.962427 0.323956 212.295 0.0442804 1236.67 
0.851527 1.21093 47.5774 0.0442804 323.188 
0.972439 0.238067 289.462 0.0440236 1799.22 
0.889226 0.923485 68.1037 0.0444057 372.443 
0.907974 0.772349 80.1373 0.0442804 592.284 
0.947321 0.451279 153.014 0.0442804 757.565 
0.996328 0.0318441 2318.06 0.0442804 10524.4 
0.998307 0.0145599 5184.12 0.0440236 19898 
0.952586 0.404861 174.473 0.0442804 757.565 
0.943733 0.482291 141.476 0.0440214 744.887 
0.987665 0.10706 668.605 0.0442804 3573.25 
0.937387 0.532459 121.578 0.0442804 862.653 
0.90279 0.817585 77.3146 0.0442804 472.861 
0.991293 0.0755652 960.132 0.0444057 4773.83 
0.976899 0.199967 350.619 0.0442804 1999.3 
0.700748 2.13678 20.8471 0.0460948 118.665 
0.939047 0.521362 128.275 0.0442804 744.887 
0.874561 1.03829 57.9891 0.0442804 372.443 
0.998307 0.0145599 5184.12 0.0440236 19898 
0.809079 1.51131 35.5844 0.0442804 237.33 
0.940754 0.505408 136.207 0.0442804 646.375 
0.991052 0.0777599 921.699 0.0440236 5021.13 
0.844297 1.25361 43.6184 0.0440236 389.064 
0.987491 0.108136 658.43 0.0456752 3562.02 
0.87509 1.02829 60.789 0.0442804 294.665 
0.942096 0.49589 136.207 0.0442804 757.565 
0.854038 1.18753 47.5774 0.0442804 378.783 
0.845219 1.24418 47.5774 0.0460948 236.43 
0.990397 0.0827771 847.725 0.046058 5103.29 
0.840896 1.28758 43.6184 0.0442804 313.821 
0.820753 1.41499 36.7085 0.0442804 352.79 
0.978875 0.182279 390.069 0.0456752 1999.3 
0.996113 0.0337202 2179.32 0.0444057 10206.6 
0.625227 2.47629 15.1972 0.046058 90.395 
0.958872 0.353097 190.31 0.0442804 1255.28 
0.996824 0.0270971 2804.95 0.0442804 9893.36 
0.929604 0.599555 111.216 0.0442804 603.411 
0.948878 0.43926 154.629 0.0440236 882.097 
0.91686 0.700641 95.1549 0.0444057 449.805 
0.537714 2.75719 9.84709 0.0460948 118.665 
0.992366 0.0660845 1115.87 0.0442804 4946.68 
0.932379 0.576243 116.787 0.0442804 607.649 
0.97237 0.238625 299.282 0.0442804 1440.7 
0.946128 0.461586 144.731 0.0442804 899.611 
0.886401 0.939564 68.1037 0.0442804 313.821 
0.998631 0.0113898 6781.8 0.0460948 19898 
0.852479 1.20376 47.5774 0.0440236 342.014 
0.973941 0.225008 309.258 0.0448022 1799.22 
0.911028 0.750058 87.2367 0.0442804 449.805 
0.923613 0.642376 106.148 0.0442804 449.805 
0.86194 1.13213 53.0738 0.0444057 298.364 
0.987001 0.11237 618.516 0.0440236 3998.59 
0.983096 0.146591 486.365 0.0442804 2585.5 
0.668315 2.30783 17.7922 0.0444057 113.449 
0.912031 0.742818 87.6548 0.0442804 474.66 
0.972623 0.23495 309.258 0.0444057 1292.75 
0.964487 0.304783 223.696 0.0456752 1368.06 
0.914819 0.717317 87.2367 0.0442804 637.911 
0.91896 0.687048 95.1549 0.0442804 537.255 
0.997052 0.0250713 3042.47 0.0442804 10378.6 
0.91136 0.747285 87.6548 0.0442804 449.805 
0.988921 0.0959873 761.239 0.0442804 3528.39 
0.914366 0.722388 87.2367 0.0442804 607.649 
0.99637 0.0314819 2343.23 0.0442804 10695.9 
0.992232 0.0673182 1089.66 0.0444057 5021.13 
0.993924 0.0525974 1337.21 0.0442804 8337.51 
0.956851 0.370216 190.31 0.0442804 882.097 
0.621598 2.48468 15.1972 0.0456752 84.1033 
0.709994 2.08708 21.9137 0.0456752 118.665 
0.791247 1.6107 30.3945 0.0442804 307.742 
0.993725 0.0545093 1316.86 0.0442804 7196.89 
0.959518 0.34436 209.275 0.0442804 821.408 
0.986902 0.11318 613.136 0.0440236 3998.59 
0.988584 0.0980868 697.894 0.0442804 4946.68 
0.997547 0.0213381 3390.9 0.0440236 18073.6 
0.882922 0.968209 65.4261 0.0442804 313.821 
0.94059 0.506099 136.52 0.0442804 627.642 
0.987596 0.107612 663.518 0.0444057 3598.44 
0.914366 0.722388 87.2367 0.0442804 607.649 
0.725694 2.01946 21.8092 0.0442804 196.644 
0.972128 0.239162 299.282 0.0460948 1368.06 
0.932687 0.574021 116.787 0.0442804 627.642 
0.98384 0.140112 513.1 0.0442804 2583.7 
0.994911 0.0437641 1695.45 0.046058 7079.62 
0.91166 0.746355 87.2367 0.0440236 472.861 
0.975833 0.208115 348.947 0.0442804 1515.13 
0.959058 0.350738 190.31 0.0444057 1306.72 
0.943209 0.486508 139.484 0.0442804 757.565 
0.875685 1.02754 57.8046 0.0444057 411.731 
0.913694 0.729204 87.2367 0.0442804 567.642 
0.998391 0.0137038 5524.77 0.0460948 19898 
0.968861 0.268497 265.531 0.0442804 1255.28 
0.996519 0.0302777 2388.57 0.0440236 12687.1 
0.970127 0.258229 272.415 0.0442804 1440.7 
0.914199 0.724769 87.2367 0.0440236 596.729 
0.819083 1.43556 36.7731 0.0442804 313.821 
0.950308 0.426886 160.023 0.0442804 883.319 
0.97152 0.245734 278.967 0.0440236 1781.01 
0.971828 0.243096 282.951 0.0442804 1764.19 
0.916151 0.709999 91.1893 0.0442804 537.255 
0.996884 0.0270777 2674.42 0.0444057 14020.4 
0.910774 0.751655 87.2367 0.0442804 441.049 
0.972439 0.238067 289.462 0.0440236 1799.22 
0.86864 1.07868 55.924 0.0456752 323.188 
0.941693 0.499033 136.207 0.0442804 720.352 
0.990082 0.0858965 847.725 0.0448022 4037.04 
0.960528 0.340054 201.273 0.0442804 1193.46 
0.79428 1.56805 30.3945 0.0440236 372.443 
0.981223 0.162727 439.947 0.0442804 2238.18 
0.995883 0.0352956 2138.24 0.0442804 7997.18 
0.97305 0.232781 306.568 0.0444057 1489.77 
0.969646 0.261823 272.415 0.0442804 1292.75 
0.987768 0.105957 663.518 0.0442804 3998.59 
0.996954 0.0263723 2674.42 0.0442804 16675 
0.99619 0.0331137 2179.32 0.0442804 11673.2 
0.840896 1.28758 43.6184 0.0442804 313.821 
0.970708 0.252218 279.082 0.0456752 1440.7 
0.976899 0.199967 350.619 0.0442804 1999.3 
0.966156 0.292188 240.033 0.0442804 1255.28 
0.996104 0.0338 2179.32 0.0442804 10042.3 
0.952586 0.404861 174.473 0.0442804 757.565 
0.89622 0.868984 71.1689 0.0442804 474.66 
0.951495 0.416529 162.479 0.0444057 964.979 
0.979032 0.180801 380.62 0.0444057 2474.63 
0.996521 0.0300823 2474.07 0.0442804 10524.4 
0.942402 0.490946 141.476 0.0440214 637.911 
0.941693 0.499033 136.207 0.0442804 720.352 
0.97305 0.232781 306.568 0.0444057 1489.77 
0.99276 0.0626645 1171.62 0.0448022 5347.94 
0.940754 0.505408 136.207 0.0442804 646.375 
0.840896 1.28758 43.6184 0.0442804 313.821 
0.921285 0.665101 95.1549 0.0442804 684.029 
0.974286 0.22187 309.258 0.0440236 1999.3 
0.970833 0.251814 282.951 0.0442804 1368.06 
0.975833 0.208115 348.947 0.0442804 1515.13 
0.981049 0.162924 418.55 0.0442804 2911.41 
0.945125 0.469377 146.834 0.0444057 720.352 
0.986788 0.11412 618.516 0.0456752 3528.39 
0.891005 0.902067 70.7379 0.0460948 342.014 
0.933661 0.564811 120.017 0.0444057 596.729 
0.980588 0.168167 418.55 0.0442804 2386.91 
0.977799 0.1919 375.607 0.0442804 1764.19 
0.966086 0.292736 240.033 0.0442804 1237.31 
0.946639 0.457572 146.834 0.0442804 882.097 
0.959428 0.349626 197.728 0.0442804 1084.27 
0.873738 1.04468 57.8046 0.0442804 360.176 
0.910774 0.751655 87.2367 0.0442804 441.049 
0.90279 0.817585 77.3146 0.0442804 472.861 
0.94273 0.49035 136.207 0.0442804 824.391 
0.964737 0.304269 230.425 0.0442804 1193.46 
0.928485 0.607329 106.148 0.0442804 720.352 
0.973119 0.232353 306.568 0.0442804 1515.13 
0.992987 0.0609429 1194.29 0.0440236 5912.21 
0.493248 2.87081 8.52002 0.0442804 93.98 
0.98384 0.140112 513.1 0.0442804 2583.7 
0.725694 2.01946 21.8092 0.0442804 196.644 
0.985686 0.123478 597.143 0.0440236 2510.57 
0.89432 0.88208 72.4564 0.0444057 370.721 
0.738628 1.90545 22.3554 0.0442804 290.703 
0.988459 0.0990336 751.239 0.0448022 2956.1 
0.945107 0.470014 145.877 0.0444057 744.887 
0.920789 0.670593 95.1549 0.0442804 646.375 
0.985004 0.1296 565.903 0.0440214 2473.34 
0.998188 0.0156549 4777.14 0.0442804 19786.7 
0.717384 2.06753 21.8832 0.0442804 145.351 
0.841463 1.2831 43.8274 0.0444057 313.821 
0.999018 0.00748112 10697.7 0.0442804 19898 
0.995015 0.0432681 1695.45 0.0442804 7997.18 
0.976899 0.199967 350.619 0.0442804 1999.3 
0.479371 2.89393 8.11425 0.0442804 90.0439 
0.996521 0.0300823 2474.07 0.0442804 10524.4 
0.86727 1.09113 55.924 0.0442804 298.364 
0.99423 0.0494677 1381.19 0.0440236 10206.6 
0.520243 2.81402 9.31352 0.0442804 106.488 
0.966659 0.287923 243.182 0.0442804 1292.75 
0.479403 2.88905 8.91095 0.0440236 59.2756 
0.493248 2.87081 8.52002 0.0442804 93.98 
0.999018 0.00748112 10697.7 0.0442804 19898 
0.952586 0.404861 174.473 0.0442804 757.565 
0.858358 1.15444 51.7074 0.0456752 286.211 
0.990632 0.0812543 873.862 0.0444057 5021.13 
0.67334 2.28117 18.3542 0.0442804 110.262 
0.956386 0.374329 187.804 0.0442804 882.097 
0.978108 0.189283 380.62 0.0442804 1799.22 
0.992675 0.0635363 1115.87 0.0442804 6571.26 
0.975833 0.208115 348.947 0.0442804 1515.13 
0.506107 2.84632 8.91095 0.0442804 98.1737 
0.997621 0.0196009 3977.1 0.0442804 10695.9 
0.970333 0.25646 272.415 0.0442804 1515.13 
0.975189 0.21477 328.716 0.0442804 1764.19 
0.981634 0.156815 474.233 0.0442804 1766.64 
0.997621 0.0196009 3977.1 0.0442804 10695.9 
0.995407 0.0392305 1732.71 0.0444057 13142.5 
0.967274 0.282243 243.156 0.0442804 1489.77 
0.85477 1.18675 49.7228 0.0442804 294.665 
0.985056 0.129065 557.935 0.0456752 2736.12 
0.994093 0.050988 1388.35 0.046058 8092.38 
0.975926 0.207262 350.619 0.0442804 1515.13 
0.845795 1.23519 43.8881 0.0448022 412.196 
0.911081 0.749718 87.2367 0.0442804 451.672 
0.989369 0.0914636 761.239 0.0460948 4773.83 
0.970127 0.258229 272.415 0.0442804 1440.7 
0.996381 0.0312532 2388.57 0.0442804 9893.36 
0.97305 0.232781 306.568 0.0444057 1489.77 
0.772813 1.72798 30.3945 0.0442804 147.154 
0.837527 1.31223 43.6184 0.0442804 262.86 
0.914366 0.722388 87.2367 0.0442804 607.649 
0.919632 0.682119 95.1549 0.0440236 572.422 
0.880514 0.991394 60.789 0.0444057 412.196 
0.970127 0.258229 272.415 0.0442804 1440.7 
0.989473 0.0913811 790.912 0.0442804 3998.59 
0.876247 1.02217 60.789 0.0442804 313.821 
0.957938 0.361325 187.81 0.0448022 1144.84 
0.997621 0.0196009 3977.1 0.0442804 10695.9 
0.898101 0.855563 73.417 0.0440236 449.805 
0.729126 1.98938 21.8092 0.0442804 226.899 
0.996737 0.028087 2674.42 0.0442804 10524.4 
0.952586 0.404861 174.473 0.0442804 757.565 
0.958153 0.359779 195.035 0.0442804 945.722 
0.973556 0.227592 299.282 0.0442804 2004.57 
0.936431 0.541858 121.591 0.0448022 757.565 
0.953946 0.395789 175.31 0.0442804 891.149 
0.986376 0.118197 613.136 0.0440236 2979.55 
0.872428 1.05247 58.3933 0.0442804 313.821 
0.935757 0.548205 120.017 0.0442804 757.565 
0.937917 0.529944 128.474 0.0442804 646.375 
0.844297 1.25361 43.6184 0.0440236 389.064 
0.435135 2.95137 7.23528 0.0442804 65.715 
0.995802 0.0363455 1990.81 0.0456752 10206.6 
0.914366 0.722388 87.2367 0.0442804 607.649 
0.435135 2.95137 7.23528 0.0442804 65.715 
0.844436 1.25069 43.6184 0.0442804 393.289 
0.918147 0.692681 95.1549 0.0444057 499.771 
0.992213 0.0674448 1089.66 0.0444057 4946.68 
0.941693 0.499033 136.207 0.0442804 720.352 
0.996824 0.0270971 2804.95 0.0442804 9893.36 
0.967666 0.277807 243.156 0.0442804 1648.78 
0.949204 0.436142 155.362 0.0442804 899.611 
0.80805 1.51782 35.5844 0.0442804 226.899 
0.96632 0.290699 242.073 0.0442804 1236.67 
0.843912 1.25827 43.6184 0.0440236 378.783 
0.960607 0.33699 212.295 0.0442804 899.611 
0.977623 0.193 375.62 0.0444057 1678.54 
0.992708 0.0630869 1111.49 0.0442804 7010.19 
0.979069 0.180438 380.62 0.0442804 2510.57 
0.992452 0.0656086 1095.4 0.0440236 5912.21 
0.962427 0.323956 212.295 0.0442804 1236.67 
0.998269 0.0146026 5267.44 0.0442804 16677.6 
0.996913 0.0267097 2633.72 0.0442804 16677.6 
0.957706 0.364188 190.31 0.0442804 1009.26 
0.925948 0.629672 104.637 0.0444057 596.729 
0.903769 0.808876 77.3146 0.0442804 514.279 
0.992708 0.0630869 1111.49 0.0442804 7010.19 
0.997098 0.0249212 2762.38 0.0442804 19786.7 
0.959945 0.342611 208.584 0.0442804 886.121 
0.995509 0.0390497 1843.4 0.0440236 10042.3 
0.978659 0.184764 380.62 0.0444057 2149.02 
0.914366 0.722388 87.2367 0.0442804 607.649 
0.986491 0.116641 613.136 0.0460948 3171.79 
0.912229 0.741422 87.6548 0.0442804 482.49 
0.999238 0.00512135 15926.5 0.0442804 19898 
0.987381 0.109117 672.325 0.0442804 2979.55 
0.970457 0.254505 281.63 0.0444057 1291.85 
0.978108 0.189283 380.62 0.0442804 1799.22 
0.625227 2.47629 15.1972 0.046058 90.395 
0.851527 1.21093 47.5774 0.0442804 323.188 
0.992232 0.0673182 1089.66 0.0444057 5021.13 
0.996483 0.0305771 2388.57 0.0440236 11824.4 
0.965221 0.300152 233.573 0.0442804 1215.3 
0.994636 0.0466079 1555.04 0.0442804 7997.18 
0.972588 0.236392 289.462 0.0440236 1882.36 
0.992987 0.0609429 1194.29 0.0440236 5912.21 
0.953946 0.395789 175.31 0.0442804 891.149 
0.98538 0.126829 565.903 0.0442804 2918.29 
0.966676 0.287788 243.182 0.0442804 1297.33 
0.992708 0.0630869 1111.49 0.0442804 7010.19 
0.986788 0.11412 618.516 0.0456752 3528.39 
0.98917 0.0940234 761.239 0.0442804 4114.23 
0.994774 0.0454023 1581.82 0.0442804 8674.13 
0.888184 0.928265 65.3286 0.0454678 449.805 
0.997052 0.0250713 3042.47 0.0442804 10378.6 
0.983096 0.146591 486.365 0.0442804 2585.5 
0.986712 0.115198 613.136 0.0442804 3562.02 
0.86194 1.13213 53.0738 0.0444057 298.364 
0.922114 0.654635 95.1549 0.0442804 757.565 
0.941693 0.499033 136.207 0.0442804 720.352 
0.990558 0.0819799 872.759 0.0442804 4773.83 
0.957706 0.364188 190.31 0.0442804 1009.26 
0.985581 0.124393 557.935 0.0448022 3562.02 
0.996171 0.0331698 2231.74 0.0442804 9893.36 
0.913775 0.728128 87.2367 0.0444057 572.422 
0.997428 0.0221294 3390.9 0.0448022 13428.4 
0.993978 0.0513593 1316.86 0.0442804 10206.6 
0.97979 0.174555 395.456 0.0440236 2551.64 
0.973556 0.227592 299.282 0.0442804 2004.57 
0.924056 0.64063 99.4457 0.0456752 684.029 
0.906505 0.783424 80.4744 0.0460948 503.208 
0.956552 0.373894 182.379 0.0442804 1074.51 
0.937387 0.532459 121.578 0.0442804 862.653 
0.709238 2.09719 21.8092 0.0442804 118.665 
0.998556 0.0116193 6781.8 0.0442804 15994.4 
0.987665 0.10706 668.605 0.0442804 3573.25 
0.998307 0.0145599 5184.12 0.0440236 19898 
0.997552 0.0212385 3348.82 0.0442804 19898 
0.92754 0.615653 106.148 0.0448022 646.375 
0.986331 0.118411 613.136 0.0444057 2918.29 
0.929604 0.599555 111.216 0.0442804 603.411 
0.916151 0.709999 91.1893 0.0442804 537.255 
0.863163 1.12249 51.7074 0.0442804 378.865 
0.946128 0.461586 144.731 0.0442804 899.611 
0.635579 2.45653 15.1972 0.0442804 113.449 
0.91166 0.746355 87.2367 0.0440236 472.861 
0.87079 1.06644 55.6743 0.0442804 378.783 
0.993539 0.0561295 1291.82 0.0442804 6571.26 
0.912031 0.742818 87.6548 0.0442804 474.66 
0.966723 0.28737 243.747 0.0442804 1292.75 
0.997177 0.0244461 3042.47 0.0440236 13142.5 
0.992289 0.0669694 1089.66 0.0440236 5262.22 
0.993121 0.0596218 1237.03 0.0440236 5534.91 
0.454458 2.91246 7.23528 0.0448022 97.2659 
0.997623 0.0195804 3981.63 0.0442804 10695.9 
0.975833 0.208115 348.947 0.0442804 1515.13 
0.995217 0.0413936 1698.36 0.0442804 10695.9 
0.648929 2.37868 15.1972 0.0456752 168.207 
0.992987 0.0609429 1194.29 0.0440236 5912.21 
0.886401 0.939564 68.1037 0.0442804 313.821 
0.956261 0.376521 182.681 0.0442804 1010.9 
0.442551 2.9427 7.23528 0.0442804 75.3154 
0.954357 0.392633 175.31 0.0442804 949.321 
0.912031 0.742818 87.6548 0.0442804 474.66 
0.52508 2.8041 9.50125 0.0442804 106.488 
0.995021 0.0431641 1695.45 0.0448022 8074.08 
0.994836 0.0445321 1581.82 0.046058 9547.66 
0.973716 0.227209 306.568 0.0444057 1781.01 
0.997887 0.0183593 3977.1 0.0444057 19797 
0.999153 0.00604428 13395.3 0.0442804 19898 
0.984562 0.133598 544.83 0.0442804 2510.57 
0.994546 0.0473928 1522.48 0.0442804 8074.08 
0.974778 0.215059 309.258 0.0442804 2386.91 
0.978773 0.183721 380.62 0.0442804 2238.18 
0.865141 1.10935 53.0738 0.0442804 360.176 
0.939047 0.521362 128.275 0.0442804 744.887 
0.996954 0.0263723 2674.42 0.0442804 16675 
0.87509 1.02829 60.789 0.0442804 294.665 
0.97237 0.238625 299.282 0.0442804 1440.7 
0.975625 0.209297 348.947 0.0442804 1440.7 
0.955647 0.379948 175.31 0.0442804 1193.46 
0.625227 2.47629 15.1972 0.046058 90.395 
0.99637 0.0314819 2343.23 0.0442804 10695.9 
0.998209 0.015467 4839.43 0.0442804 19898 
0.982802 0.14911 480.066 0.0442804 2474.63 
0.839489 1.29695 43.8881 0.0448022 279.772 
0.996706 0.0284183 2633.72 0.0442804 10695.9 
0.993046 0.0600087 1171.62 0.0456752 7124.05 
0.945823 0.464651 145.646 0.0442804 826.241 
0.984525 0.133844 544.83 0.0442804 2473.34 
0.997137 0.0246131 2804.95 0.0442804 19786.7 
0.926798 0.622643 106.148 0.0444057 596.729 
0.995631 0.0379467 1920.26 0.0444057 9547.66 
0.998997 0.00770732 10368.2 0.0440236 19898 
0.988281 0.101705 701.239 0.0442804 3859.92 
0.996488 0.0303564 2452.54 0.0444057 10378.6 
0.791247 1.6107 30.3945 0.0442804 307.742 
0.689627 2.17728 17.7922 0.0442804 226.899 
0.985713 0.123157 598.563 0.0442804 2510.57 
0.933661 0.564811 120.017 0.0444057 596.729 
0.835882 1.32058 43.8274 0.0442804 237.33 
0.968226 0.273884 259.798 0.0444057 1237.31 
0.889226 0.923485 68.1037 0.0444057 372.443 
0.996361 0.031546 2343.23 0.0442804 10524.4 
0.844436 1.25069 43.6184 0.0442804 393.289 
0.948278 0.442457 149.641 0.0442804 1002.29 
0.916151 0.709999 91.1893 0.0442804 537.255 
0.996893 0.0270272 2674.42 0.0440236 14293 
0.668315 2.30783 17.7922 0.0444057 113.449 
0.725694 2.01946 21.8092 0.0442804 196.644 
0.978041 0.189742 380.62 0.0442804 1764.19 
0.952586 0.404861 174.473 0.0442804 757.565 
0.950308 0.426886 160.023 0.0442804 883.319 
0.991488 0.0739285 972.729 0.0442804 5171 
0.934027 0.563167 118.193 0.0442804 677.892 
0.914366 0.722388 87.2367 0.0442804 607.649 
0.900586 0.830087 73.417 0.0444057 559.544 
0.952586 0.404861 174.473 0.0442804 757.565 
0.990687 0.0808121 879.893 0.0442804 5021.13 
0.997186 0.0242976 3042.47 0.0456752 13428.4 
0.635579 2.45653 15.1972 0.0442804 113.449 
0.992232 0.0673182 1089.66 0.0444057 5021.13 
0.978659 0.184764 380.62 0.0444057 2149.02 
0.942096 0.49589 136.207 0.0442804 757.565 
0.997621 0.0196009 3977.1 0.0442804 10695.9 
0.996483 0.0305771 2388.57 0.0440236 11824.4 
0.996563 0.0297462 2452.54 0.0456752 11918.2 
0.920885 0.669567 95.1549 0.0442804 653.359 
0.954969 0.38722 175.31 0.0442804 1051.44 
0.91166 0.746355 87.2367 0.0440236 472.861 
0.988362 0.100858 715.416 0.0448022 3598.44 
0.989246 0.0932685 761.239 0.0444057 4337.07 
0.969437 0.263366 272.415 0.0440214 1236.67 
0.942096 0.49589 136.207 0.0442804 757.565 
0.366982 2.96764 5.75537 0.0448022 53.244 
0.914366 0.722388 87.2367 0.0442804 607.649 
0.926798 0.622643 106.148 0.0444057 596.729 
0.87509 1.02829 60.789 0.0442804 294.665 
0.970127 0.258229 272.415 0.0442804 1440.7 
0.942096 0.49589 136.207 0.0442804 757.565 
0.891526 0.900103 70.7379 0.0456752 352.79 
0.972873 0.234164 306.029 0.0442804 1440.7 
0.990846 0.0782853 960.132 0.0444057 3544.48 
0.979497 0.176182 390.069 0.0456752 2510.57 
0.997518 0.0213533 3495.45 0.0456752 14293 
0.975447 0.212545 331.759 0.0442804 1799.22 
0.989769 0.0885254 790.912 0.0442804 4949.26 
0.785925 1.65569 32.1185 0.0440236 171.007 
0.995579 0.0383624 1915.64 0.0442804 8952.71 
0.885469 0.943559 68.1037 0.0444057 298.364 
0.977286 0.195844 350.619 0.0442804 2289.69 
0.985141 0.128905 553.252 0.0442804 2979.55 
0.974629 0.219571 320.046 0.0442804 1766.64 
0.816394 1.4543 38.6249 0.0442804 203.782 
0.975926 0.207262 350.619 0.0442804 1515.13 
0.986054 0.121023 597.143 0.0440236 2956.1 
0.988938 0.0958722 761.239 0.0442804 3562.02 
0.987001 0.11237 618.516 0.0440236 3998.59 
0.993195 0.0587911 1237.03 0.0460948 5959.1 
0.959518 0.34436 209.275 0.0442804 821.408 
0.996795 0.0277497 2674.42 0.0442804 11673.2 
0.989516 0.0910236 790.912 0.0442804 4114.23 
0.933661 0.564811 120.017 0.0444057 596.729 
0.901201 0.828536 77.0776 0.0448022 425.952 
0.932687 0.574021 116.787 0.0442804 627.642 
0.954793 0.388985 174.473 0.0440236 1051.44 
0.928047 0.608777 111.848 0.0442804 505.448 
0.953829 0.396882 174.473 0.0442804 899.611 
0.968104 0.27539 256.55 0.0442804 1291.85 
0.91136 0.747285 87.6548 0.0442804 449.805 
0.955471 0.381678 174.473 0.0440236 1193.46 
0.975244 0.214059 324.959 0.0442804 1929.96 
0.52508 2.8041 9.50125 0.0442804 106.488 
0.993305 0.0581178 1226.27 0.0442804 7010.19 
0.628754 2.47001 14.1403 0.0456752 145.351 
0.969239 0.265854 263.043 0.0442804 1440.7 
0.949005 0.437806 154.629 0.0442804 899.611 
0.973556 0.227592 299.282 0.0442804 2004.57 
0.973209 0.231484 299.282 0.0442804 1799.22 
0.970708 0.252218 279.082 0.0456752 1440.7 
0.962709 0.319755 212.295 0.0456752 1317.93 
0.996385 0.0312491 2388.57 0.0440236 9949 
0.885469 0.943559 68.1037 0.0444057 298.364 
0.985199 0.128404 557.935 0.0442804 2911.41 
0.961618 0.330055 214.36 0.0442804 1006.42 
0.962662 0.320215 209.275 0.0442804 1440.7 
0.916292 0.700681 87.7761 0.0442804 720.352 
0.625227 2.47629 15.1972 0.046058 90.395 
0.970365 0.254998 282.951 0.0440214 1236.67 
0.976561 0.202915 350.619 0.0442804 1799.22 
0.969646 0.261823 272.415 0.0442804 1292.75 
0.986914 0.112879 613.136 0.0444057 4037.04 
0.942096 0.49589 136.207 0.0442804 757.565 
0.990374 0.0833772 879.893 0.0442804 3998.59 
0.992089 0.0687275 1039.19 0.0440236 5836.59 
0.996678 0.0285679 2633.72 0.0442804 10206.6 
0.997248 0.0239285 3004.96 0.0440236 16677.6 
0.820753 1.41499 36.7085 0.0442804 352.79 
0.975833 0.208115 348.947 0.0442804 1515.13 
0.910774 0.751655 87.2367 0.0442804 441.049 
0.98384 0.140112 513.1 0.0442804 2583.7 
0.978826 0.18335 388.761 0.0444057 1999.3 
0.983353 0.144387 498.97 0.0440236 2474.63 
0.997621 0.0196009 3977.1 0.0442804 10695.9 
0.996697 0.0285342 2452.54 0.0442804 15994.4 
0.943733 0.482291 141.476 0.0440214 744.887 
0.971108 0.249675 282.951 0.0444057 1459.15 
0.978943 0.181913 380.62 0.0442804 2386.91 
0.960089 0.341446 209.275 0.0442804 891.149 
0.93334 0.568439 115.609 0.0442804 720.352 
0.817946 1.44554 36.7085 0.0444057 298.364 
0.941693 0.499033 136.207 0.0442804 720.352 
0.509488 2.83448 8.91095 0.0442804 106.488 
0.985785 0.122677 585.808 0.0460948 2911.41 
0.936055 0.544954 120.017 0.0444057 787.996 
0.99916 0.0059727 13563.6 0.0442804 19898 
0.995948 0.0351871 2083.38 0.0442804 9949 
0.958067 0.361176 190.31 0.0442804 1074.51 
0.901916 0.824402 77.3146 0.0442804 441.049 
0.955434 0.382405 175.31 0.0442804 1144.84 
0.979478 0.177676 395.456 0.0444057 2259.2 
0.96479 0.303313 233.536 0.0442804 1119.09 
0.993924 0.0525974 1337.21 0.0442804 8337.51 
0.914621 0.720882 87.7761 0.0442804 596.729 
0.937387 0.532459 121.578 0.0442804 862.653 
0.941693 0.499033 136.207 0.0442804 720.352 
0.951751 0.414458 165.88 0.0444057 883.319 
0.970127 0.258229 272.415 0.0442804 1440.7 
0.966659 0.287923 243.182 0.0442804 1292.75 
0.982711 0.14983 480.066 0.0442804 2386.91 
0.881665 0.980541 60.789 0.0442804 449.805 
0.926338 0.623083 104.292 0.0460948 637.911 
0.995105 0.0424608 1732.71 0.0442804 7997.18 
0.996521 0.0300823 2474.07 0.0442804 10524.4 
0.949658 0.43067 154.629 0.0448022 999.542 
0.959005 0.351381 190.31 0.0444057 1291.85 
0.95469 0.389806 175.31 0.0442804 1002.29 
0.997502 0.0216874 3390.9 0.0442804 15994.4 
0.978206 0.18879 375.62 0.0442804 1999.3 
0.990952 0.0780132 948.606 0.0448022 3998.59 
0.700748 2.13678 20.8471 0.0460948 118.665 
0.9733 0.231124 306.568 0.0440236 1585.89 
0.996031 0.0344726 2078.39 0.0442804 11673.2 
0.955894 0.37687 175.31 0.0442804 1255.28 
0.941693 0.499033 136.207 0.0442804 720.352 
0.931499 0.583075 111.848 0.0444057 720.352 
0.980335 0.170123 424.591 0.0442804 2004.57 
0.974778 0.215059 309.258 0.0442804 2386.91 
0.96002 0.341821 209.275 0.0442804 882.097 
0.935106 0.553897 121.591 0.0442804 646.375 
0.941693 0.499033 136.207 0.0442804 720.352 
0.911985 0.74314 87.6548 0.0442804 472.861 
0.99075 0.079183 948.466 0.0442804 3533.27 
0.90279 0.817585 77.3146 0.0442804 472.861 
0.995832 0.0362207 1990.81 0.0442804 10695.9 
0.991767 0.0714676 1018.39 0.0442804 4974.5 
0.998046 0.0169481 4358.64 0.0444057 19898 
0.997547 0.0213381 3390.9 0.0440236 18073.6 
0.970127 0.258229 272.415 0.0442804 1440.7 
0.979032 0.180801 380.62 0.0444057 2474.63 
0.957938 0.361325 187.81 0.0448022 1144.84 
0.987465 0.108792 657.431 0.0442804 3528.39 
0.840896 1.28758 43.6184 0.0442804 313.821 
0.973688 0.227584 308.311 0.0444057 1703.81 
0.931903 0.579086 111.848 0.0442804 757.565 
0.991488 0.0739285 972.729 0.0442804 5171 
0.945125 0.469377 146.834 0.0444057 720.352 
0.985592 0.123758 557.935 0.046058 3598.44 
0.996697 0.0285342 2452.54 0.0442804 15994.4 
0.968588 0.271409 256.55 0.0442804 1440.7 
0.911028 0.750058 87.2367 0.0442804 449.805 
0.916151 0.709999 91.1893 0.0442804 537.255 
0.991052 0.0777599 921.699 0.0440236 5021.13 
0.986566 0.116534 613.136 0.0444057 3285.63 
0.994683 0.0459732 1521.23 0.0440236 9893.36 
0.990129 0.0857703 837.099 0.0440236 4476.35 
0.925948 0.629672 104.637 0.0444057 596.729 
0.908641 0.763624 87.2367 0.0440236 378.783 
0.985279 0.127205 558.164 0.0456752 3030.26 
0.993973 0.0518644 1430.83 0.0456752 5959.1 
0.929496 0.600359 111.216 0.0442804 596.729 
0.940754 0.505408 136.207 0.0442804 646.375 
0.879871 0.997378 60.7956 0.0442804 393.289 
0.908323 0.769963 85.3486 0.0442804 412.196 
0.992366 0.0660845 1115.87 0.0442804 4946.68 
0.98254 0.151025 480.066 0.0444057 2238.18 
0.970127 0.258229 272.415 0.0442804 1440.7 
0.996488 0.0304859 2343.23 0.0444057 13428.4 
0.86864 1.07868 55.924 0.0456752 323.188 
0.955718 0.378587 174.473 0.0440214 1255.28 
0.978836 0.183215 380.62 0.0440236 2289.69 
0.992075 0.0688136 1039.19 0.0442804 5762.81 
0.894651 0.88037 72.4564 0.0442804 378.783 
0.998412 0.0135594 5609.91 0.0444057 19898 
0.992987 0.0609429 1194.29 0.0440236 5912.21 
0.97538 0.212807 331.759 0.0448022 1766.64 
0.936664 0.537778 128.275 0.0442804 572.422 
0.546 2.683 9.65174 0.0442804 180.088 
0.922114 0.654635 95.1549 0.0442804 757.565 
0.812539 1.47579 35.3689 0.0456752 294.665 
0.93528 0.552597 121.591 0.0442804 658.963 
0.89622 0.868984 71.1689 0.0442804 474.66 
0.976493 0.20344 350.619 0.0442804 1764.19 
0.934986 0.555175 121.578 0.0440214 637.911 
0.996218 0.032841 2231.74 0.0442804 10695.9 
0.970919 0.251451 278.967 0.0442804 1515.13 
0.996954 0.0263723 2674.42 0.0442804 16675 
0.723174 2.01965 21.1227 0.0442804 226.899 
0.838778 1.30397 43.6184 0.0442804 279.772 
0.955647 0.379948 175.31 0.0442804 1193.46 
0.928411 0.607608 111.216 0.0442804 537.255 
0.960729 0.336262 208.584 0.0460948 1006.42 
0.982987 0.147496 486.312 0.0442804 2473.34 
0.908641 0.763624 87.2367 0.0440236 378.783 
0.965996 0.293323 240.033 0.0444057 1215.3 
0.996104 0.0338 2179.32 0.0442804 10042.3 
0.982437 0.15228 467.146 0.0442804 2510.57 
0.92873 0.604859 111.848 0.0442804 537.255 
0.976399 0.204263 348.947 0.0442804 1764.19 
0.955647 0.379948 175.31 0.0442804 1193.46 
0.909551 0.763133 84.6781 0.0442804 472.861 
0.974382 0.22117 324.959 0.0442804 1515.13 
0.998014 0.0171528 4358.64 0.0442804 18073.6 
0.914199 0.724769 87.2367 0.0440236 596.729 
0.841463 1.2831 43.8274 0.0444057 313.821 
0.996521 0.0300823 2474.07 0.0442804 10524.4 
0.972439 0.238067 289.462 0.0440236 1799.22 
0.997337 0.0230034 3042.47 0.0442804 19898 
0.992675 0.0635363 1115.87 0.0442804 6571.26 
0.919391 0.68362 95.1549 0.0442804 559.544 
0.761221 1.80444 28.2807 0.0440236 145.351 
0.993464 0.0565294 1237.03 0.0440236 7997.18 
0.966292 0.291079 240.033 0.0442804 1291.85 
0.999018 0.00748112 10697.7 0.0442804 19898 
0.962427 0.323956 212.295 0.0442804 1236.67 
0.919632 0.682119 95.1549 0.0440236 572.422 
0.90279 0.817585 77.3146 0.0442804 472.861 
0.900163 0.830226 72.4564 0.0442804 596.729 
0.840896 1.28758 43.6184 0.0442804 313.821 
0.998789 0.00985625 7963.25 0.0442804 19898 
0.958153 0.359779 195.035 0.0442804 945.722 
0.97237 0.238625 299.282 0.0442804 1440.7 
0.990279 0.0843817 849.181 0.0444057 4579.38 
0.835224 1.32528 43.6184 0.0442804 236.43 
0.970833 0.251814 282.951 0.0442804 1368.06 
0.966383 0.290202 240.033 0.0444057 1317.93 
0.748219 1.84348 23.4519 0.0448022 307.742 
0.900163 0.830226 72.4564 0.0442804 596.729 
0.86864 1.07868 55.924 0.0456752 323.188 
0.996031 0.0344726 2078.39 0.0442804 11673.2 
0.975189 0.21477 328.716 0.0442804 1764.19 
0.995132 0.0421935 1679.67 0.0444057 10042.3 
0.983647 0.141753 505.933 0.0444057 2583.7 
0.879861 0.997456 60.789 0.0442804 393.289 
0.990838 0.0783409 960.132 0.0442804 3528.39 
0.937387 0.532459 121.578 0.0442804 862.653 
0.995948 0.0351871 2083.38 0.0442804 9949 
0.937075 0.536532 121.578 0.0440236 824.391 
0.929496 0.600359 111.216 0.0442804 596.729 
0.986699 0.115415 613.136 0.0440236 3533.27 
0.842456 1.27748 44.7107 0.0442804 290.703 
0.992996 0.060788 1171.62 0.0442804 6714.18 
0.927001 0.619967 104.292 0.0444057 684.029 
0.916196 0.701394 87.6548 0.0442804 720.352 
0.922946 0.646532 95.9624 0.0442804 786.578 
0.961181 0.334464 208.584 0.0444057 1084.27 
0.991693 0.0721267 995.406 0.0444057 5347.94 
0.99916 0.0059727 13563.6 0.0442804 19898 
0.844436 1.25069 43.6184 0.0442804 393.289 
0.844436 1.25069 43.6184 0.0442804 393.289 
0.985039 0.129298 565.903 0.0442804 2510.57 
0.988009 0.10338 715.416 0.0442804 2979.55 
0.998307 0.0145599 5184.12 0.0440236 19898 
0.653215 2.35038 15.1972 0.0442804 196.644 
0.85477 1.18675 49.7228 0.0442804 294.665 
0.994371 0.0486805 1522.48 0.0444057 6571.26 
0.779286 1.70296 30.3945 0.0442804 180.79 
0.989593 0.0903429 790.912 0.0442804 4337.07 
0.986788 0.11412 618.516 0.0456752 3528.39 
0.843843 1.2667 44.7107 0.0442804 313.821 
0.993899 0.0527998 1337.21 0.0448022 8074.08 
0.991777 0.0712938 1018.39 0.0448022 5021.13 
0.860635 1.14371 51.7074 0.0442804 323.188 
0.822165 1.37476 36.2282 0.0444057 445.575 
0.506107 2.84632 8.91095 0.0442804 98.1737 
0.976625 0.200086 335.908 0.0442804 2473.34 
0.935106 0.553897 121.591 0.0442804 646.375 
0.960607 0.33699 212.295 0.0442804 899.611 
0.835224 1.32528 43.6184 0.0442804 236.43 
0.920789 0.670593 95.1549 0.0442804 646.375 
0.845795 1.23519 43.8881 0.0448022 412.196 
0.998511 0.0126056 6084.93 0.0442804 19898 
0.965998 0.293101 233.573 0.0442804 1440.7 
0.996932 0.0264417 2654.07 0.0456752 16677.6 
0.993893 0.0529519 1337.21 0.0442804 7997.18 
0.993852 0.0532908 1327.04 0.0442804 7997.18 
0.996979 0.0262272 2804.95 0.0442804 13142.5 
0.981973 0.155291 447.392 0.0456752 2736.12 
0.991866 0.0706391 1026.2 0.0442804 5167.39 
0.990294 0.0840925 873.862 0.0440236 3933.58 
0.988337 0.101176 701.239 0.0442804 3998.59 
0.990852 0.0781837 866.354 0.0442804 6571.26 
0.996104 0.0338 2179.32 0.0442804 10042.3 
0.885051 0.953313 65.3286 0.0454678 360.176 
0.998307 0.0145599 5184.12 0.0440236 19898 
0.963863 0.312036 223.696 0.0440236 1193.46 
0.922332 0.650573 104.292 0.0456752 443.06 
0.994871 0.0443547 1581.82 0.0444057 10042.3 
0.997054 0.0250529 3044.96 0.0442804 10378.6 
0.974286 0.22187 309.258 0.0440236 1999.3 
0.994546 0.0473928 1522.48 0.0442804 8074.08 
0.97302 0.23334 299.282 0.0442804 1703.81 
0.960607 0.33699 212.295 0.0442804 899.611 
0.993167 0.059282 1194.29 0.0440236 7146.5 
0.909551 0.763133 84.6781 0.0442804 472.861 
0.993801 0.0538596 1337.21 0.0442804 7146.5 
0.920789 0.670593 95.1549 0.0442804 646.375 
0.472504 2.90453 8.52002 0.0442804 63.1354 
0.740591 1.8727 22.3554 0.0442804 326.679 
0.938557 0.524202 130.852 0.0440236 627.642 
0.873738 1.04468 57.8046 0.0442804 360.176 
0.996913 0.0267097 2633.72 0.0442804 16677.6 
0.994976 0.0436443 1679.67 0.0440236 7997.18 
0.925948 0.629672 104.637 0.0444057 596.729 
0.967666 0.277807 243.156 0.0442804 1648.78 
0.989233 0.0933949 761.239 0.0444057 4298.04 
0.977286 0.195844 350.619 0.0442804 2289.69 
0.818845 1.43711 36.7085 0.0442804 313.821 
0.970023 0.258493 276.054 0.0444057 1306.72 
0.958289 0.359147 190.31 0.0442804 1119.09 
0.895052 0.878845 70.7379 0.0442804 449.805 
0.928177 0.608222 109.987 0.0456752 559.544 
0.976041 0.20719 335.908 0.0442804 1999.3 
0.993766 0.0541384 1327.04 0.0444057 7196.89 
0.844947 1.24651 47.4257 0.0460948 237.33 
0.995336 0.0404462 1747.72 0.0440236 10695.9 
0.995163 0.0419761 1695.45 0.0442804 9893.36 
0.920039 0.677978 95.1549 0.0442804 596.729 
0.921285 0.665101 95.1549 0.0442804 684.029 
0.997621 0.0196009 3977.1 0.0442804 10695.9 
0.956552 0.373894 182.379 0.0442804 1074.51 
0.980816 0.165816 436.931 0.0444057 2018.52 
0.993042 0.0602859 1171.62 0.0444057 7066.55 
0.997894 0.0183012 3991.76 0.0444057 19797 
0.987001 0.11237 618.516 0.0440236 3998.59 
0.914819 0.717317 87.2367 0.0442804 637.911 
0.997463 0.0217751 3465.42 0.0444057 13142.5 
0.967544 0.279079 256.948 0.0442804 1144.84 
0.94723 0.452812 149.641 0.0442804 851.903 
0.990082 0.0858965 847.725 0.0448022 4037.04 
0.941693 0.499033 136.207 0.0442804 720.352 
0.881776 0.979367 60.789 0.0442804 453.797 
0.992802 0.0622026 1194.29 0.0440236 5021.13 
0.996824 0.0270971 2804.95 0.0442804 9893.36 
0.875685 1.02754 57.8046 0.0444057 411.731 
0.980418 0.169718 418.55 0.0442804 2238.18 
0.992452 0.0656086 1095.4 0.0440236 5912.21 
0.945404 0.467953 146.834 0.0440214 744.887 
0.994263 0.0492775 1395.79 0.0444057 9893.36 
0.729126 1.98938 21.8092 0.0442804 226.899 
0.918281 0.692 95.1549 0.0442804 505.448 
0.995047 0.0430554 1695.45 0.0440236 8337.51 
0.996802 0.027721 2674.42 0.0440236 11824.4 
0.954333 0.392827 175.31 0.0442804 945.722 
0.957749 0.363696 188.33 0.0444057 1084.27 
0.999153 0.00604428 13395.3 0.0442804 19898 
0.890293 0.909413 70.7379 0.0444057 326.679 
0.86727 1.09113 55.924 0.0442804 298.364 
0.998827 0.00945375 8333.51 0.0442804 19786.7 
0.816646 1.44985 36.7085 0.0460948 279.772 
0.993361 0.057634 1237.03 0.0442804 7056.78 
0.952586 0.404861 174.473 0.0442804 757.565 
0.947358 0.44988 154.629 0.0444057 720.352 
0.941371 0.501515 136.52 0.0440236 684.029 
0.958624 0.355817 190.31 0.0442804 1193.46 
0.939576 0.511955 136.207 0.0442804 572.422 
0.914366 0.722388 87.2367 0.0442804 607.649 
0.999099 0.00662202 12169.9 0.0442804 19898 
0.94723 0.452812 149.641 0.0442804 851.903 
0.928047 0.608777 111.848 0.0442804 505.448 
0.985907 0.121531 598.563 0.0456752 2736.12 
0.979201 0.179377 390.069 0.0456752 2238.18 
0.995407 0.0392305 1732.71 0.0444057 13142.5 
0.953013 0.404041 169.356 0.0442804 945.722 
0.895052 0.878845 70.7379 0.0442804 449.805 
0.814274 1.47545 36.7085 0.0444057 247.82 
0.975833 0.208115 348.947 0.0442804 1515.13 
0.998615 0.0115953 6674.68 0.0440236 19898 
0.848887 1.22976 47.5774 0.0442804 279.772 
0.992675 0.0635363 1115.87 0.0442804 6571.26 
0.933661 0.564811 120.017 0.0444057 596.729 
0.95043 0.42253 154.629 0.0440236 1144.84 
0.995509 0.0390497 1843.4 0.0440236 10042.3 
0.996982 0.0259737 2674.42 0.0448022 18073.6 
0.9953 0.0407106 1732.71 0.0442804 10695.9 
0.959005 0.351381 190.31 0.0444057 1291.85 
0.841976 1.27911 43.8274 0.0442804 323.188 
0.970127 0.258229 272.415 0.0442804 1440.7 
0.885469 0.943559 68.1037 0.0444057 298.364 
0.949204 0.436142 155.362 0.0442804 899.611 
0.99605 0.0342942 2083.38 0.0442804 11918.2 
0.987971 0.104185 675.624 0.0444057 4037.04 
0.964737 0.304269 230.425 0.0442804 1193.46 
0.918226 0.69214 95.1549 0.0444057 503.208 
0.995163 0.0419761 1695.45 0.0442804 9893.36 
0.979933 0.17382 402.545 0.0440236 2386.91 
0.978073 0.189521 380.62 0.0442804 1781.01 
0.992426 0.0657848 1089.66 0.0442804 5959.1 
0.940754 0.505408 136.207 0.0442804 646.375 
0.959005 0.351381 190.31 0.0444057 1291.85 
0.993658 0.0549152 1344.65 0.0442804 5959.1 
0.840896 1.28758 43.6184 0.0442804 313.821 
0.877507 1.0081 57.8046 0.0442804 474.66 
0.973556 0.227592 299.282 0.0442804 2004.57 
0.983173 0.145581 480.066 0.0444057 2911.41 
0.955557 0.38029 174.473 0.0442804 1215.3 
0.972413 0.238124 289.826 0.0444057 1772.24 
0.963117 0.316571 212.295 0.0442804 1440.7 
0.987665 0.10706 668.605 0.0442804 3573.25 
0.938419 0.526378 128.474 0.0442804 684.029 
0.935757 0.548205 120.017 0.0442804 757.565 
0.972588 0.236392 289.462 0.0440236 1882.36 
0.980973 0.163653 417.167 0.0442804 2881.41 
0.987179 0.11125 640.093 0.0442804 3533.27 
0.916151 0.709999 91.1893 0.0442804 537.255 
0.990318 0.083852 873.862 0.0444057 3998.59 
0.90279 0.817585 77.3146 0.0442804 472.861 
0.840896 1.28758 43.6184 0.0442804 313.821 
0.986902 0.11318 613.136 0.0440236 3998.59 
0.990303 0.083912 839.834 0.0448022 5021.13 
0.956851 0.370216 190.31 0.0442804 882.097 
0.993801 0.0538596 1337.21 0.0442804 7146.5 
0.995756 0.0367895 1920.26 0.0440236 11824.4 
0.996343 0.0316496 2222.99 0.0442804 14020.4 
0.895716 0.871669 73.417 0.0442804 378.783 
0.977623 0.193 375.62 0.0444057 1678.54 
0.997052 0.0250713 3042.47 0.0442804 10378.6 
0.990227 0.0844378 847.725 0.0460948 4476.35 
0.991108 0.0772228 921.699 0.0440236 5262.22 
0.998349 0.0141496 5348.84 0.0444057 19898 
0.99526 0.0411792 1745.52 0.0442804 9547.66 
0.995172 0.041878 1695.45 0.0442804 10042.3 
0.995166 0.041926 1695.45 0.0444057 9949 
0.997621 0.0196009 3977.1 0.0442804 10695.9 
0.479371 2.89393 8.11425 0.0442804 90.0439 
0.931182 0.58585 111.216 0.0442804 720.352 
0.991188 0.0762972 957.818 0.0448022 4476.35 
0.994822 0.044638 1555.04 0.0442804 10524.4 
0.962251 0.325566 212.295 0.0442804 1193.46 
0.979032 0.180879 380.62 0.0442804 2473.34 
0.996094 0.033864 2179.32 0.0442804 9893.36 
0.412426 2.96432 6.59257 0.0444057 65.715 
0.99839 0.0137575 5524.77 0.0442804 19786.7 
0.937917 0.529944 128.474 0.0442804 646.375 
0.945125 0.469377 146.834 0.0444057 720.352 
0.972689 0.234698 293.668 0.046058 1764.19 
0.942096 0.49589 136.207 0.0442804 757.565 
0.956987 0.369592 190.31 0.0440236 899.611 
0.998542 0.0117312 6697.63 0.0456752 15994.4 
0.995621 0.037991 1915.64 0.0448022 9547.66 
0.963745 0.312837 222.432 0.0442804 1206.82 
0.991505 0.0734067 972.729 0.046058 5271.7 
0.958067 0.361176 190.31 0.0442804 1074.51 
0.951495 0.416529 162.479 0.0444057 964.979 
0.997137 0.0246131 2804.95 0.0442804 19786.7 
0.921285 0.665101 95.1549 0.0442804 684.029 
0.98538 0.126829 565.903 0.0442804 2918.29 
0.987665 0.10706 668.605 0.0442804 3573.25 
0.797518 1.55111 36.2282 0.0444057 145.149 
0.998936 0.00832231 9554.28 0.0442804 19786.7 
0.922114 0.654635 95.1549 0.0442804 757.565 
0.917537 0.696863 95.1549 0.0442804 474.66 
0.993374 0.0569719 1316.86 0.0440236 5103.29 
0.938854 0.522986 128.474 0.0442804 720.352 
0.668315 2.30783 17.7922 0.0444057 113.449 
0.977131 0.197332 348.947 0.0442804 2238.18 
0.969643 0.261846 272.415 0.0442804 1291.85 
0.949005 0.437806 154.629 0.0442804 899.611 
0.909844 0.756079 87.2367 0.0448022 412.196 
0.958714 0.354851 190.31 0.0442804 1215.3 
0.920214 0.67634 95.1549 0.0442804 607.649 
0.927714 0.614061 106.148 0.0448022 658.963 
0.996113 0.0337202 2179.32 0.0444057 10206.6 
0.955557 0.38029 174.473 0.0442804 1215.3 
0.979018 0.18161 395.456 0.0442804 1929.96 
0.989992 0.0867992 839.834 0.0442804 3998.59 
0.829715 1.35969 41.6941 0.0460948 237.33 
0.977017 0.198531 348.947 0.0444057 2149.02 
0.991505 0.0734067 972.729 0.046058 5271.7 
0.649394 2.37775 15.0882 0.0442804 180.088 
0.967339 0.2811 243.182 0.0448022 1515.13 
0.91136 0.747285 87.6548 0.0442804 449.805 
0.840896 1.28758 43.6184 0.0442804 313.821 
0.839917 1.29576 43.7664 0.0442804 290.703 
0.961796 0.329411 209.275 0.0442804 1193.46 
0.999018 0.00748112 10697.7 0.0442804 19898 
0.898975 0.844812 76.5072 0.0442804 378.783 
0.952586 0.404861 174.473 0.0442804 757.565 
0.923964 0.641822 100.115 0.0460948 646.375 
0.863163 1.12249 51.7074 0.0442804 378.865 
0.946128 0.461586 144.731 0.0442804 899.611 
0.987146 0.111501 645.912 0.0444057 3285.63 
0.988193 0.102485 697.894 0.0442804 3764.72 
0.998083 0.0166165 4463.48 0.0442804 19786.7 
0.966292 0.291079 240.033 0.0442804 1291.85 
0.990214 0.0848853 837.099 0.0444057 4773.83 
0.989992 0.0867992 839.834 0.0442804 3998.59 
0.997552 0.0212385 3348.82 0.0442804 19898 
0.995407 0.0392305 1732.71 0.0444057 13142.5 
0.996884 0.0270777 2674.42 0.0444057 14020.4 
0.980418 0.169718 418.55 0.0442804 2238.18 
0.995407 0.0392305 1732.71 0.0444057 13142.5 
0.910774 0.751655 87.2367 0.0442804 441.049 
0.998619 0.0115542 6697.63 0.0442804 19898 
0.924886 0.630642 99.4457 0.0456752 757.565 
0.974752 0.215262 308.889 0.0442804 2386.91 
0.965571 0.296398 240.033 0.0442804 1119.09 
0.831414 1.35187 40.2372 0.0442804 323.188 
0.709994 2.08708 21.9137 0.0456752 118.665 
0.996824 0.0270971 2804.95 0.0442804 9893.36 
0.996591 0.029632 2474.07 0.0440236 11918.2 
0.493248 2.87081 8.52002 0.0442804 93.98 
0.989807 0.0881418 790.912 0.0440236 5103.29 
0.895667 0.873958 71.1689 0.0442804 453.797 
0.990373 0.0835484 847.725 0.0440236 4974.5 
0.929237 0.602209 111.216 0.0442804 581.405 
0.978533 0.185973 380.62 0.0442804 2057.12 
0.99819 0.0156446 4777.14 0.0442804 19898 
0.841402 1.28313 43.6184 0.0442804 323.188 
0.790476 1.62139 30.3945 0.0440236 294.307 
0.94415 0.478689 141.476 0.0442804 786.578 
0.915422 0.715631 91.1893 0.0442804 503.208 
0.976616 0.202487 348.947 0.0442804 1882.36 
0.882922 0.968209 65.4261 0.0442804 313.821 
0.493248 2.87081 8.52002 0.0442804 93.98 
0.966709 0.287511 243.182 0.0442804 1306.72 
0.943209 0.486508 139.484 0.0442804 757.565 
0.909979 0.752034 87.6548 0.046058 407.565 
0.895092 0.875484 73.5461 0.0440236 360.176 
0.997969 0.0176416 4166.75 0.0442804 19786.7 
0.851527 1.21093 47.5774 0.0442804 323.188 
0.858358 1.15444 51.7074 0.0456752 286.211 
0.929815 0.597669 111.848 0.0442804 596.729 
0.993319 0.0579744 1226.27 0.0442804 7124.05 
0.987001 0.11237 618.516 0.0440236 3998.59 
0.998269 0.0146026 5267.44 0.0442804 16677.6 
0.957356 0.365275 182.379 0.0442804 1255.28 
0.997185 0.024396 3042.47 0.0440236 13366.3 
0.997232 0.0240544 3004.96 0.0444057 15994.4 
0.985004 0.1296 565.903 0.0440214 2473.34 
0.895052 0.878845 70.7379 0.0442804 449.805 
0.939047 0.521362 128.275 0.0442804 744.887 
0.777156 1.71235 30.3945 0.0442804 168.207 
0.999153 0.00604428 13395.3 0.0442804 19898 
0.563684 2.66168 10.5613 0.0456752 156.246 
0.997381 0.0227579 3163.65 0.0442804 17348.3 
0.993464 0.0565294 1237.03 0.0440236 7997.18 
0.937917 0.529944 128.474 0.0442804 646.375 
0.96591 0.294262 240.033 0.0440236 1193.46 
0.840896 1.28758 43.6184 0.0442804 313.821 
0.87509 1.02829 60.789 0.0442804 294.665 
0.869646 1.07541 55.924 0.0444057 342.014 
0.99629 0.0320867 2318.06 0.0442804 9893.36 
0.982533 0.151394 474.233 0.0442804 2386.91 
0.998188 0.0156549 4777.14 0.0442804 19786.7 
0.982357 0.152963 467.146 0.0442804 2430.6 
0.965571 0.296398 240.033 0.0442804 1119.09 
0.986822 0.113777 618.516 0.0456752 3598.44 
0.912031 0.742818 87.6548 0.0442804 474.66 
0.966912 0.285131 240.033 0.0444057 1489.77 
0.94851 0.44237 154.155 0.0440236 851.903 
0.979365 0.178783 395.456 0.0442804 2168.53 
0.993321 0.0579462 1226.27 0.0442804 7146.5 
0.931076 0.587842 111.848 0.0440214 684.029 
0.969312 0.263709 273.041 0.0444057 1193.46 
0.937834 0.530651 128.275 0.0442804 645.924 
0.849624 1.22497 47.5774 0.0442804 290.703 
0.957938 0.361325 187.81 0.0448022 1144.84 
0.872315 1.05264 55.924 0.0444057 408.638 
0.936078 0.543962 125.746 0.0444057 596.729 
0.945107 0.470014 145.877 0.0444057 744.887 
0.998827 0.00945375 8333.51 0.0442804 19786.7 
0.957816 0.363178 190.31 0.0444057 1028.56 
0.995795 0.036538 1995.88 0.0442804 9898.52 
0.939918 0.51004 136.207 0.0444057 592.284 
0.947358 0.44988 154.629 0.0444057 720.352 
0.976899 0.199967 350.619 0.0442804 1999.3 
0.934226 0.560252 121.578 0.0440236 589.331 
0.875906 1.0247 60.789 0.0440236 307.742 
0.995395 0.0397126 1747.72 0.0440236 11918.2 
0.954741 0.38935 175.31 0.0442804 1010.9 
0.435135 2.95137 7.23528 0.0442804 65.715 
0.987551 0.108015 663.518 0.0444057 3505.1 
0.920669 0.67184 95.1549 0.0442804 637.911 
0.999151 0.0060641 13349.4 0.0442804 19898 
0.835224 1.32528 43.6184 0.0442804 236.43 
0.922638 0.650239 104.637 0.0444057 445.575 
0.973556 0.227592 299.282 0.0442804 2004.57 
0.985004 0.1296 565.903 0.0440214 2473.34 
0.946916 0.453914 153.014 0.0442804 720.352 
0.955434 0.382405 175.31 0.0442804 1144.84 
0.840896 1.28758 43.6184 0.0442804 313.821 
0.898201 0.850552 76.0003 0.0442804 372.443 
0.997052 0.0250713 3042.47 0.0442804 10378.6 
0.997137 0.0246131 2804.95 0.0442804 19786.7 
0.953829 0.396882 174.473 0.0442804 899.611 
0.969257 0.264297 272.415 0.0442804 1193.46 
0.977623 0.193 375.62 0.0444057 1678.54 
0.980593 0.167338 436.379 0.0442804 1891.44 
0.985713 0.123157 598.563 0.0442804 2510.57 
0.844297 1.25361 43.6184 0.0440236 389.064 
0.998269 0.0146026 5267.44 0.0442804 16677.6 
0.732967 1.98485 22.9936 0.0440236 180.088 
0.881821 0.979305 64.237 0.0440236 323.188 
0.978108 0.189283 380.62 0.0442804 1799.22 
0.422164 2.95786 7.23528 0.0440236 53.244 
0.993414 0.0569384 1226.27 0.0440236 7997.18 
0.980588 0.168167 418.55 0.0442804 2386.91 
0.912031 0.742818 87.6548 0.0442804 474.66 
0.949063 0.437279 154.629 0.0442804 907.595 
0.970127 0.258229 272.415 0.0442804 1440.7 
0.99378 0.0540043 1351.25 0.0442804 6571.26 
0.973879 0.225957 309.258 0.0442804 1764.19 
0.973119 0.232353 306.568 0.0442804 1515.13 
0.998329 0.0143477 5267.44 0.0442804 19898 
0.987665 0.10706 668.605 0.0442804 3573.25 
0.987798 0.105428 697.894 0.0442804 3030.26 
0.970833 0.251814 282.951 0.0442804 1368.06 
0.973452 0.229704 306.568 0.0442804 1652.48 
0.994212 0.0498105 1502.48 0.0444057 5959.1 
0.979032 0.180801 380.62 0.0444057 2474.63 
0.949005 0.437806 154.629 0.0442804 899.611 
0.903238 0.80994 77.0776 0.0456752 503.208 
0.935864 0.547885 121.578 0.0442804 705.581 
0.987001 0.11237 618.516 0.0440236 3998.59 
0.99378 0.0540043 1351.25 0.0442804 6571.26 
0.882928 0.966004 60.789 0.0442804 499.908 
0.91896 0.687048 95.1549 0.0442804 537.255 
0.994716 0.0455142 1522.48 0.0444057 10378.6 
0.987624 0.107332 675.624 0.0442804 3285.63 
0.988584 0.0980868 697.894 0.0442804 4946.68 
0.926798 0.622643 106.148 0.0444057 596.729 
0.690548 2.16189 17.7922 0.0448022 237.33 
0.957706 0.364188 190.31 0.0442804 1009.26 
0.986304 0.118603 613.136 0.0444057 2881.41 
0.871784 1.05817 55.924 0.0442804 393.289 
0.979032 0.180801 380.62 0.0444057 2474.63 
0.791247 1.6107 30.3945 0.0442804 307.742 
0.738416 1.95291 23.7128 0.0442804 180.088 
0.988798 0.0970903 751.214 0.0442804 3528.39 
0.937387 0.532459 121.578 0.0442804 862.653 
0.949328 0.434779 154.629 0.0442804 945.722 
0.996415 0.0310037 2343.23 0.0460948 11645.7 
0.969563 0.262241 273.041 0.0442804 1255.28 
0.948278 0.442457 149.641 0.0442804 1002.29 
0.911239 0.748051 87.6548 0.0442804 445.575 
0.914819 0.717317 87.2367 0.0442804 637.911 
0.996802 0.027721 2674.42 0.0440236 11824.4 
0.920789 0.670593 95.1549 0.0442804 646.375 
0.925948 0.629672 104.637 0.0444057 596.729 
0.992708 0.0630869 1111.49 0.0442804 7010.19 
0.819083 1.43556 36.7731 0.0442804 313.821 
0.997069 0.0249963 3042.47 0.0442804 10695.9 
0.539955 2.73735 9.65174 0.0442804 145.351 
0.997428 0.0221294 3390.9 0.0448022 13428.4 
0.948278 0.442457 149.641 0.0442804 1002.29 
0.966156 0.292188 240.033 0.0442804 1255.28 
0.994388 0.0485674 1502.48 0.0454678 7196.89 
0.997547 0.0213381 3390.9 0.0440236 18073.6 
0.987665 0.10706 668.605 0.0442804 3573.25 
0.944766 0.472366 144.913 0.0448022 741.441 
0.996326 0.0318782 2231.74 0.0442804 13142.5 
0.997552 0.0212385 3348.82 0.0442804 19898 
0.928485 0.607329 106.148 0.0442804 720.352 
0.914366 0.722388 87.2367 0.0442804 607.649 
0.984281 0.136294 519.596 0.0442804 2918.29 
0.953946 0.395789 175.31 0.0442804 891.149 
0.950747 0.419928 168.081 0.0442804 720.352 
0.948278 0.442457 149.641 0.0442804 1002.29 
0.948278 0.442457 149.641 0.0442804 1002.29 
0.980716 0.167262 424.591 0.0440236 2289.69 
0.995318 0.0406411 1747.72 0.0440236 10378.6 
0.847201 1.23341 45.481 0.0460948 342.014 
0.779286 1.70296 30.3945 0.0442804 180.79 
0.987381 0.109117 672.325 0.0442804 2979.55 
0.998827 0.00945375 8333.51 0.0442804 19786.7 
0.97227 0.238818 291.291 0.0456752 1652.48 
0.986054 0.121023 597.143 0.0440236 2956.1 
0.946639 0.457572 146.834 0.0442804 882.097 
0.996483 0.0305771 2388.57 0.0440236 11824.4 
0.897686 0.857301 72.4564 0.0444057 474.66 
0.997463 0.0217751 3465.42 0.0444057 13142.5 
0.915011 0.717007 87.6548 0.0440236 627.642 
0.997129 0.0247117 3042.47 0.0442804 11918.2 
0.882779 0.973811 64.237 0.0440236 342.014 
0.998997 0.00770732 10368.2 0.0440236 19898 
0.996381 0.0312532 2388.57 0.0442804 9893.36 
0.725694 2.01946 21.8092 0.0442804 196.644 
0.992708 0.0630869 1111.49 0.0442804 7010.19 
0.969059 0.267519 259.798 0.0440214 1489.77 
0.982574 0.150413 459.518 0.0442804 2979.55 
0.895052 0.878845 70.7379 0.0442804 449.805 
0.877099 1.01684 60.7956 0.0444057 329.481 
0.952586 0.404861 174.473 0.0442804 757.565 
0.993852 0.0532908 1327.04 0.0442804 7997.18 
0.996483 0.0305771 2388.57 0.0440236 11824.4 
0.954678 0.390206 175.31 0.0440236 999.648 
0.957416 0.364795 182.681 0.0442804 1255.28 
0.996149 0.0333136 2231.74 0.0442804 9547.66 
0.987665 0.10706 668.605 0.0442804 3573.25 
0.953887 0.396444 174.473 0.0442804 907.595 
0.949328 0.434779 154.629 0.0442804 945.722 
0.996893 0.0270272 2674.42 0.0440236 14293 
0.944542 0.474588 144.913 0.0442804 720.352 
0.977225 0.196563 350.619 0.0442804 2238.18 
0.965695 0.295769 240.033 0.0440214 1144.84 
0.929689 0.598371 111.848 0.0444057 589.331 
0.989071 0.0948378 761.239 0.0444057 3859.92 
0.989291 0.0928504 761.239 0.0442804 4476.35 
0.978659 0.184764 380.62 0.0444057 2149.02 
0.976899 0.199967 350.619 0.0442804 1999.3 
0.970708 0.252218 279.082 0.0456752 1440.7 
0.996141 0.0335215 2179.32 0.0442804 10695.9 
0.980588 0.168167 418.55 0.0442804 2386.91 
0.86727 1.09113 55.924 0.0442804 298.364 
0.914699 0.719798 87.6548 0.0442804 607.649 
0.965131 0.300854 233.573 0.0442804 1193.46 
0.998219 0.0146123 5348.84 0.0442804 14020.4 
0.996954 0.0263723 2674.42 0.0442804 16675 
0.955131 0.385056 174.473 0.0444057 1119.09 
0.993364 0.0575759 1237.03 0.0444057 7088.97 
0.897641 0.857718 72.4564 0.0444057 472.861 
0.726574 2.01481 21.9137 0.0442804 196.644 
0.958806 0.35414 190.31 0.0440236 1237.31 
0.777156 1.71235 30.3945 0.0442804 168.207 
0.996551 0.029914 2474.07 0.0440236 11069.8 
0.975189 0.21477 328.716 0.0442804 1764.19 
0.996521 0.0300823 2474.07 0.0442804 10524.4 
0.970507 0.253646 282.951 0.0448022 1275.82 
0.910774 0.751655 87.2367 0.0442804 441.049 
0.92875 0.604121 106.148 0.0444057 744.887 
0.941693 0.499033 136.207 0.0442804 720.352 
0.972588 0.236392 289.462 0.0440236 1882.36 
0.853282 1.19527 47.5774 0.0442804 360.176 
0.997069 0.0249963 3042.47 0.0442804 10695.9 
0.998349 0.0141496 5348.84 0.0444057 19898 
0.985318 0.126847 578.924 0.0440236 2510.57 
0.994089 0.051345 1388.35 0.0440236 7997.18 
0.939995 0.509784 136.207 0.0442804 596.729 
0.834626 1.32673 43.8274 0.0442804 224.903 
0.974629 0.219571 320.046 0.0442804 1766.64 
0.984876 0.131201 544.83 0.0442804 2881.41 
0.966086 0.292736 240.033 0.0442804 1237.31 
0.913975 0.727193 87.7761 0.0442804 559.544 
0.962342 0.32475 212.295 0.0442804 1215.3 
0.998188 0.0156549 4777.14 0.0442804 19786.7 
0.976277 0.205182 348.947 0.0442804 1703.81 
0.996483 0.0305771 2388.57 0.0440236 11824.4 
0.725694 2.01946 21.8092 0.0442804 196.644 
0.889226 0.923485 68.1037 0.0444057 372.443 
0.960607 0.33699 212.295 0.0442804 899.611 
0.807002 1.52483 35.3689 0.0442804 224.903 
0.999277 0.00470089 17413.8 0.0440236 19898 
0.970333 0.25646 272.415 0.0442804 1515.13 
0.935621 0.549302 120.017 0.0444057 744.887 
0.573122 2.56426 10.5613 0.0442804 226.899 
0.983941 0.13914 519.596 0.0442804 2510.57 
0.885469 0.943559 68.1037 0.0444057 298.364 
0.924056 0.64063 99.4457 0.0456752 684.029 
0.936579 0.538065 119.391 0.0442804 882.097 
0.956851 0.370216 190.31 0.0442804 882.097 
0.985649 0.123688 597.143 0.0440236 2473.34 
0.973119 0.232353 306.568 0.0442804 1515.13 
0.984946 0.130581 544.83 0.0442804 2979.55 
0.993305 0.0581178 1226.27 0.0442804 7010.19 
0.992232 0.0673182 1089.66 0.0444057 5021.13 
0.996455 0.0307939 2318.06 0.0440236 13428.4 
0.992987 0.0609429 1194.29 0.0440236 5912.21 
0.700075 2.14604 19.0965 0.0448022 194.532 
0.995654 0.0377686 1920.26 0.0442804 9898.52 
0.995654 0.0377686 1920.26 0.0442804 9898.52 
0.948278 0.442457 149.641 0.0442804 1002.29 
0.952586 0.404861 174.473 0.0442804 757.565 
0.998269 0.0146026 5267.44 0.0442804 16677.6 
0.970127 0.258229 272.415 0.0442804 1440.7 
0.851527 1.21093 47.5774 0.0442804 323.188 
0.992452 0.0656086 1095.4 0.0440236 5912.21 
0.99619 0.0331137 2179.32 0.0442804 11673.2 
0.995654 0.0377686 1920.26 0.0442804 9898.52 
0.91896 0.687048 95.1549 0.0442804 537.255 
0.87907 1.0045 60.789 0.0440236 372.443 
0.979949 0.172349 395.456 0.0444057 2736.12 
0.94401 0.479925 142.338 0.0440214 744.887 
0.959058 0.350738 190.31 0.0444057 1306.72 
0.998307 0.0145599 5184.12 0.0440236 19898 
0.91166 0.746355 87.2367 0.0440236 472.861 
0.966981 0.284497 240.033 0.0442804 1515.13 
0.97152 0.245734 278.967 0.0440236 1781.01 
0.989473 0.0913811 790.912 0.0442804 3998.59 
0.963055 0.318671 216.589 0.0442804 1237.31 
0.960528 0.340054 201.273 0.0442804 1193.46 
0.970264 0.256979 272.415 0.0444057 1489.77 
0.986425 0.117658 597.143 0.0440236 3598.44 
0.843077 1.26915 43.8881 0.0442804 342.014 
0.974111 0.223638 309.258 0.0442804 1891.44 
0.978659 0.184764 380.62 0.0444057 2149.02 
0.982357 0.152963 467.146 0.0442804 2430.6 
0.885469 0.943559 68.1037 0.0444057 298.364 
0.865141 1.10935 53.0738 0.0442804 360.176 
0.996521 0.0300823 2474.07 0.0442804 10524.4 
0.986376 0.118197 613.136 0.0440236 2979.55 
0.969257 0.264297 272.415 0.0442804 1193.46 
0.942096 0.49589 136.207 0.0442804 757.565 
0.971715 0.244026 281.63 0.0442804 1764.19 
0.942096 0.49589 136.207 0.0442804 757.565 
0.992747 0.0626931 1115.87 0.0444057 7124.05 
0.995802 0.0363455 1990.81 0.0456752 10206.6 
0.970127 0.258229 272.415 0.0442804 1440.7 
0.865141 1.10935 53.0738 0.0442804 360.176 
0.809079 1.51131 35.5844 0.0442804 237.33 
0.997823 0.0189353 3840.53 0.0440236 19797 
0.998619 0.0115542 6697.63 0.0442804 19898 
0.987845 0.104991 701.239 0.0442804 3030.26 
0.819272 1.42216 36.2282 0.0442804 360.176 
0.983096 0.146591 486.365 0.0442804 2585.5 
0.86194 1.13213 53.0738 0.0444057 298.364 
0.886401 0.939564 68.1037 0.0442804 313.821 
0.97405 0.224435 310.725 0.0442804 1799.22 
0.366982 2.96764 5.75537 0.0448022 53.244 
0.999153 0.00604428 13395.3 0.0442804 19898 
0.981049 0.162924 418.55 0.0442804 2911.41 
0.98871 0.0976915 751.239 0.0442804 3357.09 
0.621598 2.48468 15.1972 0.0456752 84.1033 
0.976899 0.199967 350.619 0.0442804 1999.3 
0.90279 0.817585 77.3146 0.0442804 472.861 
0.944757 0.473405 140.815 0.0440214 882.097 
0.72752 1.99361 21.8092 0.046058 212.976 
0.998997 0.00770732 10368.2 0.0440236 19898 
0.839763 1.29676 43.6184 0.0442804 294.665 
0.867532 1.08525 53.0738 0.0444057 425.952 
0.970365 0.254998 282.951 0.0440214 1236.67 
0.998209 0.015467 4839.43 0.0442804 19898 
0.941693 0.499033 136.207 0.0442804 720.352 
0.91278 0.737843 87.6548 0.0440236 505.448 
0.953725 0.397355 175.31 0.0442804 862.653 
0.956386 0.374329 187.804 0.0442804 882.097 
0.900586 0.830087 73.417 0.0444057 559.544 
0.994599 0.0468785 1522.48 0.0444057 8674.13 
0.991549 0.0730661 972.729 0.0456752 5472.23 
0.959518 0.34436 209.275 0.0442804 821.408 
0.998439 0.0128224 6084.93 0.0448022 16184.8 
0.986054 0.121023 597.143 0.0440236 2956.1 
0.91136 0.747285 87.6548 0.0442804 449.805 
0.928485 0.607329 106.148 0.0442804 720.352 
0.83531 1.32483 43.6184 0.0442804 237.33 
0.858358 1.15444 51.7074 0.0456752 286.211 
0.913879 0.727956 87.6548 0.0442804 559.544 
0.957275 0.36728 190.31 0.0444057 941.181 
0.998631 0.0113898 6781.8 0.0460948 19898 
0.989246 0.0932685 761.239 0.0444057 4337.07 
0.987809 0.105332 663.518 0.0448022 4114.23 
0.967274 0.282243 243.156 0.0442804 1489.77 
0.635579 2.45653 15.1972 0.0442804 113.449 
0.997014 0.0255159 2674.42 0.0448022 19898 
0.943131 0.486571 140.815 0.0442804 710.664 
0.978712 0.184212 390.069 0.0442804 1891.44 
0.933661 0.564811 120.017 0.0444057 596.729 
0.979139 0.179709 380.62 0.0440236 2583.7 
0.983129 0.146305 487.493 0.0442804 2585.5 
0.997052 0.0250713 3042.47 0.0442804 10378.6 
0.982234 0.154027 460.85 0.0442804 2510.57 
0.95307 0.401521 175.31 0.0442804 787.996 
0.973209 0.231484 299.282 0.0442804 1799.22 
0.914366 0.722388 87.2367 0.0442804 607.649 
0.96632 0.290699 242.073 0.0442804 1236.67 
0.914199 0.724769 87.2367 0.0440236 596.729 
0.816394 1.4543 38.6249 0.0442804 203.782 
0.995297 0.0408235 1747.72 0.0442804 10042.3 
0.834265 1.33002 43.6184 0.0442804 226.899 
0.996795 0.0277497 2674.42 0.0442804 11673.2 
0.989233 0.0933949 761.239 0.0444057 4298.04 
0.980588 0.168167 418.55 0.0442804 2386.91 
0.90279 0.817585 77.3146 0.0442804 472.861 
0.997939 0.0176931 4276.48 0.0440236 15994.4 
0.931651 0.581089 111.349 0.0442804 757.565 
0.997137 0.0246131 2804.95 0.0442804 19786.7 
0.993801 0.0538596 1337.21 0.0442804 7146.5 
0.885469 0.943559 68.1037 0.0444057 298.364 
0.980479 0.169177 418.55 0.0442804 2289.69 
0.973556 0.227592 299.282 0.0442804 2004.57 
0.963021 0.319047 219.973 0.0440236 1119.09 
0.993355 0.0576919 1237.03 0.0442804 7010.19 
0.997137 0.0246131 2804.95 0.0442804 19786.7 
0.988281 0.101705 701.239 0.0442804 3859.92 
0.844436 1.25069 43.6184 0.0442804 393.289 
0.981027 0.163215 418.55 0.0442804 2881.41 
0.997786 0.0192231 3831.27 0.0442804 17905.4 
0.998997 0.00770732 10368.2 0.0440236 19898 
0.996884 0.0270777 2674.42 0.0444057 14020.4 
0.995352 0.0402528 1843.4 0.0440236 7997.18 
0.997209 0.02422 3044.96 0.0442804 14020.4 
0.976531 0.203293 350.619 0.0440236 1782.3 
0.997265 0.0236805 3044.96 0.0456752 16148.2 
0.996913 0.0267097 2633.72 0.0442804 16677.6 
0.998631 0.0113898 6781.8 0.0460948 19898 
0.893886 0.885442 72.4564 0.0440236 360.176 
0.945537 0.467004 146.834 0.0440214 757.565 
0.648929 2.37868 15.1972 0.0456752 168.207 
0.99134 0.0752151 960.132 0.0442804 4949.26 
0.921285 0.665101 95.1549 0.0442804 684.029 
0.999056 0.0070806 11339.6 0.0442804 19898 
0.958414 0.358233 190.31 0.0440236 1144.84 
0.994983 0.0432978 1695.45 0.046058 7719.83 
0.985907 0.121531 598.563 0.0456752 2736.12 
0.886401 0.939564 68.1037 0.0442804 313.821 
0.983232 0.145358 486.365 0.0442804 2743.16 
0.916292 0.700681 87.7761 0.0442804 720.352 
0.980913 0.165301 424.591 0.0442804 2473.34 
0.996795 0.0277497 2674.42 0.0442804 11673.2 
0.998391 0.0137038 5524.77 0.0460948 19898 
0.978943 0.181913 380.62 0.0442804 2386.91 
0.890033 0.917973 68.1037 0.0444057 393.289 
0.936041 0.546348 121.591 0.0442804 720.352 
0.98384 0.140112 513.1 0.0442804 2583.7 
0.938151 0.526512 130.657 0.0442804 606.51 
0.996581 0.0296817 2474.07 0.0442804 11716.7 
0.981223 0.162727 439.947 0.0442804 2238.18 
0.504082 2.85239 8.91095 0.0442804 93.7422 
0.967829 0.275723 243.156 0.0442804 1725.31 
0.953013 0.404041 169.356 0.0442804 945.722 
0.97237 0.238625 299.282 0.0442804 1440.7 
0.998188 0.0156549 4777.14 0.0442804 19786.7 
0.992482 0.0650311 1115.87 0.0456752 5472.23 
0.968861 0.268497 265.531 0.0442804 1255.28 
0.998269 0.0146026 5267.44 0.0442804 16677.6 
0.93708 0.535246 128.275 0.0444057 596.729 
0.833842 1.33542 40.9018 0.0440236 329.813 
0.953946 0.395789 175.31 0.0442804 891.149 
0.944972 0.471651 141.476 0.0440214 882.097 
0.966444 0.289618 243.156 0.0442804 1236.67 
0.980224 0.170974 406.496 0.0442804 2510.57 
0.971973 0.240906 299.282 0.0448022 1317.93 
0.989516 0.0910236 790.912 0.0442804 4114.23 
0.974286 0.22187 309.258 0.0440236 1999.3 
0.996563 0.0297462 2452.54 0.0456752 11918.2 
0.997623 0.0195804 3981.63 0.0442804 10695.9 
0.993978 0.0513593 1316.86 0.0442804 10206.6 
0.996328 0.0318441 2318.06 0.0442804 10524.4 
0.996954 0.0263723 2674.42 0.0442804 16675 
0.993121 0.0596218 1237.03 0.0440236 5534.91 
0.851527 1.21093 47.5774 0.0442804 323.188 
0.950308 0.426886 160.023 0.0442804 883.319 
0.98681 0.1139 618.516 0.0456752 3573.25 
0.985177 0.128587 557.935 0.0442804 2881.41 
0.839489 1.29695 43.8881 0.0448022 279.772 
0.994436 0.0482652 1522.48 0.0442804 7056.78 
0.979714 0.175288 395.456 0.0442804 2474.63 
0.958117 0.36073 190.31 0.0442804 1084.27 
0.946362 0.459572 149.641 0.0442804 757.565 
0.987742 0.106193 663.518 0.0444057 3933.58 
0.98853 0.0982585 761.239 0.0442804 2881.41 
0.975833 0.208115 348.947 0.0442804 1515.13 
0.991488 0.0739285 972.729 0.0442804 5171 
0.992232 0.0673182 1089.66 0.0444057 5021.13 
0.87509 1.02829 60.789 0.0442804 294.665 
0.99757 0.0210909 3495.45 0.0442804 16184.8 
0.989003 0.0954691 751.239 0.0442804 3998.59 
0.987596 0.107612 663.518 0.0444057 3598.44 
0.986788 0.11412 618.516 0.0456752 3528.39 
0.994263 0.0493475 1521.23 0.0440236 5912.21 
0.725694 2.01946 21.8092 0.0442804 196.644 
0.955207 0.384221 174.473 0.0444057 1135.28 
0.989141 0.0942774 761.239 0.0442804 4037.04 
0.90279 0.817585 77.3146 0.0442804 472.861 
0.998936 0.00832231 9554.28 0.0442804 19786.7 
0.957648 0.364641 190.31 0.0442804 999.542 
0.94984 0.429767 154.629 0.0440236 1028.56 
0.996574 0.0297359 2388.57 0.0440236 14293 
0.996483 0.0305771 2388.57 0.0440236 11824.4 
0.973209 0.231484 299.282 0.0442804 1799.22 
0.994803 0.0451529 1581.82 0.0440236 9036.8 
0.835796 1.32102 43.8274 0.0442804 236.43 
0.91166 0.746355 87.2367 0.0440236 472.861 
0.954459 0.391793 175.31 0.0442804 964.979 
0.975833 0.208115 348.947 0.0442804 1515.13 
0.90279 0.817585 77.3146 0.0442804 472.861 
0.99841 0.0135702 5609.91 0.0442804 19786.7 
0.966156 0.292188 240.033 0.0442804 1255.28 
0.996678 0.0285679 2633.72 0.0442804 10206.6 
0.997414 0.0224222 3163.65 0.0442804 19095.3 
0.840098 1.29541 43.8274 0.0440236 290.703 
0.947092 0.453048 146.834 0.0442804 945.722 
0.996326 0.0318782 2231.74 0.0442804 13142.5 
0.993801 0.0538596 1337.21 0.0442804 7146.5 
0.96002 0.341821 209.275 0.0442804 882.097 
0.996521 0.0300823 2474.07 0.0442804 10524.4 
0.989291 0.0928504 761.239 0.0442804 4476.35 
0.937834 0.530651 128.275 0.0442804 645.924 
0.992987 0.0609429 1194.29 0.0440236 5912.21 
0.992976 0.0609859 1171.62 0.0442804 6571.26 
0.988281 0.101705 701.239 0.0442804 3859.92 
0.834265 1.33002 43.6184 0.0442804 226.899 
0.956851 0.370216 190.31 0.0442804 882.097 
0.998436 0.0129486 6009.92 0.0442804 16677.6 
0.997786 0.0192231 3831.27 0.0442804 17905.4 
0.934829 0.555892 121.578 0.0442804 627.642 
0.971933 0.242398 293.668 0.0444057 1440.7 
0.837527 1.31223 43.6184 0.0442804 262.86 
0.975244 0.214059 324.959 0.0442804 1929.96 
0.90099 0.82964 77.3146 0.0448022 412.196 
0.905007 0.799689 80.1373 0.0442804 453.797 
0.965221 0.300152 233.573 0.0442804 1215.3 
0.968148 0.275008 256.948 0.0442804 1292.75 
0.999238 0.00512135 15926.5 0.0442804 19898 
0.882779 0.973811 64.237 0.0440236 342.014 
0.966775 0.286656 240.033 0.0442804 1440.7 
0.97961 0.175448 395.456 0.046058 2386.91 
0.957706 0.364188 190.31 0.0442804 1009.26 
0.976561 0.202915 350.619 0.0442804 1799.22 
0.867014 1.09257 55.924 0.0442804 294.307 
0.98917 0.0940234 761.239 0.0442804 4114.23 
0.925998 0.629118 103.415 0.0442804 646.375 
0.955557 0.38029 174.473 0.0442804 1215.3 
0.775203 1.72124 27.962 0.0442804 262.86 
0.990294 0.0840925 873.862 0.0440236 3933.58 
0.99287 0.0618412 1171.62 0.0448022 5912.21 
0.99342 0.0567859 1226.27 0.0444057 8074.08 
0.94273 0.49035 136.207 0.0442804 824.391 
0.969961 0.25948 273.041 0.0442804 1368.06 
0.989723 0.0890386 790.912 0.0442804 4773.83 
0.958067 0.361176 190.31 0.0442804 1074.51 
0.996521 0.0300823 2474.07 0.0442804 10524.4 
0.99909 0.00670233 12019.8 0.0442804 19786.7 
0.997621 0.0196009 3977.1 0.0442804 10695.9 
0.975833 0.208115 348.947 0.0442804 1515.13 
0.986425 0.117658 597.143 0.0440236 3598.44 
0.943021 0.48688 141.476 0.0442804 684.029 
0.976561 0.202915 350.619 0.0442804 1799.22 
0.978593 0.185099 375.62 0.0442804 2289.69 
0.992366 0.0660845 1115.87 0.0442804 4946.68 
0.91136 0.747285 87.6548 0.0442804 449.805 
0.926977 0.621439 106.148 0.0442804 607.649 
0.996519 0.0302777 2388.57 0.0440236 12687.1 
0.805338 1.53056 34.9698 0.0456752 224.903 
0.98958 0.0904337 790.912 0.0444057 4298.04 
0.93334 0.568439 115.609 0.0442804 720.352 
0.911081 0.749718 87.2367 0.0442804 451.672 
0.992646 0.0639248 1131.81 0.0440236 5836.59 
0.99841 0.0135702 5609.91 0.0442804 19786.7 
0.912031 0.742818 87.6548 0.0442804 474.66 
0.967274 0.282243 243.156 0.0442804 1489.77 
0.955894 0.37687 175.31 0.0442804 1255.28 
0.969961 0.25948 273.041 0.0442804 1368.06 
0.885469 0.943559 68.1037 0.0444057 298.364 
0.93334 0.568439 115.609 0.0442804 720.352 
0.957706 0.364188 190.31 0.0442804 1009.26 
0.875906 1.0247 60.789 0.0440236 307.742 
0.99134 0.0752151 960.132 0.0442804 4949.26 
0.955557 0.38029 174.473 0.0442804 1215.3 
0.996678 0.0285679 2633.72 0.0442804 10206.6 
0.493248 2.87081 8.52002 0.0442804 93.98 
0.867014 1.09257 55.924 0.0442804 294.307 
0.987465 0.108792 657.431 0.0442804 3528.39 
0.646687 2.39495 15.1972 0.0456752 155.913 
0.996113 0.0337202 2179.32 0.0444057 10206.6 
0.970127 0.258229 272.415 0.0442804 1440.7 
0.953702 0.398093 174.473 0.0440236 882.097 
0.829715 1.35969 41.6941 0.0460948 237.33 
0.67334 2.28117 18.3542 0.0442804 110.262 
0.994636 0.0466079 1555.04 0.0442804 7997.18 
0.994444 0.0482065 1522.48 0.0442804 7124.05 
0.98262 0.150164 460.85 0.0440236 2979.55 
0.994714 0.0459316 1581.82 0.0442804 7997.18 
0.93345 0.567922 116.768 0.0442804 684.029 
0.838778 1.30397 43.6184 0.0442804 279.772 
0.988832 0.0968428 751.239 0.0442804 3598.44 
0.990384 0.0832621 849.181 0.0448022 4974.5 
0.840896 1.28758 43.6184 0.0442804 313.821 
0.978238 0.187273 390.069 0.0442804 1648.78 
0.729126 1.98938 21.8092 0.0442804 226.899 
0.954061 0.394878 175.552 0.0442804 899.611 
0.993305 0.0581178 1226.27 0.0442804 7010.19 
0.948278 0.442457 149.641 0.0442804 1002.29 
0.995951 0.0350047 2083.38 0.046058 10042.3 
0.966659 0.287923 243.182 0.0442804 1292.75 
0.987783 0.105798 663.518 0.0442804 4037.04 
0.996031 0.0344726 2078.39 0.0442804 11673.2 
0.998556 0.0116193 6781.8 0.0442804 15994.4 
0.99075 0.079183 948.466 0.0442804 3533.27 
0.999018 0.00748112 10697.7 0.0442804 19898 
0.978943 0.181913 380.62 0.0442804 2386.91 
0.961887 0.328576 209.275 0.0442804 1215.3 
0.454458 2.91246 7.23528 0.0448022 97.2659 
0.997623 0.0195804 3981.63 0.0442804 10695.9 
0.986459 0.117435 618.516 0.0440236 2956.1 
0.952586 0.404861 174.473 0.0442804 757.565 
0.789864 1.62992 32.6643 0.0448022 180.088 
0.920789 0.670593 95.1549 0.0442804 646.375 
0.997052 0.0250713 3042.47 0.0442804 10378.6 
0.986729 0.11502 613.136 0.0442804 3598.44 
0.99526 0.0411792 1745.52 0.0442804 9547.66 
0.959058 0.350738 190.31 0.0444057 1306.72 
0.820753 1.41499 36.7085 0.0442804 352.79 
0.984174 0.137122 526.086 0.0444057 2583.7 
0.997052 0.0250713 3042.47 0.0442804 10378.6 
0.993801 0.0538596 1337.21 0.0442804 7146.5 
0.970333 0.25646 272.415 0.0442804 1515.13 
0.979108 0.179953 380.62 0.0442804 2551.64 
0.972439 0.238067 289.462 0.0440236 1799.22 
0.98384 0.140112 513.1 0.0442804 2583.7 
0.996913 0.0267097 2633.72 0.0442804 16677.6 
0.948278 0.442457 149.641 0.0442804 1002.29 
0.935523 0.550702 121.578 0.0442804 677.892 
0.996361 0.031546 2343.23 0.0442804 10524.4 
0.856423 1.17506 49.7228 0.0442804 323.188 
0.689627 2.17728 17.7922 0.0442804 226.899 
0.984624 0.132705 552.96 0.0442804 2386.91 
0.991052 0.0777599 921.699 0.0440236 5021.13 
0.995325 0.0405877 1759.79 0.0442804 10042.3 
0.992855 0.0620264 1171.62 0.0444057 5822.83 
0.98557 0.124786 585.808 0.0442804 2631.11 
0.949204 0.436142 155.362 0.0442804 899.611 
0.99521 0.0414526 1695.45 0.0442804 10695.9 
0.962639 0.32189 212.295 0.0442804 1292.75 
0.980913 0.165301 424.591 0.0442804 2473.34 
0.995182 0.0417567 1695.45 0.0444057 10206.6 
0.994866 0.0444689 1581.82 0.0440236 9949 
0.983096 0.146591 486.365 0.0442804 2585.5 
0.959005 0.351381 190.31 0.0444057 1291.85 
0.994774 0.0454023 1581.82 0.0442804 8674.13 
0.863163 1.12249 51.7074 0.0442804 378.865 
0.984562 0.133598 544.83 0.0442804 2510.57 
0.950378 0.426151 161.281 0.0442804 851.903 
0.834265 1.33002 43.6184 0.0442804 226.899 
0.997052 0.0250713 3042.47 0.0442804 10378.6 
0.931903 0.579086 111.848 0.0442804 757.565 
0.689627 2.17728 17.7922 0.0442804 226.899 
0.996214 0.0329245 2190.81 0.0440236 11824.4 
0.982711 0.14983 480.066 0.0442804 2386.91 
0.993121 0.0596218 1237.03 0.0440236 5534.91 
0.932687 0.574021 116.787 0.0442804 627.642 
0.616644 2.5307 13.5861 0.0440236 131.43 
0.997621 0.0196009 3977.1 0.0442804 10695.9 
0.625227 2.47629 15.1972 0.046058 90.395 
0.98913 0.0943695 761.239 0.0442804 4009.14 
0.986054 0.121023 597.143 0.0440236 2956.1 
0.52508 2.8041 9.50125 0.0442804 106.488 
0.941963 0.496956 136.207 0.0442804 744.887 
0.935757 0.548205 120.017 0.0442804 757.565 
0.962251 0.325566 212.295 0.0442804 1193.46 
0.820753 1.41499 36.7085 0.0442804 352.79 
0.94723 0.452812 149.641 0.0442804 851.903 
0.990071 0.0861524 847.725 0.0440236 3998.59 
0.986227 0.119494 595.372 0.0442804 3285.63 
0.996277 0.0323431 2231.74 0.0444057 11918.2 
0.987675 0.106817 668.605 0.0448022 3598.44 
0.992075 0.0688136 1039.19 0.0442804 5762.81 
0.972509 0.23762 299.282 0.0442804 1489.77 
0.963323 0.313964 212.295 0.0442804 1515.13 
0.993361 0.057634 1237.03 0.0442804 7056.78 
0.996521 0.0300823 2474.07 0.0442804 10524.4 
0.827988 1.36875 41.6941 0.0460948 220.524 
0.999018 0.00748112 10697.7 0.0442804 19898 
0.94059 0.506099 136.52 0.0442804 627.642 
0.883013 0.965844 60.789 0.0440236 503.208 
0.992579 0.0645123 1115.87 0.0440236 5959.1 
0.997623 0.0195804 3981.63 0.0442804 10695.9 
0.892946 0.895051 70.4936 0.0442804 393.289 
0.933661 0.564811 120.017 0.0444057 596.729 
0.965221 0.300152 233.573 0.0442804 1215.3 
0.968148 0.275008 256.948 0.0442804 1292.75 
0.999018 0.00748112 10697.7 0.0442804 19898 
0.980737 0.166387 436.931 0.0442804 1966.79 
0.986606 0.116176 613.136 0.0444057 3357.09 
0.98182 0.156737 467.072 0.0442804 2004.57 
0.929815 0.597669 111.848 0.0442804 596.729 
0.984876 0.131201 544.83 0.0442804 2881.41 
0.952455 0.408681 168.34 0.0442804 899.611 
0.983904 0.139357 519.596 0.0444057 2474.63 
0.996483 0.0305771 2388.57 0.0440236 11824.4 
0.857378 1.16826 49.7228 0.0440236 342.014 
0.993725 0.0545093 1316.86 0.0442804 7196.89 
0.96015 0.341004 209.275 0.0444057 899.611 
0.900163 0.830226 72.4564 0.0442804 596.729 
0.916151 0.709999 91.1893 0.0442804 537.255 
0.972912 0.233815 306.568 0.0442804 1440.7 
0.995832 0.0362207 1990.81 0.0442804 10695.9 
0.959058 0.350738 190.31 0.0444057 1306.72 
0.996483 0.0305771 2388.57 0.0440236 11824.4 
0.945107 0.470014 145.877 0.0444057 744.887 
0.993266 0.0585306 1226.27 0.0440236 6714.18 
0.994225 0.049645 1402.48 0.0460948 9036.8 
0.992348 0.0664311 1092.16 0.0444057 5472.23 
0.922114 0.654635 95.1549 0.0442804 757.565 
0.991932 0.0690321 1089.66 0.0444057 4037.04 
0.996546 0.0300252 2388.57 0.0440236 13428.4 
0.97141 0.247219 282.951 0.0442804 1573.16 
0.989423 0.091428 761.239 0.0440214 4949.26 
0.985249 0.128071 557.935 0.0440236 2979.55 
0.984794 0.13195 546.081 0.0440236 2736.12 
0.986027 0.12111 598.563 0.0442804 2881.41 
0.967134 0.282656 240.033 0.0444057 1575.99 
0.879871 0.997378 60.7956 0.0442804 393.289 
0.987798 0.105428 697.894 0.0442804 3030.26 
0.990014 0.0864877 847.725 0.0442804 3859.92 
0.990082 0.0858965 847.725 0.0448022 4037.04 
0.845219 1.24418 47.5774 0.0460948 236.43 
0.709238 2.09719 21.8092 0.0442804 118.665 
0.995729 0.0371185 1945.46 0.0442804 10342 
0.988593 0.0977085 702.209 0.0460948 4773.83 
0.996551 0.029914 2474.07 0.0440236 11069.8 
0.910899 0.751465 84.0406 0.0442804 559.544 
0.993973 0.0518644 1430.83 0.0456752 5959.1 
0.872428 1.05247 58.3933 0.0442804 313.821 
0.934226 0.560252 121.578 0.0440236 589.331 
0.922114 0.654635 95.1549 0.0442804 757.565 
0.997041 0.025089 3042.47 0.0448022 10206.6 
0.952586 0.404861 174.473 0.0442804 757.565 
0.959058 0.350738 190.31 0.0444057 1306.72 
0.933661 0.564811 120.017 0.0444057 596.729 
0.942829 0.489686 139.541 0.0440214 720.352 
0.997032 0.0251513 3042.47 0.0442804 10042.3 
0.956552 0.373894 182.379 0.0442804 1074.51 
0.992987 0.0609429 1194.29 0.0440236 5912.21 
0.998046 0.0169481 4358.64 0.0444057 19898 
0.686251 2.21142 17.7922 0.0444057 196.644 
0.941693 0.499033 136.207 0.0442804 720.352 
0.969904 0.25998 272.415 0.0442804 1368.06 
0.995682 0.037513 1915.64 0.0442804 10524.4 
0.95469 0.389806 175.31 0.0442804 1002.29 
0.997623 0.0195804 3981.63 0.0442804 10695.9 
0.985785 0.122677 585.808 0.0460948 2911.41 
0.996563 0.0297462 2452.54 0.0456752 11918.2 
0.979032 0.180801 380.62 0.0444057 2474.63 
0.912031 0.742818 87.6548 0.0442804 474.66 
0.998307 0.0145599 5184.12 0.0440236 19898 
0.520243 2.81402 9.31352 0.0442804 106.488 
0.628754 2.47001 14.1403 0.0456752 145.351 
0.951751 0.414458 165.88 0.0444057 883.319 
0.970127 0.258229 272.415 0.0442804 1440.7 
0.956552 0.373894 182.379 0.0442804 1074.51 
0.972439 0.238067 289.462 0.0440236 1799.22 
0.954061 0.394878 175.552 0.0442804 899.611 
0.941693 0.499033 136.207 0.0442804 720.352 
0.914366 0.722388 87.2367 0.0442804 607.649 
0.952586 0.404861 174.473 0.0442804 757.565 
0.913125 0.734974 87.2367 0.0440236 537.255 
0.984876 0.131201 544.83 0.0442804 2881.41 
0.988938 0.0958722 761.239 0.0442804 3562.02 
0.96871 0.269144 256.55 0.0456752 1489.77 
0.895716 0.871669 73.417 0.0442804 378.783 
0.98721 0.110953 640.093 0.0442804 3598.44 
0.945125 0.469377 146.834 0.0444057 720.352 
0.99816 0.0159065 4686.47 0.0444057 19898 
0.812104 1.49062 36.7085 0.0440236 224.903 
0.895052 0.878845 70.7379 0.0442804 449.805 
0.970333 0.25646 272.415 0.0442804 1515.13 
0.900163 0.830226 72.4564 0.0442804 596.729 
0.791583 1.60646 30.3945 0.0442804 313.821 
0.992598 0.064293 1116.33 0.0442804 6060.52 
0.967829 0.275723 243.156 0.0442804 1725.31 
0.977496 0.194879 361.227 0.0442804 2012.83 
0.955557 0.38029 174.473 0.0442804 1215.3 
0.968104 0.27539 256.55 0.0442804 1291.85 
0.81616 1.45784 36.2282 0.0442804 298.364 
0.99637 0.0314819 2343.23 0.0442804 10695.9 
0.895716 0.871669 73.417 0.0442804 378.783 
0.704319 2.12483 21.2336 0.0442804 118.665 
0.975833 0.208115 348.947 0.0442804 1515.13 
0.990397 0.0827771 847.725 0.046058 5103.29 
0.956851 0.370216 190.31 0.0442804 882.097 
0.871446 1.0602 57.8046 0.0442804 313.821 
0.985507 0.125302 555.746 0.0442804 3505.1 
0.997595 0.0196592 3981.63 0.0440236 10206.6 
0.979478 0.177676 395.456 0.0444057 2259.2 
0.988459 0.0990336 751.239 0.0448022 2956.1 
0.996824 0.0270971 2804.95 0.0442804 9893.36 
0.96591 0.294262 240.033 0.0440236 1193.46 
0.885469 0.943559 68.1037 0.0444057 298.364 
0.991619 0.0728151 997.941 0.0440236 4949.26 
0.997137 0.0246131 2804.95 0.0442804 19786.7 
0.983408 0.143561 486.312 0.0442804 2979.55 
0.998851 0.00855335 9372.93 0.0460948 16184.8 
0.916292 0.700681 87.7761 0.0442804 720.352 
0.979069 0.180438 380.62 0.0442804 2510.57 
0.956851 0.370216 190.31 0.0442804 882.097 
0.988337 0.101176 701.239 0.0442804 3998.59 
0.717384 2.06753 21.8832 0.0442804 145.351 
0.986476 0.117316 618.516 0.0440236 2979.55 
0.986376 0.118197 613.136 0.0440236 2979.55 
0.970127 0.258229 272.415 0.0442804 1440.7 
0.999018 0.00748112 10697.7 0.0442804 19898 
0.975595 0.210917 328.716 0.0442804 1999.3 
0.992556 0.064644 1115.87 0.0444057 5836.59 
0.970127 0.258229 272.415 0.0442804 1440.7 
0.970127 0.258229 272.415 0.0442804 1440.7 
0.977799 0.1919 375.607 0.0442804 1764.19 
0.997621 0.0196009 3977.1 0.0442804 10695.9 
0.998948 0.00821338 9678.86 0.0448022 19898 
0.99904 0.00725612 11049.5 0.0442804 19898 
0.966751 0.287365 243.182 0.0440236 1317.93 
0.99075 0.079183 948.466 0.0442804 3533.27 
0.912031 0.742818 87.6548 0.0442804 474.66 
0.989351 0.092512 780.139 0.0440236 3998.59 
0.879871 0.997378 60.7956 0.0442804 393.289 
0.909551 0.763133 84.6781 0.0442804 472.861 
0.913451 0.732067 87.2367 0.0440236 554.026 
0.978041 0.189742 380.62 0.0442804 1764.19 
0.791247 1.6107 30.3945 0.0442804 307.742 
0.93726 0.534337 128.275 0.0442804 607.649 
0.99637 0.0314819 2343.23 0.0442804 10695.9 
0.97302 0.23334 299.282 0.0442804 1703.81 
0.941693 0.499033 136.207 0.0442804 720.352 
0.990727 0.080576 889.727 0.0440236 4827.29 
0.975833 0.208115 348.947 0.0442804 1515.13 
0.977725 0.192916 365.362 0.0442804 2021.79 
0.531906 2.77442 9.68068 0.046058 113.449 
0.969 0.267531 265.531 0.0442804 1292.75 
0.840896 1.28758 43.6184 0.0442804 313.821 
0.996556 0.0299069 2452.54 0.0442804 11716.7 
0.992482 0.0650311 1115.87 0.0456752 5472.23 
0.955703 0.379815 175.552 0.0440236 1193.46 
0.990539 0.0822075 879.893 0.0440236 4476.35 
0.635579 2.45653 15.1972 0.0442804 113.449 
0.656528 2.31193 15.1972 0.0442804 226.899 
0.997623 0.0195804 3981.63 0.0442804 10695.9 
0.774782 1.72398 28.2807 0.0456752 237.33 
0.689627 2.17728 17.7922 0.0442804 226.899 
0.996343 0.0316496 2222.99 0.0442804 14020.4 
0.954014 0.395573 175.31 0.0440236 899.611 
0.947766 0.447416 154.629 0.0442804 757.565 
0.996824 0.0270971 2804.95 0.0442804 9893.36 
0.998188 0.0156549 4777.14 0.0442804 19786.7 
0.755748 1.82633 27.962 0.0442804 131.43 
0.988956 0.095803 761.239 0.0440236 3598.44 
0.995168 0.0418928 1759.79 0.0442804 7997.18 
0.996104 0.0338 2179.32 0.0442804 10042.3 
0.988938 0.0958722 761.239 0.0442804 3562.02 
0.996737 0.028087 2674.42 0.0442804 10524.4 
0.950308 0.426886 160.023 0.0442804 883.319 
0.67334 2.28117 18.3542 0.0442804 110.262 
0.709238 2.09719 21.8092 0.0442804 118.665 
0.98384 0.140112 513.1 0.0442804 2583.7 
0.725694 2.01946 21.8092 0.0442804 196.644 
0.899763 0.836205 72.4564 0.0440236 572.422 
0.968226 0.273884 259.798 0.0444057 1237.31 
0.997854 0.0186083 3977.1 0.0442804 17905.4 
0.974692 0.219004 320.046 0.0442804 1799.22 
0.991923 0.0701308 1041.69 0.0440236 4974.5 
0.931651 0.581089 111.349 0.0442804 757.565 
0.987001 0.11237 618.516 0.0440236 3998.59 
0.999018 0.00748112 10697.7 0.0442804 19898 
0.858358 1.15444 51.7074 0.0456752 286.211 
0.995883 0.0352956 2138.24 0.0442804 7997.18 
0.838778 1.30397 43.6184 0.0442804 279.772 
0.970658 0.253346 272.415 0.0442804 1648.78 
0.962037 0.327399 212.295 0.0442804 1144.84 
0.999238 0.00512135 15926.5 0.0442804 19898 
0.923613 0.642376 106.148 0.0442804 449.805 
0.968148 0.275008 256.948 0.0442804 1292.75 
0.852241 1.20491 47.5774 0.0442804 337.302 
0.905373 0.79012 77.0776 0.0442804 615.484 
0.939995 0.509784 136.207 0.0442804 596.729 
0.790252 1.62392 30.3945 0.0440236 290.703 
0.956835 0.370749 187.81 0.0448022 945.722 
0.934594 0.558362 120.017 0.0442804 658.963 
0.972439 0.238067 289.462 0.0440236 1799.22 
0.844436 1.25069 43.6184 0.0442804 393.289 
0.996649 0.029125 2474.07 0.0442804 13428.4 
0.993973 0.0518644 1430.83 0.0456752 5959.1 
0.976899 0.199967 350.619 0.0442804 1999.3 
0.981634 0.156815 474.233 0.0442804 1766.64 
0.958949 0.352203 190.31 0.0442804 1275.82 
0.994476 0.0479951 1502.48 0.0442804 7997.18 
0.992289 0.0669694 1089.66 0.0440236 5262.22 
0.889226 0.923485 68.1037 0.0444057 372.443 
0.999153 0.00604428 13395.3 0.0442804 19898 
0.965571 0.296398 240.033 0.0442804 1119.09 
0.969239 0.265854 263.043 0.0442804 1440.7 
0.493248 2.87081 8.52002 0.0442804 93.98 
0.988337 0.101176 701.239 0.0442804 3998.59 
0.956552 0.373894 182.379 0.0442804 1074.51 
0.993719 0.0545654 1316.86 0.0442804 7146.5 
0.984256 0.136634 519.596 0.0440236 2881.41 
0.996104 0.0338 2179.32 0.0442804 10042.3 
0.992075 0.0688136 1039.19 0.0442804 5762.81 
0.991488 0.0739285 972.729 0.0442804 5171 
0.941383 0.499614 130.657 0.0442804 907.595 
0.995168 0.0418928 1759.79 0.0442804 7997.18 
0.996806 0.027694 2674.42 0.0440236 11918.2 
0.94059 0.506099 136.52 0.0442804 627.642 
0.973556 0.227592 299.282 0.0442804 2004.57 
0.995461 0.0392298 1897.21 0.0442804 7997.18 
0.978108 0.189283 380.62 0.0442804 1799.22 
0.995509 0.0390497 1843.4 0.0440236 10042.3 
0.914621 0.720882 87.7761 0.0442804 596.729 
0.99797 0.0176285 4166.75 0.0442804 19898 
0.479403 2.88905 8.91095 0.0440236 59.2756 
0.934027 0.563167 118.193 0.0442804 677.892 
0.98965 0.0897967 790.912 0.0442804 4518.4 
0.954357 0.392633 175.31 0.0442804 949.321 
0.998997 0.00770732 10368.2 0.0440236 19898 
0.899662 0.840634 73.417 0.0442804 513.1 
0.970127 0.258229 272.415 0.0442804 1440.7 
0.987227 0.110537 663.518 0.0440236 2956.1 
0.921723 0.660412 95.1549 0.0440236 720.352 
0.990632 0.0812543 873.862 0.0444057 5021.13 
0.952733 0.404287 174.473 0.0440236 771.59 
0.975926 0.207262 350.619 0.0442804 1515.13 
0.959428 0.349626 197.728 0.0442804 1084.27 
0.914532 0.722164 87.6548 0.0440236 596.729 
0.963916 0.311377 223.696 0.0442804 1206.82 
0.954911 0.387506 174.473 0.0442804 1074.51 
0.934834 0.555843 121.591 0.0442804 627.642 
0.914366 0.722388 87.2367 0.0442804 607.649 
0.977872 0.191472 364.757 0.0442804 2149.02 
0.941693 0.499033 136.207 0.0442804 720.352 
0.974624 0.219613 320.046 0.0442804 1764.19 
0.991433 0.0743953 972.624 0.0442804 4946.68 
0.996913 0.0267097 2633.72 0.0442804 16677.6 
0.919391 0.68362 95.1549 0.0442804 559.544 
0.993539 0.0561295 1291.82 0.0442804 6571.26 
0.981595 0.159548 444.864 0.0442804 2413.64 
0.65108 2.37236 15.1972 0.0440236 180.79 
0.955337 0.383554 182.379 0.0442804 882.097 
0.995729 0.0371185 1945.46 0.0442804 10342 
0.968148 0.275008 256.948 0.0442804 1292.75 
0.970127 0.258229 272.415 0.0442804 1440.7 
0.978073 0.189521 380.62 0.0442804 1781.01 
0.996697 0.0285342 2452.54 0.0442804 15994.4 
0.980145 0.171745 419.917 0.0444057 1999.3 
0.997024 0.0251683 3044.96 0.0442804 9893.36 
0.999153 0.00604428 13395.3 0.0442804 19898 
0.981521 0.160235 439.947 0.0440214 2510.57 
0.95342 0.399375 175.31 0.0442804 826.241 
0.912881 0.736488 87.2367 0.0442804 525.72 
0.986082 0.120778 598.563 0.0440236 2956.1 
0.474893 2.90263 8.52002 0.0442804 65.715 
0.991488 0.0739285 972.729 0.0442804 5171 
0.998997 0.00770732 10368.2 0.0440236 19898 
0.873738 1.04468 57.8046 0.0442804 360.176 
0.873738 1.04468 57.8046 0.0442804 360.176 
0.87079 1.06644 55.6743 0.0442804 378.783 
0.942384 0.493469 136.207 0.0442804 786.578 
0.86839 1.08198 56.5614 0.0444057 298.364 
0.975491 0.211617 337.812 0.0448022 1642.82 
0.9964 0.0311304 2388.57 0.0444057 10206.6 
0.942096 0.49589 136.207 0.0442804 757.565 
0.97934 0.179011 395.456 0.0442804 2149.02 
0.991433 0.0743953 972.624 0.0442804 4946.68 
0.844436 1.25069 43.6184 0.0442804 393.289 
0.903769 0.808876 77.3146 0.0442804 514.279 
0.962662 0.320215 209.275 0.0442804 1440.7 
0.771405 1.75496 28.9023 0.0440236 180.088 
0.954534 0.3911 174.473 0.0442804 1006.42 
0.932379 0.576243 116.787 0.0442804 607.649 
0.725694 2.01946 21.8092 0.0442804 196.644 
0.924837 0.639367 103.415 0.0440236 572.422 
0.991392 0.074758 960.132 0.0442804 5167.39 
0.883053 0.964423 60.789 0.0442804 505.448 
0.966981 0.284497 240.033 0.0442804 1515.13 
0.995586 0.0381828 1838.07 0.0442804 11716.7 
0.479403 2.88905 8.91095 0.0440236 59.2756 
0.973716 0.227209 306.568 0.0444057 1781.01 
0.996747 0.0280361 2674.42 0.0442804 10695.9 
0.980044 0.171897 417.167 0.0460948 2012.83 
0.978659 0.184764 380.62 0.0444057 2149.02 
0.948278 0.442457 149.641 0.0442804 1002.29 
0.948278 0.442457 149.641 0.0442804 1002.29 
0.997071 0.024978 3044.96 0.0442804 10695.9 
0.979987 0.172331 424.591 0.0442804 1799.22 
0.991204 0.076027 960.132 0.0454678 4476.35 
0.963918 0.304831 212.295 0.0444057 1782.3 
0.863163 1.12249 51.7074 0.0442804 378.865 
0.896932 0.864781 72.3655 0.0440236 449.805 
0.937387 0.532459 121.578 0.0442804 862.653 
0.975244 0.214059 324.959 0.0442804 1929.96 
0.997502 0.0216874 3390.9 0.0442804 15994.4 
0.977286 0.195844 350.619 0.0442804 2289.69 
0.999092 0.00670043 12019.8 0.0442804 19898 
0.843843 1.2667 44.7107 0.0442804 313.821 
0.922114 0.654635 95.1549 0.0442804 757.565 
0.785124 1.66821 30.3945 0.0444057 226.899 
0.996299 0.0320291 2318.06 0.0442804 10042.3 
0.954157 0.394618 174.473 0.0440236 945.722 
0.994153 0.0507254 1430.83 0.0448022 7196.89 
0.97152 0.245734 278.967 0.0440236 1781.01 
0.915011 0.717007 87.6548 0.0440236 627.642 
0.977286 0.195844 350.619 0.0442804 2289.69 
0.986491 0.116641 613.136 0.0460948 3171.79 
0.996723 0.0283486 2474.07 0.0440236 15994.4 
0.941693 0.499033 136.207 0.0442804 720.352 
0.955718 0.378587 174.473 0.0440214 1255.28 
0.994546 0.0473928 1522.48 0.0442804 8074.08 
0.99134 0.0752151 960.132 0.0442804 4949.26 
0.981634 0.156815 474.233 0.0442804 1766.64 
0.91136 0.747285 87.6548 0.0442804 449.805 
0.955557 0.38029 174.473 0.0442804 1215.3 
