0.883613 0.127083 0.0484588 81.9321 66875.2 
0.94588 0.0252188 0.0509242 189.88 94715 
0.900964 0.0888352 0.0970578 99.2878 88006.5 
0.843289 0.23774 0.0578436 58.5935 94715 
0.81639 0.333794 0.0446079 48.5616 94715 
0.94588 0.0252188 0.0509242 189.88 94715 
0.94588 0.0252188 0.0509242 189.88 94715 
0.879647 0.134917 0.0808036 79.5655 88006.5 
0.816274 0.333835 0.0470096 48.5616 94715 
0.816105 0.33389 0.0505082 48.5616 94715 
0.658532 1.20519 0.0500689 22.2658 73032.9 
0.81396 0.334173 0.0951576 48.5616 94715 
0.891148 0.111357 0.0442596 87.9009 94715 
0.816204 0.333859 0.0484588 48.5616 94715 
0.505868 2.42294 0.0505082 12.7 94715 
0.975976 0.00333515 0.0669179 528.281 94715 
0.93363 0.039207 0.0446079 151.316 94715 
0.975627 0.00351794 0.0578436 514.066 94715 
0.16439 4.43729 0.0442596 3.48228 94715 
0.979609 0.00163736 0.107494 753.799 94715 
0.843289 0.23774 0.0578436 58.5935 94715 
0.739971 0.68976 0.0500689 31.8797 94715 
0.953616 0.0175337 0.0841551 229.052 88006.5 
0.94588 0.0252188 0.0509242 189.88 94715 
0.975714 0.00350929 0.0442596 514.066 94715 
0.979834 0.00163062 0.0560206 753.799 94715 
0.829174 0.286827 0.0446079 52.8281 94715 
0.93432 0.0381129 0.0446079 153.468 84259.7 
0.873547 0.149315 0.0841551 75.3799 84259.7 
0.843619 0.237603 0.0500689 58.5935 94715 
0.974264 0.00417444 0.0535483 471.714 94715 
0.906276 0.0811162 0.0500689 103.863 94715 
0.979665 0.00163619 0.0946687 753.799 94715 
0.975627 0.00351794 0.0578436 514.066 94715 
0.975627 0.00351794 0.0578436 514.066 94715 
0.609626 1.57487 0.0442596 18.3736 67104.5 
0.93363 0.039207 0.0446079 151.316 94715 
0.974664 0.00394692 0.0669179 485.616 94715 
0.923329 0.0525479 0.0678699 130.334 88006.5 
0.879647 0.134917 0.0808036 79.5655 88006.5 
0.816126 0.333884 0.0500689 48.5616 94715 
0.935188 0.037275 0.0442596 155.294 94715 
0.761096 0.577812 0.0509242 35.4498 94715 
0.9118 0.0714822 0.0470096 110.915 94715 
0.697009 0.94802 0.0442596 26.1297 67104.5 
0.94588 0.0252188 0.0509242 189.88 94715 
0.923265 0.0525679 0.0707038 130.334 88006.5 
0.935281 0.0367079 0.0710692 156.91 94715 
0.736559 0.70847 0.0499508 31.3611 84259.7 
0.966951 0.0080887 0.0698166 338.728 94715 
0.943959 0.0271609 0.0540856 182.87 94715 
0.936683 0.0352526 0.0578436 160.038 94715 
0.81396 0.334173 0.0951576 48.5616 94715 
0.631708 1.40527 0.0442596 19.9898 66869.5 
0.973433 0.00457504 0.0560206 450.636 94715 
0.974814 0.00393237 0.0446079 485.616 94715 
0.688504 1.00331 0.0442596 25.1853 67104.5 
0.931904 0.040951 0.0572836 148.093 84259.7 
0.885751 0.119487 0.106358 84.9526 94715 
0.973433 0.00457504 0.0560206 450.636 94715 
0.295895 3.99157 0.0441174 6.11277 88006.5 
0.955083 0.0167757 0.0446079 233.571 94715 
0.965484 0.00909138 0.0500689 318.797 94715 
0.798687 0.402232 0.0578436 43.7288 94715 
0.975677 0.00351331 0.0499508 514.066 94715 
0.890302 0.112462 0.0535483 87.4857 84259.7 
0.874258 0.149077 0.0639602 75.3799 84259.7 
0.931303 0.0419826 0.0560206 146.252 94715 
0.94588 0.0252188 0.0509242 189.88 94715 
0.907901 0.0781469 0.0470096 105.856 88006.5 
0.16439 4.43729 0.0442596 3.48228 94715 
0.816274 0.333835 0.0470096 48.5616 94715 
0.89728 0.0955526 0.102514 95.5634 84259.7 
0.94588 0.0252188 0.0509242 189.88 94715 
0.638352 1.3566 0.0441174 20.5088 94715 
0.931536 0.0418866 0.0446079 146.252 94715 
0.900964 0.0888352 0.0970578 99.2878 88006.5 
0.930055 0.0433384 0.0696857 144.034 94715 
0.816201 0.33386 0.0485142 48.5616 94715 
0.889361 0.11285 0.0845846 87.4857 88006.5 
0.952997 0.0184508 0.0509242 222.658 91730.7 
0.928539 0.0457744 0.0499508 139.79 94715 
0.932522 0.0402065 0.0669179 149.682 94715 
0.97607 0.00332787 0.0517937 528.281 94715 
0.843619 0.237603 0.0500689 58.5935 94715 
0.979636 0.00163682 0.101282 753.799 94715 
0.933504 0.0392599 0.0509242 151.316 94715 
0.879767 0.134847 0.0763704 79.5655 84259.7 
0.81639 0.333794 0.0446079 48.5616 94715 
0.971074 0.00581141 0.0499508 399.42 94715 
0.956437 0.0155833 0.0557712 242.791 94715 
0.945161 0.0259615 0.0500689 187.065 94715 
0.210987 4.34931 0.0470096 4.34682 84259.7 
0.880791 0.134444 0.0470096 79.5655 88006.5 
0.967406 0.00792237 0.0442596 341.501 94715 
0.950676 0.0205656 0.0535483 210.776 94715 
0.976115 0.00332326 0.0446079 528.281 94715 
0.979614 0.00163727 0.106358 753.799 94715 
0.816406 0.333788 0.0442596 48.5616 94715 
0.722059 0.79015 0.0509242 29.3089 57722.2 
0.969349 0.0067609 0.0509242 370.177 94715 
0.872326 0.149578 0.119691 75.3799 88006.5 
0.946297 0.0244388 0.0696857 193.211 88006.5 
0.87284 0.14955 0.106358 75.3799 94715 
0.858564 0.192793 0.0442596 65.5996 88006.5 
0.83442 0.267235 0.0470096 54.8947 62661.3 
0.843289 0.23774 0.0578436 58.5935 94715 
0.920983 0.0564789 0.0499508 125.366 88006.5 
0.843851 0.237492 0.0446079 58.5935 94715 
0.16439 4.43729 0.0442596 3.48228 94715 
0.498432 2.48924 0.0470096 12.3691 73032.9 
0.816204 0.333859 0.0484588 48.5616 94715 
0.964468 0.00974869 0.0500689 307.75 94715 
0.87284 0.14955 0.106358 75.3799 94715 
0.974814 0.00393237 0.0446079 485.616 94715 
0.967173 0.00805548 0.0463627 338.728 94715 
0.798288 0.402266 0.0656057 43.7288 94715 
0.697009 0.94802 0.0442596 26.1297 67104.5 
0.801163 0.384771 0.0916427 44.8426 88006.5 
0.840388 0.245591 0.0696857 57.5829 94715 
0.783398 0.470994 0.0484588 39.942 84259.7 
0.934692 0.0374476 0.0698166 155.294 94715 
0.939591 0.0315965 0.0669179 169.371 88006.5 
0.897244 0.0982436 0.0505082 93.9282 88006.5 
0.945988 0.0251807 0.0442596 189.88 94715 
0.81396 0.334173 0.0951576 48.5616 94715 
0.93432 0.0381129 0.0446079 153.468 84259.7 
0.336142 3.74813 0.0442596 7.07767 67545.8 
0.974664 0.00394692 0.0669179 485.616 94715 
0.902444 0.0883623 0.0470096 99.2878 94715 
0.880577 0.134617 0.0547417 79.5655 94715 
0.815905 0.333948 0.0546579 48.5616 94715 
0.979609 0.00163736 0.107494 753.799 94715 
0.907403 0.0783988 0.0669179 105.856 91730.7 
0.979861 0.00162925 0.0500689 753.799 94715 
0.980189 0.00146193 0.0547417 795.655 94715 
0.81396 0.334173 0.0951576 48.5616 94715 
0.860643 0.186672 0.0484588 66.7751 94715 
0.358083 3.60104 0.0442596 7.6471 94715 
0.960372 0.012469 0.0696857 272.182 94715 
0.975639 0.00351695 0.0560206 514.066 94715 
0.880577 0.134617 0.0547417 79.5655 94715 
0.214874 4.33808 0.0470096 4.42162 84259.7 
0.441267 2.96441 0.0470096 10.1797 88006.5 
0.887308 0.119016 0.0578436 84.9526 94715 
0.96792 0.00759272 0.0500689 349.129 94715 
0.959006 0.0136352 0.0463627 259.557 94715 
0.974603 0.00395098 0.0759728 485.616 94715 
0.923329 0.0525479 0.0678699 130.334 88006.5 
0.974474 0.00395763 0.0951576 485.616 94715 
0.955083 0.0167757 0.0446079 233.571 94715 
0.843392 0.2377 0.0554253 58.5935 94715 
0.959743 0.0130528 0.0509242 265.505 94715 
0.890764 0.111532 0.0557712 87.9009 91730.7 
0.975677 0.00351339 0.0500689 514.066 94715 
0.94588 0.0252188 0.0509242 189.88 94715 
0.865661 0.171041 0.0669179 70.0416 84259.7 
0.916803 0.0632739 0.0446079 118.152 94715 
0.923351 0.052541 0.0669179 130.334 88006.5 
0.829174 0.286827 0.0446079 52.8281 94715 
0.609626 1.57487 0.0442596 18.3736 67104.5 
0.979555 0.00163832 0.119691 753.799 94715 
0.980584 0.00120932 0.0763704 874.857 94715 
0.880791 0.134444 0.0470096 79.5655 88006.5 
0.975677 0.00351331 0.0499508 514.066 94715 
0.86729 0.167607 0.0572836 70.7813 88006.5 
0.913762 0.0681319 0.0485142 113.739 94715 
0.915296 0.0655786 0.0442596 115.947 88006.5 
0.97887 0.0020795 0.0499508 667.751 94715 
0.933178 0.039636 0.0446079 150.431 88006.5 
0.866497 0.17076 0.0463627 70.0416 94715 
0.841361 0.24523 0.0470096 57.5829 94715 
0.895723 0.101495 0.0500689 92.3461 94715 
0.82613 0.296348 0.0535483 51.8981 94715 
0.974725 0.00394197 0.0578436 485.616 94715 
0.977289 0.00278764 0.0463627 576.854 94715 
0.874931 0.148856 0.0470096 75.3799 94715 
0.979295 0.00188904 0.0500689 700.416 94715 
0.843289 0.23774 0.0578436 58.5935 94715 
0.358083 3.60104 0.0442596 7.6471 94715 
0.974814 0.00393237 0.0446079 485.616 94715 
0.978869 0.00207954 0.0500689 667.751 94715 
0.959446 0.0130902 0.0696857 265.505 91730.7 
0.97157 0.00536929 0.101474 416.898 94715 
0.940057 0.0314996 0.0470096 169.371 94715 
0.447364 2.91776 0.0442596 10.3863 62661.3 
0.874622 0.149014 0.0557712 75.3799 94715 
0.949268 0.021949 0.0460171 203.722 94715 
0.932522 0.0402065 0.0669179 149.682 94715 
0.977201 0.00280298 0.0578436 575.829 94715 
0.965484 0.00909138 0.0500689 318.797 94715 
0.358083 3.60104 0.0442596 7.6471 94715 
0.906378 0.0810637 0.0463627 103.863 94715 
0.980233 0.00145958 0.0442596 795.655 94715 
0.974725 0.00394197 0.0578436 485.616 94715 
0.880577 0.134617 0.0547417 79.5655 94715 
0.923661 0.0524263 0.0531706 130.334 88006.5 
0.843866 0.237484 0.0442596 58.5935 94715 
0.974814 0.00393237 0.0446079 485.616 94715 
0.930055 0.0433384 0.0696857 144.034 94715 
0.959661 0.0130705 0.0578436 265.505 94715 
0.652015 1.25545 0.0442596 21.6544 67545.8 
0.975647 0.00351624 0.0547417 514.066 94715 
0.943643 0.0275443 0.0499508 181.484 94715 
0.974814 0.00393237 0.0446079 485.616 94715 
0.967406 0.00792237 0.0442596 341.501 94715 
0.907885 0.0782174 0.0500689 105.856 94715 
0.874793 0.14893 0.0509242 75.3799 94715 
0.974708 0.00394344 0.0603441 485.616 94715 
0.956437 0.0155833 0.0557712 242.791 94715 
0.977285 0.00278799 0.0470096 576.854 94715 
0.976721 0.00299768 0.0669179 557.182 94715 
0.948265 0.0228218 0.0547417 199.898 94715 
0.931844 0.0409714 0.0602122 148.093 84259.7 
0.926425 0.0486711 0.0509242 135.443 94715 
0.928539 0.0457744 0.0499508 139.79 94715 
0.921988 0.0551094 0.0500689 127 94715 
0.194848 4.39329 0.0442596 4.03906 94715 
0.950016 0.0206337 0.0833044 210.776 84259.7 
0.245682 4.23328 0.0442596 5.0305 73032.9 
0.931056 0.0424717 0.0470096 145.25 94715 
0.980984 0.00100809 0.0470096 955.634 94715 
0.761096 0.577812 0.0509242 35.4498 94715 
0.971092 0.00580886 0.0478425 399.42 94715 
0.286531 4.04211 0.0442596 5.90175 94715 
0.644764 1.30399 0.0515841 21.0776 94715 
0.558892 1.98317 0.0463627 15.2709 84259.7 
0.926076 0.0487999 0.0669179 135.443 94715 
0.739971 0.68976 0.0500689 31.8797 94715 
0.974288 0.0041718 0.0500689 471.714 94715 
0.979887 0.00162761 0.0441174 753.799 94715 
0.964921 0.00938886 0.0509242 313.611 91730.7 
0.979834 0.00163062 0.0560206 753.799 94715 
0.634742 1.37335 0.0578436 20.3004 94715 
0.87284 0.14955 0.106358 75.3799 94715 
0.931904 0.040951 0.0572836 148.093 84259.7 
0.94588 0.0252188 0.0509242 189.88 94715 
0.973198 0.00471719 0.0470096 443.398 94715 
0.823849 0.305308 0.0470096 51.0295 84259.7 
0.975687 0.00351232 0.0484588 514.066 94715 
0.978154 0.00238932 0.0535483 623.331 94715 
0.964116 0.00998832 0.0484588 303.942 94715 
0.39626 3.31402 0.0500689 8.73947 73032.9 
0.294977 3.99652 0.0442596 6.09199 94715 
0.975677 0.00351339 0.0500689 514.066 94715 
0.783398 0.470994 0.0484588 39.942 84259.7 
0.971121 0.00580418 0.0442596 399.42 94715 
0.979787 0.00163266 0.0669179 753.799 94715 
0.944546 0.0266153 0.0484588 184.668 94715 
0.933367 0.0393106 0.0578436 151.316 94715 
0.920093 0.0579233 0.0463627 123.691 88006.5 
0.280904 4.06727 0.0470096 5.78059 91730.7 
0.857425 0.195442 0.0499508 65.1346 84259.7 
0.840388 0.245591 0.0696857 57.5829 94715 
0.933403 0.0392979 0.0560206 151.316 94715 
0.81396 0.334173 0.0951576 48.5616 94715 
0.980562 0.00127957 0.0484588 849.526 94715 
0.974777 0.00393675 0.0500689 485.616 94715 
0.980992 0.00100771 0.0446079 955.634 94715 
0.944546 0.0266153 0.0484588 184.668 94715 
0.971532 0.00537111 0.106358 416.898 94715 
0.874823 0.148915 0.0500689 75.3799 94715 
0.83843 0.254406 0.0484588 56.4304 84259.7 
0.980737 0.00115221 0.0602122 895.371 94715 
0.294977 3.99652 0.0442596 6.09199 94715 
0.935181 0.037278 0.0446079 155.294 94715 
0.913495 0.0682278 0.0578436 113.739 91730.7 
0.816126 0.333884 0.0500689 48.5616 94715 
0.88079 0.134508 0.0484588 79.5655 94715 
0.945161 0.0259615 0.0500689 187.065 94715 
0.949153 0.021985 0.0535483 203.722 94715 
0.980954 0.00100924 0.0557712 955.634 94715 
0.975843 0.00344469 0.0463627 518.981 94715 
0.907048 0.0794799 0.0500689 104.943 84259.7 
0.975714 0.00350929 0.0442596 514.066 94715 
0.958412 0.0137334 0.0951576 259.557 94715 
0.887531 0.118908 0.0509242 84.9526 94715 
0.81396 0.334173 0.0951576 48.5616 94715 
0.974777 0.00393675 0.0500689 485.616 94715 
0.505868 2.42294 0.0505082 12.7 94715 
0.852082 0.211923 0.0442596 62.3331 91730.7 
0.974474 0.00395763 0.0951576 485.616 94715 
0.791297 0.436892 0.0442596 41.7092 94715 
0.890541 0.112376 0.0470096 87.4857 88006.5 
0.950421 0.0206074 0.0669179 210.776 91730.7 
0.975677 0.00351339 0.0500689 514.066 94715 
0.322628 3.83027 0.0470096 6.74684 91730.7 
0.874823 0.148915 0.0500689 75.3799 94715 
0.914355 0.066626 0.0470096 114.96 73032.9 
0.758332 0.592813 0.0470096 34.9129 84259.7 
0.965251 0.00925401 0.0470096 315.847 94715 
0.936459 0.0353186 0.0696857 160.038 94715 
0.975711 0.00350956 0.0446079 514.066 94715 
0.843392 0.2377 0.0554253 58.5935 94715 
0.977351 0.00271084 0.0696857 585.935 94715 
0.955094 0.016566 0.0698166 235.639 94715 
0.941657 0.0296179 0.0547417 174.948 94715 
0.327287 3.79901 0.0484588 6.8633 94715 
0.972837 0.00486097 0.0602122 437.288 94715 
0.609626 1.57487 0.0442596 18.3736 67104.5 
0.81177 0.351474 0.0442596 47.1714 84259.7 
0.544885 2.10115 0.0442596 14.525 62661.3 
0.321303 3.83632 0.0484588 6.71685 94715 
0.973498 0.00456734 0.0470096 450.636 94715 
0.974474 0.00395763 0.0951576 485.616 94715 
0.979826 0.001631 0.0578436 753.799 94715 
0.974797 0.00393438 0.0470096 485.616 94715 
0.975677 0.00351339 0.0500689 514.066 94715 
0.843619 0.237603 0.0500689 58.5935 94715 
0.975204 0.00358669 0.106358 510.295 94715 
0.474111 2.69718 0.0442596 11.3739 84259.7 
0.874823 0.148915 0.0500689 75.3799 94715 
0.975639 0.00351695 0.0560206 514.066 94715 
0.936459 0.0353186 0.0696857 160.038 94715 
0.97607 0.00332787 0.0517937 528.281 94715 
0.921978 0.055114 0.0505082 127 94715 
0.748554 0.644284 0.0442596 33.2127 67545.8 
0.975687 0.00351232 0.0484588 514.066 94715 
0.833116 0.27005 0.0669179 54.6521 94715 
0.815959 0.333933 0.0535483 48.5616 94715 
0.941834 0.0295539 0.0446079 174.948 94715 
0.955406 0.0164944 0.0463627 235.639 94715 
0.824776 0.301479 0.0500689 51.393 84259.7 
0.85832 0.192921 0.0505082 65.5996 88006.5 
0.880577 0.134617 0.0547417 79.5655 94715 
0.975584 0.00356338 0.0470096 510.295 94715 
0.978869 0.00207954 0.0500689 667.751 94715 
0.977934 0.00249174 0.0509242 610.305 94715 
0.315937 3.87125 0.0470096 6.58517 94715 
0.914295 0.0668255 0.057727 114.96 88006.5 
0.816204 0.333859 0.0484588 48.5616 94715 
0.900936 0.0888413 0.0980347 99.2878 88006.5 
0.810437 0.355119 0.0546579 46.9168 94715 
0.815905 0.333948 0.0546579 48.5616 94715 
0.65787 1.21064 0.0499508 22.2015 94715 
0.914066 0.0669639 0.0696857 114.96 94715 
0.848674 0.220652 0.0602122 61.0305 94715 
0.975639 0.00351695 0.0560206 514.066 94715 
0.922583 0.0541126 0.0547417 128.263 94715 
0.979834 0.00163062 0.0560206 753.799 94715 
0.975633 0.00351747 0.0569709 514.066 94715 
0.94588 0.0252188 0.0509242 189.88 94715 
0.945798 0.0252444 0.0560206 189.88 94715 
0.8375 0.254732 0.0698166 56.4304 84259.7 
0.634133 1.38708 0.0442596 20.1788 67545.8 
0.979614 0.00163727 0.106358 753.799 94715 
0.745315 0.662507 0.0446079 32.6715 94715 
0.932522 0.0402065 0.0669179 149.682 94715 
0.96738 0.0079275 0.0470096 341.501 94715 
0.82378 0.305999 0.0441174 50.9606 84259.7 
0.980233 0.00145958 0.0442596 795.655 94715 
0.96918 0.00686039 0.0499508 367.428 94715 
0.305188 3.93822 0.0446079 6.32773 84259.7 
0.891148 0.111357 0.0442596 87.9009 94715 
0.89728 0.0955526 0.102514 95.5634 84259.7 
0.919608 0.0581216 0.0669179 123.691 88006.5 
0.979083 0.00189747 0.0951576 700.416 94715 
0.941767 0.0295798 0.0484588 174.948 94715 
0.92268 0.0540711 0.0505082 128.263 94715 
0.94588 0.0252188 0.0509242 189.88 94715 
0.974816 0.00393206 0.0442596 485.616 94715 
0.96513 0.00934242 0.0446079 314.243 94715 
0.976224 0.00326793 0.0470096 532.865 94715 
0.879318 0.138107 0.0446079 78.4232 88006.5 
0.977459 0.00271068 0.0470096 585.005 94715 
0.975677 0.00351331 0.0499508 514.066 94715 
0.973433 0.00457504 0.0560206 450.636 94715 
0.920083 0.0579896 0.0500689 123.691 94715 
0.979857 0.00162946 0.0509242 753.799 94715 
0.216807 4.33623 0.0442596 4.45641 94715 
0.929449 0.0445262 0.0509242 141.813 94715 
0.974774 0.00393708 0.0505082 485.616 94715 
0.932522 0.0402065 0.0669179 149.682 94715 
0.396048 3.32479 0.0441174 8.71997 94715 
0.974814 0.00393237 0.0446079 485.616 94715 
0.941834 0.0295539 0.0446079 174.948 94715 
0.932921 0.0400642 0.0470096 149.682 94715 
0.969445 0.00664602 0.0669179 373.883 94715 
0.315937 3.87125 0.0470096 6.58517 94715 
0.974797 0.00393438 0.0470096 485.616 94715 
0.976513 0.00311227 0.0578436 546.521 94715 
0.980984 0.00100809 0.0470096 955.634 94715 
0.979885 0.00162775 0.0446079 753.799 94715 
0.967406 0.00792237 0.0442596 341.501 94715 
0.920083 0.0579896 0.0500689 123.691 94715 
0.917148 0.0624014 0.0477675 119.005 84259.7 
0.958923 0.0136556 0.0531706 259.557 94715 
0.977299 0.00278666 0.0446079 576.854 94715 
0.979857 0.00162946 0.0509242 753.799 94715 
0.898742 0.0951742 0.0557712 95.5634 94715 
0.873167 0.149488 0.0970578 75.3799 94715 
0.90316 0.0860896 0.0696857 100.823 94715 
0.947764 0.0232545 0.0540856 197.948 91730.7 
0.86766 0.167489 0.0484588 70.7813 94715 
0.708061 0.878024 0.0442596 27.4412 61986.5 
0.32489 3.81934 0.0446079 6.79865 67104.5 
0.94588 0.0252188 0.0509242 189.88 94715 
0.929304 0.0445268 0.0535483 141.813 88006.5 
0.587517 1.74862 0.0470096 16.9371 84259.7 
0.848479 0.22253 0.0470096 60.7073 88006.5 
0.9303 0.0432596 0.0578436 144.034 94715 
0.980194 0.0014617 0.0535483 795.655 94715 
0.815959 0.333933 0.0535483 48.5616 94715 
0.975711 0.00350956 0.0446079 514.066 94715 
0.941155 0.0303065 0.0442596 172.701 94715 
0.907051 0.0794783 0.0499508 104.943 84259.7 
0.980189 0.00146193 0.0547417 795.655 94715 
0.826432 0.296237 0.0470096 51.8981 94715 
0.97607 0.00332787 0.0517937 528.281 94715 
0.890264 0.11248 0.0547417 87.4857 84259.7 
0.931424 0.0419353 0.0500689 146.252 94715 
0.676545 1.08239 0.0470096 23.9555 84259.7 
0.826559 0.296184 0.0442596 51.8981 94715 
0.972586 0.00503517 0.0442596 428.985 94715 
0.843366 0.23771 0.0560206 58.5935 94715 
0.932265 0.0409033 0.0470096 148.093 94715 
0.829851 0.282536 0.0569709 53.2865 88006.5 
0.980233 0.00145958 0.0442596 795.655 94715 
0.213575 4.34584 0.0442596 4.39401 94715 
0.969445 0.00664602 0.0669179 373.883 94715 
0.921971 0.0552723 0.0442596 126.73 94715 
0.980189 0.00146193 0.0547417 795.655 94715 
0.799245 0.402141 0.0470096 43.7288 94715 
0.974816 0.00393206 0.0442596 485.616 94715 
0.361325 3.5779 0.0446079 7.73488 94715 
0.826559 0.296184 0.0442596 51.8981 94715 
0.936933 0.0351582 0.0446079 160.038 94715 
0.939756 0.031549 0.057727 169.371 88006.5 
0.975647 0.00351624 0.0547417 514.066 94715 
0.873019 0.149517 0.101282 75.3799 94715 
0.843619 0.237603 0.0500689 58.5935 94715 
0.926563 0.0486082 0.0446079 135.443 94715 
0.975647 0.00351624 0.0547417 514.066 94715 
0.888991 0.11299 0.0981303 87.4857 94715 
0.710674 0.863106 0.0442596 27.7523 94715 
0.948427 0.0227695 0.0442596 199.898 94715 
0.97157 0.00536929 0.101474 416.898 94715 
0.965521 0.00908389 0.0463627 318.797 94715 
0.979834 0.00163062 0.0560206 753.799 94715 
0.975677 0.00351339 0.0500689 514.066 94715 
0.929545 0.0444846 0.0463627 141.813 94715 
0.945944 0.0251971 0.0470096 189.88 94715 
0.754173 0.615316 0.0442596 34.1501 88006.5 
0.974774 0.00393708 0.0505082 485.616 94715 
0.959743 0.0130528 0.0509242 265.505 94715 
0.833696 0.269802 0.0531706 54.6521 88006.5 
0.964099 0.00999183 0.0500689 303.942 94715 
0.843619 0.237603 0.0500689 58.5935 94715 
0.940496 0.0310412 0.0442596 170.593 94715 
0.977939 0.00249138 0.0500689 610.305 94715 
0.979826 0.001631 0.0578436 753.799 94715 
0.975711 0.00350956 0.0446079 514.066 94715 
0.904488 0.0842615 0.0499508 101.797 88006.5 
0.978983 0.0020346 0.0470096 674.869 94715 
0.975755 0.00345282 0.0602609 518.981 94715 
0.873251 0.14947 0.0946687 75.3799 94715 
0.974644 0.0039483 0.0698166 485.616 94715 
0.866575 0.170716 0.0442596 70.0416 94715 
0.896524 0.0992156 0.0470096 93.3488 67545.8 
0.930055 0.0433384 0.0696857 144.034 94715 
0.880117 0.134758 0.0669179 79.5655 88006.5 
0.945768 0.025253 0.0578436 189.88 94715 
0.816406 0.333788 0.0442596 48.5616 94715 
0.975627 0.00351794 0.0578436 514.066 94715 
0.94588 0.0252188 0.0509242 189.88 94715 
0.86999 0.160878 0.0547417 72.3519 94715 
0.866118 0.170924 0.0560206 70.0416 91730.7 
0.906276 0.0811162 0.0500689 103.863 94715 
0.973498 0.00456734 0.0470096 450.636 94715 
0.975714 0.00350929 0.0442596 514.066 94715 
0.796138 0.415896 0.0442596 42.8985 94715 
0.847828 0.224704 0.0470096 60.3942 94715 
0.96671 0.00811051 0.0951576 338.728 94715 
0.353898 3.62995 0.0442596 7.53576 94715 
0.929532 0.0444908 0.0470096 141.813 94715 
0.906378 0.0810637 0.0463627 103.863 94715 
0.974814 0.00393237 0.0446079 485.616 94715 
0.979874 0.00162844 0.0470096 753.799 94715 
0.916744 0.0633041 0.0470096 118.152 94715 
0.553422 2.03075 0.0442596 14.9682 84259.7 
0.89728 0.0955526 0.102514 95.5634 84259.7 
0.16439 4.43729 0.0442596 3.48228 94715 
0.906378 0.0810637 0.0463627 103.863 94715 
0.913701 0.0681614 0.0509242 113.739 94715 
0.979874 0.00162844 0.0470096 753.799 94715 
0.811142 0.351723 0.057727 47.1714 91730.7 
0.843866 0.237484 0.0442596 58.5935 94715 
0.91387 0.0680762 0.0442596 113.739 94715 
0.166448 4.43567 0.0442596 3.51926 84259.7 
0.890255 0.112581 0.0578436 87.4857 94715 
0.949193 0.0219731 0.0509242 203.722 94715 
0.95641 0.0155893 0.0578436 242.791 94715 
0.980684 0.00120604 0.0500689 874.857 94715 
0.975711 0.00350956 0.0446079 514.066 94715 
0.979654 0.00163642 0.0970578 753.799 94715 
0.974816 0.00393206 0.0442596 485.616 94715 
0.816126 0.333884 0.0500689 48.5616 94715 
0.959819 0.0130339 0.0446079 265.505 94715 
0.331068 3.78135 0.0442596 6.95023 94715 
0.933187 0.0393676 0.0669179 151.316 94715 
0.973334 0.0045839 0.0696857 450.636 94715 
0.976988 0.00291521 0.0499508 564.304 94715 
0.16439 4.43729 0.0442596 3.48228 94715 
0.840388 0.245591 0.0696857 57.5829 94715 
0.815905 0.333948 0.0546579 48.5616 94715 
0.975535 0.00356838 0.0547417 510.295 94715 
0.28714 4.03823 0.0446079 5.91589 84259.7 
0.979555 0.00163832 0.119691 753.799 94715 
0.920587 0.0566338 0.0669179 125.366 88006.5 
0.286531 4.04211 0.0442596 5.90175 94715 
0.964607 0.00962002 0.057727 310.056 94715 
0.264179 4.15311 0.0442596 5.41549 94715 
0.918165 0.0607983 0.0509242 120.676 88006.5 
0.25568 4.1905 0.0446079 5.23731 67545.8 
0.419522 3.14267 0.0442596 9.44787 94715 
0.940002 0.0315203 0.050049 169.371 94715 
0.752586 0.622615 0.0442596 33.8963 61986.5 
0.880932 0.134428 0.0442596 79.5655 94715 
0.975677 0.00351339 0.0500689 514.066 94715 
0.706611 0.885251 0.0484588 27.2952 66110.9 
0.398282 3.30747 0.0442596 8.78738 88006.5 
0.891148 0.111357 0.0442596 87.9009 94715 
0.979885 0.00162775 0.0446079 753.799 94715 
0.902444 0.0883623 0.0470096 99.2878 94715 
0.24585 4.22325 0.0509242 5.04098 94715 
0.930719 0.0427178 0.0499508 144.826 88006.5 
0.906378 0.0810637 0.0463627 103.863 94715 
0.815752 0.333987 0.0578436 48.5616 94715 
0.934325 0.037532 0.0887441 155.294 94715 
0.798865 0.402209 0.0543801 43.7288 94715 
0.958756 0.0136883 0.0669179 259.557 94715 
0.972779 0.00486629 0.0681041 437.288 94715 
0.953616 0.0175337 0.0841551 229.052 88006.5 
0.16439 4.43729 0.0442596 3.48228 94715 
0.980224 0.00146012 0.0463627 795.655 94715 
0.945499 0.0252746 0.0669179 189.88 88006.5 
0.979614 0.00163727 0.106358 753.799 94715 
0.900964 0.0888352 0.0970578 99.2878 88006.5 
0.973254 0.00458944 0.0808036 450.636 94715 
0.775763 0.507858 0.0442596 38.24 94715 
0.929304 0.0445591 0.0560206 141.813 91730.7 
0.959347 0.0131188 0.0841551 265.505 94715 
0.974737 0.00394084 0.0560206 485.616 94715 
0.973052 0.00473275 0.0669179 443.398 94715 
0.875028 0.148801 0.0442596 75.3799 94715 
0.930055 0.0433384 0.0696857 144.034 94715 
0.928168 0.0461156 0.0578436 139.359 94715 
0.978877 0.00207898 0.0484588 667.751 94715 
0.816204 0.333859 0.0484588 48.5616 94715 
0.843583 0.237619 0.0509242 58.5935 94715 
0.816274 0.333835 0.0470096 48.5616 94715 
0.894382 0.104525 0.0442596 90.8827 94715 
0.978189 0.00238668 0.0470096 623.331 94715 
0.901853 0.0886038 0.0669179 99.2878 91730.7 
0.874823 0.148915 0.0500689 75.3799 94715 
0.895723 0.101495 0.0500689 92.3461 94715 
0.299099 3.96451 0.0500689 6.19458 73032.9 
0.974814 0.00393237 0.0446079 485.616 94715 
0.922115 0.0550491 0.0446079 127 94715 
0.979665 0.00163619 0.0946687 753.799 94715 
0.977491 0.00270078 0.0446079 585.935 94715 
0.513859 2.36309 0.0442596 13.0334 94715 
0.873234 0.149473 0.0951576 75.3799 94715 
0.816204 0.333859 0.0484588 48.5616 94715 
0.194848 4.39329 0.0442596 4.03906 94715 
0.967205 0.00795429 0.0656057 341.501 94715 
0.923661 0.0524263 0.0531706 130.334 88006.5 
0.798794 0.402219 0.0557712 43.7288 94715 
0.898999 0.0950454 0.0470096 95.5634 94715 
0.890671 0.112368 0.0446079 87.4857 94715 
0.617613 1.51315 0.0446079 18.9362 84259.7 
0.977478 0.00270206 0.0470096 585.935 94715 
0.950004 0.0209926 0.0500689 208.378 84259.7 
0.974814 0.00393237 0.0446079 485.616 94715 
0.911631 0.0715642 0.0535483 110.915 94715 
0.81639 0.333794 0.0446079 48.5616 94715 
0.843624 0.237601 0.0499508 58.5935 94715 
0.979614 0.00163727 0.106358 753.799 94715 
0.83843 0.254406 0.0484588 56.4304 84259.7 
0.928652 0.0457232 0.0446079 139.79 94715 
0.967403 0.00792304 0.0446079 341.501 94715 
0.360669 3.57889 0.0470096 7.72161 94715 
0.959699 0.0130627 0.0546579 265.505 94715 
0.974777 0.00393675 0.0500689 485.616 94715 
0.833906 0.269717 0.0484588 54.6521 88006.5 
0.483804 2.61274 0.0470096 11.7642 94715 
0.890764 0.111532 0.0557712 87.9009 91730.7 
0.174371 4.4278 0.0442596 3.66227 94715 
0.974746 0.00393996 0.0546579 485.616 94715 
0.719916 0.806253 0.0463627 28.9634 94715 
0.87284 0.14955 0.106358 75.3799 94715 
0.358083 3.60104 0.0442596 7.6471 94715 
0.940106 0.0314796 0.0442596 169.371 94715 
0.979665 0.00163619 0.0946687 753.799 94715 
0.874793 0.14893 0.0509242 75.3799 94715 
0.645456 1.29455 0.0578436 21.173 94715 
0.90914 0.0752688 0.0639602 108.086 84259.7 
0.41348 3.19006 0.0442596 9.25554 88006.5 
0.980189 0.00146193 0.0547417 795.655 94715 
0.3641 3.559 0.0441174 7.80928 88006.5 
0.815905 0.333948 0.0546579 48.5616 94715 
0.16439 4.43729 0.0442596 3.48228 94715 
0.807587 0.366462 0.0535483 46.0889 88006.5 
0.974264 0.00417444 0.0535483 471.714 94715 
0.722765 0.788935 0.0470096 29.3551 88006.5 
0.974777 0.00393675 0.0500689 485.616 94715 
0.967406 0.00792237 0.0442596 341.501 94715 
0.979775 0.0016331 0.0696857 753.799 94715 
0.889879 0.112735 0.0698166 87.4857 94715 
0.904633 0.0842486 0.0470096 101.797 94715 
0.974771 0.00393738 0.0509242 485.616 94715 
0.840974 0.245397 0.0560206 57.5829 94715 
0.842077 0.242448 0.0509242 57.9532 94715 
0.975627 0.00351794 0.0578436 514.066 94715 
0.928539 0.0457744 0.0499508 139.79 94715 
0.902444 0.0883623 0.0470096 99.2878 94715 
0.977351 0.00271084 0.0696857 585.935 94715 
0.860699 0.186643 0.0470096 66.7751 94715 
0.975677 0.00351331 0.0499508 514.066 94715 
0.618159 1.50711 0.0470096 18.988 88006.5 
0.980525 0.00128117 0.0578436 849.526 94715 
0.979203 0.00189369 0.0696857 700.416 94715 
0.925869 0.0488601 0.0763704 135.443 94715 
0.533106 2.20034 0.0442596 13.9359 73032.9 
0.16439 4.43729 0.0442596 3.48228 94715 
0.977134 0.00280711 0.0696857 575.829 94715 
0.825932 0.296412 0.0578436 51.8981 94715 
0.833906 0.269717 0.0484588 54.6521 88006.5 
0.831273 0.270146 0.106358 54.6521 77549.1 
0.843289 0.23774 0.0578436 58.5935 94715 
0.783608 0.470978 0.0446079 39.942 84259.7 
0.505868 2.42294 0.0505082 12.7 94715 
0.960601 0.0124264 0.0500689 272.182 94715 
0.936342 0.0358718 0.0442596 158.388 94715 
0.92385 0.052403 0.0484588 130.334 94715 
0.929501 0.0445042 0.0484588 141.813 94715 
0.980525 0.00128117 0.0578436 849.526 94715 
0.419522 3.14267 0.0442596 9.44787 94715 
0.978869 0.00207954 0.0500689 667.751 94715 
0.883445 0.12717 0.0535483 81.9321 66875.2 
0.977301 0.00278645 0.0442596 576.854 94715 
0.958412 0.0137334 0.0951576 259.557 94715 
0.799368 0.402113 0.0446079 43.7288 94715 
0.974777 0.00393675 0.0500689 485.616 94715 
0.915401 0.0655506 0.0442596 115.997 94715 
0.932522 0.0402065 0.0669179 149.682 94715 
0.208376 4.36018 0.0442596 4.2945 73032.9 
0.916811 0.0632694 0.0442596 118.152 94715 
0.807867 0.366459 0.0484588 46.0889 94715 
0.874793 0.14893 0.0509242 75.3799 94715 
0.950421 0.0206074 0.0669179 210.776 91730.7 
0.558892 1.98317 0.0463627 15.2709 84259.7 
0.327287 3.79901 0.0484588 6.8633 94715 
0.974474 0.00395763 0.0951576 485.616 94715 
0.843268 0.237748 0.0583364 58.5935 94715 
0.828925 0.28693 0.0500689 52.8281 94715 
0.974771 0.00393738 0.0509242 485.616 94715 
0.934479 0.0374999 0.0808036 155.294 94715 
0.924715 0.0511835 0.0470096 131.911 94715 
0.86767 0.167419 0.0470096 70.7813 88006.5 
0.897509 0.0955028 0.0946687 95.5634 84259.7 
0.906632 0.0796603 0.0654219 104.943 84259.7 
0.971092 0.00580886 0.0478425 399.42 94715 
0.873251 0.14947 0.0946687 75.3799 94715 
0.950727 0.0205507 0.0500689 210.776 94715 
0.975627 0.00351794 0.0578436 514.066 94715 
0.188615 4.40576 0.0442596 3.92323 88006.5 
0.179464 4.42049 0.0446079 3.75529 84259.7 
0.932921 0.0400642 0.0470096 149.682 94715 
0.949268 0.021949 0.0460171 203.722 94715 
0.950921 0.0202583 0.0560206 212.418 91730.7 
0.980562 0.00127957 0.0484588 849.526 94715 
0.932976 0.0400397 0.0442596 149.682 94715 
0.930055 0.0433384 0.0696857 144.034 94715 
0.907885 0.0782174 0.0500689 105.856 94715 
0.230304 4.29142 0.0446079 4.72118 94715 
0.914631 0.0663997 0.0583364 115.373 94715 
0.979887 0.00162761 0.0441174 753.799 94715 
0.946957 0.0241281 0.0463627 194.091 91730.7 
0.849524 0.219765 0.0442596 61.1193 94715 
0.980209 0.00146097 0.0500689 795.655 94715 
0.913414 0.0687559 0.0470096 113.184 94715 
0.81177 0.351474 0.0442596 47.1714 84259.7 
0.921728 0.0553837 0.0547417 126.73 94715 
0.860643 0.186672 0.0484588 66.7751 94715 
0.979885 0.00162775 0.0446079 753.799 94715 
0.937691 0.0339157 0.0669179 163.372 94715 
0.849159 0.220443 0.0484588 61.0305 94715 
0.843872 0.237481 0.0441174 58.5935 94715 
0.353898 3.62995 0.0442596 7.53576 94715 
0.938007 0.0337529 0.0442596 163.372 88006.5 
0.977301 0.00278645 0.0442596 576.854 94715 
0.981127 0.000857036 0.0446079 1035.04 94715 
0.950705 0.0205573 0.0515841 210.776 94715 
0.974814 0.00393237 0.0446079 485.616 94715 
0.980992 0.00100771 0.0446079 955.634 94715 
0.843851 0.237492 0.0446079 58.5935 94715 
0.761677 0.557567 0.106358 36.1549 84259.7 
0.873167 0.149488 0.0970578 75.3799 94715 
0.816126 0.333884 0.0500689 48.5616 94715 
0.902137 0.0885121 0.0578436 99.2878 94715 
0.902444 0.0883623 0.0470096 99.2878 94715 
0.460234 2.811 0.0454822 10.8528 88006.5 
0.980233 0.00145958 0.0442596 795.655 94715 
0.975677 0.00351339 0.0500689 514.066 94715 
0.971532 0.00537111 0.106358 416.898 94715 
0.979757 0.00163368 0.0736138 753.799 94715 
0.509186 2.40195 0.0446079 12.8263 88006.5 
0.828999 0.286901 0.0484588 52.8281 94715 
0.979295 0.00188904 0.0500689 700.416 94715 
0.914744 0.066292 0.0509242 115.373 88006.5 
0.791297 0.436892 0.0442596 41.7092 94715 
0.294977 3.99652 0.0442596 6.09199 94715 
0.950894 0.0202652 0.0578436 212.418 91730.7 
0.859946 0.18864 0.0484588 66.3989 94715 
0.791297 0.436892 0.0442596 41.7092 94715 
0.904646 0.0841773 0.0442596 101.797 88006.5 
0.937956 0.0337741 0.0470096 163.372 88006.5 
0.874793 0.14893 0.0509242 75.3799 94715 
0.975236 0.00358553 0.101282 510.295 94715 
0.880932 0.134428 0.0442596 79.5655 94715 
0.790944 0.436941 0.0509242 41.7092 94715 
0.828925 0.28693 0.0500689 52.8281 94715 
0.974725 0.00394197 0.0578436 485.616 94715 
0.975677 0.00351331 0.0499508 514.066 94715 
0.979775 0.0016331 0.0696857 753.799 94715 
0.974777 0.00393675 0.0500689 485.616 94715 
0.578436 1.81844 0.0509242 16.4028 88006.5 
0.956582 0.0155454 0.0446079 242.791 94715 
0.934695 0.0374469 0.0696857 155.294 94715 
0.712775 0.84774 0.0463627 28.0511 56723.4 
0.98097 0.00100864 0.0509242 955.634 94715 
0.869415 0.162936 0.0441174 71.7976 84259.7 
0.238635 4.26124 0.0442596 4.88741 88006.5 
0.650624 1.25928 0.0547417 21.5938 94715 
0.351384 3.64714 0.0442596 7.46951 94715 
0.358083 3.60104 0.0442596 7.6471 94715 
0.366448 3.54227 0.0442596 7.87356 94715 
0.977939 0.00249138 0.0500689 610.305 94715 
0.977083 0.00288335 0.0446079 567.117 94715 
0.974664 0.00394692 0.0669179 485.616 94715 
0.980698 0.00120537 0.0463627 874.857 94715 
0.941207 0.0301963 0.0484588 173.108 94715 
0.962558 0.0110056 0.0557712 289.611 94715 
0.976115 0.00332326 0.0446079 528.281 94715 
0.305188 3.93822 0.0446079 6.32773 84259.7 
0.95044 0.0206032 0.0656057 210.776 91730.7 
0.923329 0.0525479 0.0678699 130.334 88006.5 
0.941739 0.0295901 0.0500689 174.948 94715 
0.940057 0.0314996 0.0470096 169.371 94715 
0.98062 0.00120836 0.0669179 874.857 94715 
0.27613 4.09198 0.0463627 5.67536 67104.5 
0.259742 4.16932 0.0470096 5.32495 91730.7 
0.933178 0.039636 0.0446079 150.431 88006.5 
0.925863 0.0495447 0.0470096 134.149 94715 
0.981145 0.000818742 0.0442596 1058.56 94715 
0.975677 0.00351339 0.0500689 514.066 94715 
0.816085 0.333896 0.0509242 48.5616 94715 
0.965134 0.00934161 0.0442596 314.243 94715 
0.943243 0.0276547 0.0736138 181.484 94715 
0.816204 0.333859 0.0484588 48.5616 94715 
0.959955 0.0127058 0.0442596 268.745 84259.7 
0.935281 0.0367079 0.0710692 156.91 94715 
0.936683 0.0352526 0.0578436 160.038 94715 
0.934748 0.037432 0.0669179 155.294 94715 
0.216807 4.33623 0.0442596 4.45641 94715 
0.954596 0.0168419 0.0696857 233.571 88006.5 
0.933367 0.0393106 0.0578436 151.316 94715 
0.233586 4.27965 0.0446079 4.78648 94715 
0.548608 2.04405 0.0696857 14.816 94715 
0.315937 3.87125 0.0470096 6.58517 94715 
0.886398 0.119465 0.0841551 84.8991 94715 
0.876264 0.145392 0.0470096 76.321 88006.5 
0.9199 0.0580681 0.0578436 123.691 94715 
0.976059 0.00332886 0.0535483 528.281 94715 
0.96042 0.0124615 0.0656057 272.182 94715 
0.325607 3.80929 0.0484588 6.82214 77549.1 
0.981132 0.00085099 0.0442596 1038.63 94715 
0.874613 0.149019 0.0560206 75.3799 94715 
0.941739 0.0295901 0.0500689 174.948 94715 
0.843619 0.237603 0.0500689 58.5935 94715 
0.825567 0.299753 0.0442596 51.555 94715 
0.976721 0.00299768 0.0669179 557.182 94715 
0.920983 0.0564789 0.0499508 125.366 88006.5 
0.922743 0.0540423 0.0477675 128.263 94715 
0.963574 0.0102374 0.0696857 300.746 94715 
0.200657 4.37964 0.0446079 4.14831 94715 
0.974797 0.00393438 0.0470096 485.616 94715 
0.966121 0.00870198 0.0470096 325.811 94715 
0.973621 0.00451322 0.0442596 453.201 94715 
0.976115 0.00332326 0.0446079 528.281 94715 
0.948717 0.0224349 0.0500689 201.552 94715 
0.9746 0.00395115 0.0763704 485.616 94715 
0.938213 0.0335583 0.0509242 164.028 94715 
0.874229 0.149181 0.0669179 75.3799 94715 
0.974816 0.00393206 0.0442596 485.616 94715 
0.980525 0.00128117 0.0578436 849.526 94715 
0.906426 0.0810376 0.0446079 103.863 94715 
0.81396 0.334173 0.0951576 48.5616 94715 
0.974814 0.00393237 0.0446079 485.616 94715 
0.874229 0.149181 0.0669179 75.3799 94715 
0.727686 0.758219 0.0500689 30.0746 67545.8 
0.953851 0.0174947 0.0669179 229.052 88006.5 
0.926076 0.0487999 0.0669179 135.443 94715 
0.932921 0.0400642 0.0470096 149.682 94715 
0.392416 3.35205 0.0442596 8.61232 94715 
0.949599 0.0216534 0.0441174 205.088 94715 
0.94588 0.0252188 0.0509242 189.88 94715 
0.95205 0.0193458 0.0509242 217.387 94715 
0.979861 0.00162925 0.0500689 753.799 94715 
0.94582 0.0252379 0.0546579 189.88 94715 
0.857003 0.196162 0.0578436 65.0438 94715 
0.94393 0.0272833 0.0463627 182.296 94715 
0.280904 4.06727 0.0470096 5.78059 91730.7 
0.978869 0.00207954 0.0500689 667.751 94715 
0.965484 0.00909138 0.0500689 318.797 94715 
0.890671 0.112368 0.0446079 87.4857 94715 
0.90993 0.0745811 0.0509242 108.528 94715 
0.816126 0.333884 0.0500689 48.5616 94715 
0.891148 0.111357 0.0442596 87.9009 94715 
0.890499 0.112462 0.0500689 87.4857 94715 
0.488909 2.57323 0.0442596 11.9628 88006.5 
0.975677 0.00351339 0.0500689 514.066 94715 
0.93363 0.039207 0.0446079 151.316 94715 
0.980189 0.00146193 0.0547417 795.655 94715 
0.963574 0.0102374 0.0696857 300.746 94715 
0.83442 0.267235 0.0470096 54.8947 62661.3 
0.295895 3.99157 0.0441174 6.11277 88006.5 
0.97715 0.00280624 0.0669179 575.829 94715 
0.472642 2.70881 0.0446079 11.3184 77549.1 
0.405784 3.24982 0.0442596 9.01579 84259.7 
0.921816 0.0553458 0.0509242 126.73 94715 
0.816204 0.333859 0.0484588 48.5616 94715 
0.970949 0.00582647 0.0654219 399.42 94715 
0.245682 4.23328 0.0442596 5.0305 73032.9 
0.974474 0.00395763 0.0951576 485.616 94715 
0.4184 3.15132 0.0442596 9.41206 84259.7 
0.979614 0.00163727 0.106358 753.799 94715 
0.943562 0.027571 0.0547417 181.484 94715 
0.946643 0.0243987 0.0557712 193.211 94715 
0.950782 0.0205335 0.0463627 210.776 94715 
0.539959 2.13298 0.0535483 14.3095 84259.7 
0.816274 0.333835 0.0470096 48.5616 94715 
0.945161 0.0259615 0.0500689 187.065 94715 
0.534179 2.19073 0.0446079 13.99 67545.8 
0.972526 0.00506556 0.0442596 427.691 94715 
0.974112 0.00426476 0.0470096 466.391 94715 
0.830458 0.282364 0.0442596 53.2865 94715 
0.220591 4.32393 0.0446079 4.53025 88006.5 
0.913861 0.0680809 0.0446079 113.739 94715 
0.874823 0.148915 0.0500689 75.3799 94715 
0.833116 0.27005 0.0669179 54.6521 94715 
0.843471 0.237667 0.0535483 58.5935 94715 
0.936459 0.0353186 0.0696857 160.038 94715 
0.917148 0.0624014 0.0477675 119.005 84259.7 
0.914766 0.0662818 0.0500689 115.373 88006.5 
0.929167 0.0449227 0.0500689 141.153 94715 
0.887016 0.119139 0.0669179 84.9526 94715 
0.974771 0.00393738 0.0509242 485.616 94715 
0.974777 0.00393675 0.0500689 485.616 94715 
0.938582 0.0329899 0.0446079 165.277 84259.7 
0.880791 0.134444 0.0470096 79.5655 88006.5 
0.452963 2.87214 0.0446079 10.5856 88006.5 
0.965671 0.00892001 0.0614078 322.216 94715 
0.976115 0.00332326 0.0446079 528.281 94715 
0.960776 0.012331 0.0442596 273.06 94715 
0.393376 3.3448 0.0442596 8.64076 94715 
0.974778 0.00393666 0.0499508 485.616 94715 
0.979886 0.00162765 0.0442596 753.799 94715 
0.977947 0.00249067 0.0484588 610.305 94715 
0.957188 0.0150203 0.0505082 247.238 94715 
0.945988 0.0251807 0.0442596 189.88 94715 
0.943356 0.0276284 0.0669179 181.484 94715 
0.966014 0.00872085 0.0578436 325.811 94715 
0.979203 0.00189369 0.0696857 700.416 94715 
0.972025 0.00532511 0.0442596 417.092 94715 
0.933881 0.0388527 0.0470096 152.066 94715 
0.955083 0.0167757 0.0446079 233.571 94715 
0.921978 0.055114 0.0505082 127 94715 
0.679907 1.06103 0.0446079 24.2791 84259.7 
0.783398 0.470994 0.0484588 39.942 84259.7 
0.843866 0.237484 0.0442596 58.5935 94715 
0.954858 0.0168337 0.0614078 233.571 94715 
0.979322 0.00188712 0.0442596 700.416 94715 
0.205242 4.36871 0.0442596 4.23473 94715 
0.874839 0.148906 0.0496285 75.3799 94715 
0.887083 0.119113 0.0648613 84.9526 94715 
0.944078 0.0271203 0.0470096 182.87 94715 
0.81639 0.333794 0.0446079 48.5616 94715 
0.922074 0.0550692 0.0463627 127 94715 
0.849524 0.219765 0.0442596 61.1193 94715 
0.813351 0.344507 0.0499508 47.7158 91730.7 
0.897264 0.0956264 0.106358 95.5634 94715 
0.91458 0.0664978 0.0578436 115.28 94715 
0.345019 3.68598 0.0470096 7.30849 94715 
0.654417 1.23732 0.0446079 21.8697 56723.4 
0.65787 1.21064 0.0499508 22.2015 94715 
0.975677 0.00351339 0.0500689 514.066 94715 
0.903613 0.0860165 0.0442596 100.641 84259.7 
0.873993 0.149266 0.0736138 75.3799 94715 
0.974788 0.00393553 0.0484588 485.616 94715 
0.97446 0.0040799 0.0535483 477.158 94715 
0.294977 3.99652 0.0442596 6.09199 94715 
0.956551 0.0155724 0.0442596 242.566 94715 
0.810704 0.351826 0.0669179 47.1714 94715 
0.967406 0.00792237 0.0442596 341.501 94715 
0.974737 0.00394084 0.0560206 485.616 94715 
0.945164 0.0253762 0.0951576 189.88 94715 
0.97941 0.00184765 0.0442596 707.813 94715 
0.729248 0.747003 0.0578436 30.3541 94715 
0.924852 0.0506579 0.0614078 132.794 94715 
0.920221 0.0579228 0.0442596 123.691 94715 
0.9761 0.00332491 0.0470096 528.281 94715 
0.294977 3.99652 0.0442596 6.09199 94715 
0.19565 4.38871 0.0463627 4.05576 94715 
0.974816 0.00393206 0.0442596 485.616 94715 
0.959743 0.0130528 0.0509242 265.505 94715 
0.975714 0.00350929 0.0442596 514.066 94715 
0.974814 0.00393237 0.0446079 485.616 94715 
0.975639 0.00351695 0.0560206 514.066 94715 
0.81396 0.334173 0.0951576 48.5616 94715 
0.968296 0.00736754 0.0509242 354.498 94715 
0.955434 0.016486 0.0442596 235.639 94715 
0.960534 0.0124407 0.0557712 272.182 94715 
0.957757 0.014455 0.0669179 252.479 94715 
0.95543 0.0164874 0.0446079 235.639 94715 
0.957334 0.0149022 0.0509242 248.242 94715 
0.921443 0.0558301 0.0442596 126.026 84259.7 
0.95641 0.0155893 0.0578436 242.791 94715 
0.298004 3.97026 0.0505082 6.16986 88006.5 
0.915227 0.0656142 0.0470096 115.947 88006.5 
0.843583 0.237619 0.0509242 58.5935 94715 
0.975677 0.00351339 0.0500689 514.066 94715 
0.870833 0.149712 0.163617 75.3799 94715 
0.979787 0.00163266 0.0669179 753.799 94715 
0.977955 0.00249001 0.0470096 610.305 94715 
0.761376 0.577499 0.0442596 35.4498 67104.5 
0.887745 0.11879 0.0442596 84.9526 94715 
0.371782 3.50413 0.0442596 8.02078 94715 
0.974753 0.00393922 0.0535483 485.616 94715 
0.888991 0.11299 0.0981303 87.4857 94715 
0.973052 0.00473275 0.0669179 443.398 94715 
0.975575 0.0035644 0.0484588 510.295 94715 
0.974708 0.00394344 0.0603441 485.616 94715 
0.84148 0.245173 0.0442596 57.5829 94715 
0.933521 0.0392531 0.0500689 151.316 94715 
0.977459 0.00271068 0.0470096 585.005 94715 
0.90614 0.0815704 0.0442596 103.504 94715 
0.979614 0.00163727 0.106358 753.799 94715 
0.94588 0.0252188 0.0509242 189.88 94715 
0.839243 0.252159 0.0470096 56.7117 94715 
0.923265 0.0525679 0.0707038 130.334 88006.5 
0.95501 0.0167971 0.0500689 233.571 94715 
0.81639 0.333794 0.0446079 48.5616 94715 
0.896524 0.0992156 0.0470096 93.3488 67545.8 
0.975854 0.00344342 0.0446079 518.981 94715 
0.979665 0.00163619 0.0946687 753.799 94715 
0.971092 0.00580886 0.0478425 399.42 94715 
0.946877 0.024178 0.0547417 194.091 94715 
0.328813 3.79145 0.0470096 6.89877 88006.5 
0.979861 0.00162925 0.0500689 753.799 94715 
0.891148 0.111357 0.0442596 87.9009 94715 
0.976513 0.00311227 0.0578436 546.521 94715 
0.688504 1.00331 0.0442596 25.1853 67104.5 
0.951147 0.0202146 0.0446079 212.418 94715 
0.974814 0.00393237 0.0446079 485.616 94715 
0.959446 0.0130902 0.0696857 265.505 91730.7 
0.738389 0.70055 0.0446079 31.5847 94715 
0.829174 0.286827 0.0446079 52.8281 94715 
0.980775 0.00115076 0.0499508 895.371 94715 
0.843619 0.237603 0.0500689 58.5935 94715 
0.736559 0.70847 0.0499508 31.3611 84259.7 
0.935281 0.0367079 0.0710692 156.91 94715 
0.969356 0.00675973 0.0500689 370.177 94715 
0.879179 0.138248 0.0500689 78.4232 94715 
0.577677 1.82899 0.0463627 16.3372 88006.5 
0.971045 0.00581543 0.0535483 399.42 94715 
0.975714 0.00350929 0.0442596 514.066 94715 
0.798288 0.402266 0.0656057 43.7288 94715 
0.874823 0.148915 0.0500689 75.3799 94715 
0.974777 0.00393675 0.0500689 485.616 94715 
0.907356 0.0784376 0.0696857 105.856 94715 
0.865634 0.172539 0.0499508 69.6541 84259.7 
0.96918 0.00686039 0.0499508 367.428 94715 
0.952241 0.0188632 0.0696857 220.486 88006.5 
0.826875 0.287358 0.0951576 52.8281 94715 
0.955406 0.0164944 0.0463627 235.639 94715 
0.973333 0.00458397 0.0698166 450.636 94715 
0.974664 0.00394692 0.0669179 485.616 94715 
0.392416 3.35205 0.0442596 8.61232 94715 
0.372579 3.49828 0.0442596 8.04307 88006.5 
0.941639 0.0296237 0.0557712 174.948 94715 
0.88997 0.112701 0.0669179 87.4857 94715 
0.81639 0.333794 0.0446079 48.5616 94715 
0.916803 0.0632739 0.0446079 118.152 94715 
0.957233 0.0150085 0.0470096 247.238 94715 
0.980562 0.00127957 0.0484588 849.526 94715 
0.340116 3.72266 0.0442596 7.17802 94715 
0.949231 0.0219613 0.0484588 203.722 94715 
0.447364 2.91776 0.0442596 10.3863 62661.3 
0.960589 0.0124291 0.0510862 272.182 94715 
0.979861 0.00162925 0.0500689 753.799 94715 
0.975677 0.00351339 0.0500689 514.066 94715 
0.949555 0.0216684 0.0470096 205.088 94715 
0.796896 0.411338 0.0505082 43.1722 94715 
0.841465 0.24518 0.0446079 57.5829 94715 
0.928539 0.0457744 0.0499508 139.79 94715 
0.926342 0.0487054 0.0547417 135.443 94715 
0.944862 0.0263339 0.0442596 185.582 94715 
0.972913 0.0048525 0.0500689 437.288 94715 
0.974816 0.00393206 0.0442596 485.616 94715 
0.567312 1.89032 0.0698166 15.8388 84259.7 
0.769145 0.539645 0.0446079 36.9078 94715 
0.97582 0.00344716 0.0500689 518.981 94715 
0.228662 4.29787 0.0441174 4.68817 94715 
0.82613 0.296348 0.0535483 51.8981 94715 
0.95493 0.0168174 0.0560206 233.571 94715 
0.972565 0.00503826 0.0470096 428.985 94715 
0.980233 0.00145958 0.0442596 795.655 94715 
0.973198 0.00471719 0.0470096 443.398 94715 
0.860643 0.186672 0.0484588 66.7751 94715 
0.16439 4.43729 0.0442596 3.48228 94715 
0.873251 0.14947 0.0946687 75.3799 94715 
0.874549 0.149048 0.0578436 75.3799 94715 
0.975639 0.00351695 0.0560206 514.066 94715 
0.970619 0.00599883 0.0669179 393.651 94715 
0.964631 0.00941042 0.0678699 313.611 88006.5 
0.843851 0.237492 0.0446079 58.5935 94715 
0.975647 0.00351624 0.0547417 514.066 94715 
0.979861 0.00162925 0.0500689 753.799 94715 
0.829065 0.286874 0.0470096 52.8281 94715 
0.935281 0.0367079 0.0710692 156.91 94715 
0.977351 0.00271084 0.0696857 585.935 94715 
0.933521 0.0392531 0.0500689 151.316 94715 
0.974814 0.00393237 0.0446079 485.616 94715 
0.923661 0.0524263 0.0531706 130.334 88006.5 
0.977212 0.00280223 0.0560206 575.829 94715 
0.812396 0.344732 0.0698166 47.7158 94715 
0.810618 0.354968 0.0500689 46.9168 84259.7 
0.907901 0.0781469 0.0470096 105.856 88006.5 
0.959743 0.0130528 0.0509242 265.505 94715 
0.975627 0.00351794 0.0578436 514.066 94715 
0.936683 0.0352526 0.0578436 160.038 94715 
0.815959 0.333933 0.0535483 48.5616 94715 
0.712768 0.848335 0.0485142 28.0511 94715 
0.85832 0.192921 0.0505082 65.5996 88006.5 
0.315937 3.87125 0.0470096 6.58517 94715 
0.978594 0.00218844 0.0569709 651.346 94715 
0.816105 0.33389 0.0505082 48.5616 94715 
0.931834 0.0410281 0.0696857 148.16 94715 
0.971045 0.00581543 0.0535483 399.42 94715 
0.965251 0.00925401 0.0470096 315.847 94715 
0.977277 0.00279661 0.0446079 575.829 94715 
0.843619 0.237603 0.0500689 58.5935 94715 
0.843619 0.237603 0.0500689 58.5935 94715 
0.974477 0.00395748 0.0946687 485.616 94715 
0.980555 0.00127988 0.0500689 849.526 94715 
0.376842 3.46749 0.0442596 8.16256 94715 
0.959446 0.0130902 0.0696857 265.505 91730.7 
0.83442 0.267235 0.0470096 54.8947 62661.3 
0.638352 1.3566 0.0441174 20.5088 94715 
0.959203 0.0134978 0.0442596 260.826 94715 
0.965406 0.00910502 0.0578436 318.797 94715 
0.980184 0.00146217 0.0560206 795.655 94715 
0.393376 3.3448 0.0442596 8.64076 94715 
0.909762 0.0750801 0.0446079 108.086 94715 
0.92959 0.0444641 0.0442596 141.813 94715 
0.975639 0.00351695 0.0560206 514.066 94715 
0.703476 0.907866 0.0442596 26.8745 94715 
0.979307 0.00188824 0.0475184 700.416 94715 
0.973433 0.00457504 0.0560206 450.636 94715 
0.915296 0.0655786 0.0442596 115.947 88006.5 
0.935188 0.037275 0.0442596 155.294 94715 
0.81639 0.333794 0.0446079 48.5616 94715 
0.808016 0.366308 0.0446079 46.0889 84259.7 
0.920221 0.0579228 0.0442596 123.691 94715 
0.97607 0.00332787 0.0517937 528.281 94715 
0.980972 0.00100858 0.0505082 955.634 94715 
0.843619 0.237603 0.0500689 58.5935 94715 
0.975798 0.00344927 0.0535483 518.981 94715 
0.214874 4.33808 0.0470096 4.42162 84259.7 
0.954208 0.017437 0.0470096 229.052 91730.7 
0.829484 0.284741 0.0505082 53.0474 88006.5 
0.974644 0.0039483 0.0698166 485.616 94715 
0.976241 0.00326606 0.0442596 532.865 94715 
0.826559 0.296184 0.0442596 51.8981 94715 
0.975526 0.00356912 0.0560206 510.295 94715 
0.75144 0.62985 0.0442596 33.6793 94715 
0.596096 1.6774 0.0500689 17.4948 91730.7 
0.945988 0.0251807 0.0442596 189.88 94715 
0.874658 0.148997 0.0547417 75.3799 94715 
0.422003 3.12304 0.0442596 9.52796 94715 
0.558892 1.98317 0.0463627 15.2709 84259.7 
0.971092 0.00580886 0.0478425 399.42 94715 
0.980725 0.00119347 0.0442596 879.009 94715 
0.945798 0.0252444 0.0560206 189.88 94715 
0.94184 0.0295514 0.0442596 174.948 94715 
0.976541 0.00311001 0.0531706 546.521 94715 
0.361325 3.5779 0.0446079 7.73488 94715 
0.214874 4.33808 0.0470096 4.42162 84259.7 
0.321303 3.83632 0.0484588 6.71685 94715 
0.931536 0.0418866 0.0446079 146.252 94715 
0.908032 0.0781406 0.0446079 105.856 94715 
0.907403 0.0783988 0.0669179 105.856 91730.7 
0.655192 1.23351 0.0442596 21.9271 94715 
0.966121 0.00870198 0.0470096 325.811 94715 
0.971073 0.00581155 0.0500689 399.42 94715 
0.974664 0.00394692 0.0669179 485.616 94715 
0.932522 0.0402065 0.0669179 149.682 94715 
0.977134 0.00280711 0.0696857 575.829 94715 
0.980578 0.0012787 0.0442596 849.526 94715 
0.684196 1.03229 0.0446079 24.7238 84259.7 
0.843619 0.237603 0.0500689 58.5935 94715 
0.88074 0.134535 0.0499508 79.5655 94715 
0.974288 0.0041718 0.0500689 471.714 94715 
0.896733 0.0985216 0.0696857 93.9282 94715 
0.830037 0.282535 0.0535483 53.2865 94715 
0.901739 0.0886151 0.0696857 99.2878 88006.5 
0.838208 0.254499 0.0535483 56.4304 84259.7 
0.340116 3.72266 0.0442596 7.17802 94715 
0.980232 0.00145967 0.0446079 795.655 94715 
0.874131 0.149218 0.0696857 75.3799 94715 
0.972779 0.00486629 0.0681041 437.288 94715 
0.739971 0.68976 0.0500689 31.8797 94715 
0.941669 0.0296142 0.0540856 174.948 94715 
0.341329 3.70067 0.0535483 7.22472 94715 
0.892588 0.107852 0.0531706 89.46 94715 
0.376842 3.46749 0.0442596 8.16256 94715 
0.875028 0.148801 0.0442596 75.3799 94715 
0.974816 0.00393206 0.0442596 485.616 94715 
0.974264 0.00417444 0.0535483 471.714 94715 
0.95159 0.0197979 0.0463627 214.731 94715 
0.931388 0.0419764 0.0470096 146.114 91730.7 
0.945983 0.0251829 0.0446079 189.88 94715 
0.571208 1.87773 0.0505082 15.9778 88006.5 
0.945894 0.0252142 0.0500689 189.88 94715 
0.803516 0.384469 0.0441174 44.8426 77549.1 
0.840388 0.245591 0.0696857 57.5829 94715 
0.829174 0.286827 0.0446079 52.8281 94715 
0.815901 0.333949 0.0547417 48.5616 94715 
0.816204 0.333859 0.0484588 48.5616 94715 
0.830037 0.282535 0.0535483 53.2865 94715 
0.841361 0.24523 0.0470096 57.5829 94715 
0.970245 0.00620226 0.0669179 387.107 94715 
0.961314 0.0119426 0.0442596 277.523 94715 
0.880921 0.134435 0.0446079 79.5655 94715 
0.957768 0.0144264 0.0500689 252.232 88006.5 
0.968684 0.00701318 0.0463627 363.007 88006.5 
0.843866 0.237484 0.0442596 58.5935 94715 
0.906378 0.0810637 0.0463627 103.863 94715 
0.980525 0.00128117 0.0578436 849.526 94715 
0.940337 0.0311012 0.0531706 170.593 94715 
0.89728 0.0955526 0.102514 95.5634 84259.7 
0.843866 0.237484 0.0442596 58.5935 94715 
0.321303 3.83632 0.0484588 6.71685 94715 
0.974771 0.00393738 0.0509242 485.616 94715 
0.857213 0.195642 0.0569709 65.1346 94715 
0.96792 0.00759272 0.0500689 349.129 94715 
0.974474 0.00395763 0.0951576 485.616 94715 
0.969383 0.0067553 0.0470096 370.177 94715 
0.416291 3.16793 0.0442596 9.34471 84259.7 
0.980992 0.00100771 0.0446079 955.634 94715 
0.81396 0.334173 0.0951576 48.5616 94715 
0.39626 3.31402 0.0500689 8.73947 73032.9 
0.381612 3.43236 0.0442596 8.29828 84259.7 
0.652015 1.25545 0.0442596 21.6544 67545.8 
0.97497 0.003858 0.0446079 490.281 94715 
0.932969 0.0400429 0.0446079 149.682 94715 
0.980189 0.00146193 0.0547417 795.655 94715 
0.893736 0.104835 0.0654219 90.8827 94715 
0.972906 0.0048533 0.0509242 437.288 94715 
0.331658 3.769 0.0499508 6.97415 94715 
0.419522 3.14267 0.0442596 9.44787 94715 
0.981137 0.00081907 0.0470096 1058.56 94715 
0.974474 0.00395763 0.0951576 485.616 94715 
0.975677 0.00351338 0.050049 514.066 94715 
0.975711 0.00350956 0.0446079 514.066 94715 
0.934325 0.037532 0.0887441 155.294 94715 
0.81639 0.333794 0.0446079 48.5616 94715 
0.971801 0.00534019 0.0569709 416.898 91730.7 
0.979614 0.00163727 0.106358 753.799 94715 
0.879179 0.138248 0.0500689 78.4232 94715 
0.360117 3.58624 0.0446079 7.7024 88006.5 
0.155744 4.44123 0.0442596 3.32803 94715 
0.942486 0.0288238 0.0463627 177.241 94715 
0.980144 0.00150289 0.0446079 784.232 94715 
0.843749 0.237542 0.0470096 58.5935 94715 
0.900762 0.0889199 0.106358 99.2878 94715 
0.979874 0.00162844 0.0470096 753.799 94715 
0.911496 0.0720866 0.0442596 110.399 94715 
0.945956 0.0251927 0.0462437 189.88 94715 
0.96347 0.0104409 0.0442596 297.058 94715 
0.962056 0.0110376 0.0845846 289.634 88006.5 
0.969256 0.00679942 0.0547417 369.256 94715 
0.829174 0.286827 0.0446079 52.8281 94715 
0.176329 4.42535 0.0442596 3.69785 94715 
0.974644 0.0039483 0.0698166 485.616 94715 
0.935855 0.0360386 0.0698166 158.388 94715 
0.855394 0.201484 0.0484588 64.0667 84259.7 
0.975677 0.00351339 0.0500689 514.066 94715 
0.943709 0.0275201 0.0460171 181.484 94715 
0.972586 0.00503517 0.0442596 428.985 94715 
0.979847 0.00162999 0.0531706 753.799 94715 
0.980232 0.00145967 0.0446079 795.655 94715 
0.845825 0.22978 0.0500689 59.6375 67545.8 
0.933143 0.0396516 0.0463627 150.431 88006.5 
0.843583 0.237619 0.0509242 58.5935 94715 
0.975677 0.00351331 0.0499508 514.066 94715 
0.816201 0.33386 0.0485142 48.5616 94715 
0.945887 0.0252166 0.0505082 189.88 94715 
0.354795 3.61965 0.0470096 7.56445 94715 
0.327287 3.79901 0.0484588 6.8633 94715 
0.707844 0.878279 0.0491191 27.4412 94715 
0.95198 0.019464 0.0442596 216.544 94715 
0.947764 0.0232545 0.0540856 197.948 91730.7 
0.546663 2.08423 0.0470096 14.6252 88006.5 
0.917485 0.061998 0.0515841 119.491 94715 
0.971121 0.00580418 0.0442596 399.42 94715 
0.921978 0.055114 0.0505082 127 94715 
0.945164 0.0253762 0.0951576 189.88 94715 
0.940392 0.0310816 0.0500689 170.593 94715 
0.977299 0.00278666 0.0446079 576.854 94715 
0.816201 0.33386 0.0485142 48.5616 94715 
0.979971 0.00158744 0.0442596 763.21 94715 
0.816274 0.333835 0.0470096 48.5616 94715 
0.739971 0.68976 0.0500689 31.8797 94715 
0.974474 0.00395763 0.0951576 485.616 94715 
0.979826 0.001631 0.0578436 753.799 94715 
0.916478 0.0634243 0.0578436 118.152 94715 
0.522018 2.29167 0.0465145 13.4149 94715 
0.981042 0.000933672 0.0535483 992.878 94715 
0.979861 0.00162925 0.0500689 753.799 94715 
0.978877 0.00207898 0.0484588 667.751 94715 
0.974787 0.00393557 0.0485142 485.616 94715 
0.980577 0.00127878 0.0446079 849.526 94715 
0.954304 0.0174327 0.0446079 229.052 94715 
0.980205 0.00146116 0.0509242 795.655 94715 
0.824549 0.30166 0.0560206 51.393 94715 
0.959347 0.0131188 0.0841551 265.505 94715 
0.239189 4.25919 0.0442596 4.89855 94715 
0.979885 0.00162775 0.0446079 753.799 94715 
0.932522 0.0402065 0.0669179 149.682 94715 
0.958412 0.0137334 0.0951576 259.557 94715 
0.917819 0.06152 0.0442596 119.859 88006.5 
0.879179 0.138248 0.0500689 78.4232 94715 
0.16439 4.43729 0.0442596 3.48228 94715 
0.975639 0.00351695 0.0560206 514.066 94715 
0.913762 0.0681319 0.0485142 113.739 94715 
0.874793 0.14893 0.0509242 75.3799 94715 
0.975711 0.00350956 0.0446079 514.066 94715 
0.980961 0.00100897 0.0535483 955.634 94715 
0.897244 0.0982436 0.0505082 93.9282 88006.5 
0.830458 0.282364 0.0442596 53.2865 94715 
0.981132 0.00085099 0.0442596 1038.63 94715 
0.977289 0.00278764 0.0463627 576.854 94715 
0.609626 1.57487 0.0442596 18.3736 67104.5 
0.91387 0.0680762 0.0442596 113.739 94715 
0.977134 0.00280711 0.0696857 575.829 94715 
0.406374 3.23641 0.0500689 9.04736 67545.8 
0.890764 0.111532 0.0557712 87.9009 91730.7 
0.969445 0.00664602 0.0669179 373.883 94715 
0.331068 3.78135 0.0442596 6.95023 94715 
0.816406 0.333788 0.0442596 48.5616 94715 
0.973052 0.00473275 0.0669179 443.398 94715 
0.933504 0.0392599 0.0509242 151.316 94715 
0.979295 0.00188904 0.0500689 700.416 94715 
0.734525 0.722044 0.0446079 31.0056 88006.5 
0.887308 0.119016 0.0578436 84.9526 94715 
0.891148 0.111357 0.0442596 87.9009 94715 
0.906181 0.0811623 0.0535483 103.863 94715 
0.976032 0.00333111 0.0578436 528.281 94715 
0.965424 0.00910205 0.0560206 318.797 94715 
0.880577 0.134617 0.0547417 79.5655 94715 
0.688904 1.00133 0.0442596 25.2232 84259.7 
0.980205 0.00146116 0.0509242 795.655 94715 
0.973476 0.00457016 0.0500689 450.636 94715 
0.824043 0.301793 0.0669179 51.393 94715 
0.862416 0.176407 0.106358 68.9802 94715 
0.974474 0.00395763 0.0951576 485.616 94715 
0.964468 0.00974869 0.0500689 307.75 94715 
0.965542 0.0090793 0.0442596 318.797 94715 
0.904883 0.0817062 0.0980347 103.763 94715 
0.96792 0.00759272 0.0500689 349.129 94715 
0.975639 0.00351695 0.0560206 514.066 94715 
0.849973 0.212544 0.0951576 62.3331 84259.7 
0.96513 0.00934242 0.0446079 314.243 94715 
0.368117 3.51477 0.0547417 7.93932 94715 
0.648557 1.28125 0.0441174 21.3532 84259.7 
0.94184 0.0295514 0.0442596 174.948 94715 
0.39626 3.31402 0.0500689 8.73947 73032.9 
0.979074 0.0018977 0.0970578 700.416 94715 
0.16439 4.43729 0.0442596 3.48228 94715 
0.955357 0.0165083 0.0500689 235.639 94715 
0.974664 0.00394692 0.0669179 485.616 94715 
0.358083 3.60104 0.0442596 7.6471 94715 
0.902444 0.0883623 0.0470096 99.2878 94715 
0.967353 0.00793259 0.0499508 341.501 94715 
0.83103 0.277837 0.0623556 53.7957 94715 
0.210883 4.35346 0.0442596 4.34235 88006.5 
0.816274 0.333835 0.0470096 48.5616 94715 
0.976224 0.00326793 0.0470096 532.865 94715 
0.918165 0.0607983 0.0509242 120.676 88006.5 
0.974816 0.00393206 0.0442596 485.616 94715 
0.944362 0.0268535 0.0442596 183.736 94715 
0.95543 0.0164874 0.0446079 235.639 94715 
0.94588 0.0252188 0.0509242 189.88 94715 
0.843583 0.237619 0.0509242 58.5935 94715 
0.636622 1.36921 0.0442596 20.3722 88006.5 
0.287837 4.03204 0.0463627 5.93371 94715 
0.974737 0.00394084 0.0560206 485.616 94715 
0.875028 0.148801 0.0442596 75.3799 94715 
0.979555 0.00163832 0.119691 753.799 94715 
0.930708 0.0428724 0.0500689 144.595 94715 
0.926695 0.0484299 0.0442596 135.695 94715 
0.264179 4.15311 0.0442596 5.41549 94715 
0.340202 3.72209 0.0442596 7.18023 94715 
0.980189 0.00146193 0.0547417 795.655 94715 
0.910174 0.0739237 0.0578436 109.093 94715 
0.980848 0.00111556 0.0442596 908.827 94715 
0.981064 0.000932871 0.0470096 992.878 94715 
0.916414 0.0638334 0.0470096 117.642 94715 
0.979775 0.0016331 0.0696857 753.799 94715 
0.952684 0.0188053 0.0484588 220.486 94715 
0.874954 0.148844 0.0463627 75.3799 94715 
0.980671 0.00120661 0.0535483 874.857 94715 
0.979861 0.00162925 0.0500689 753.799 94715 
0.880791 0.134444 0.0470096 79.5655 88006.5 
0.977493 0.00270058 0.0442596 585.935 94715 
0.414934 3.17484 0.0470096 9.30776 94715 
0.979309 0.00188807 0.0470096 700.416 94715 
0.94983 0.0211092 0.0763704 208.378 94715 
0.301949 3.95732 0.0442596 6.252 84259.7 
0.9746 0.00395117 0.0764278 485.616 94715 
0.980927 0.00104449 0.0505082 939.282 94715 
0.816305 0.333825 0.0463627 48.5616 94715 
0.826432 0.296237 0.0470096 51.8981 94715 
0.975204 0.00358669 0.106358 510.295 94715 
0.776591 0.503936 0.0442596 38.4127 94715 
0.9795 0.00179895 0.0484588 717.534 94715 
0.974474 0.00395763 0.0951576 485.616 94715 
0.930443 0.0432046 0.0509242 144.034 94715 
0.977285 0.00278799 0.0470096 576.854 94715 
0.252044 4.207 0.0442596 5.16124 84259.7 
0.975714 0.00350929 0.0442596 514.066 94715 
0.81639 0.333794 0.0446079 48.5616 94715 
0.890764 0.111532 0.0557712 87.9009 91730.7 
0.974814 0.00393237 0.0446079 485.616 94715 
0.91387 0.0680762 0.0442596 113.739 94715 
0.948427 0.0227695 0.0442596 199.898 94715 
0.974282 0.00417247 0.0509242 471.714 94715 
0.906276 0.0811162 0.0500689 103.863 94715 
0.824736 0.301494 0.0509242 51.393 84259.7 
0.972779 0.00486629 0.0681041 437.288 94715 
0.928652 0.0457232 0.0446079 139.79 94715 
0.761096 0.577812 0.0509242 35.4498 94715 
0.934215 0.038157 0.0499508 153.468 84259.7 
0.977351 0.00271084 0.0696857 585.935 94715 
0.833195 0.26993 0.0639602 54.6521 84259.7 
0.902523 0.0883192 0.0442596 99.2878 94715 
0.286531 4.04211 0.0442596 5.90175 94715 
0.218068 4.33238 0.0442596 4.48084 94715 
0.970965 0.0058248 0.0634018 399.42 94715 
0.968319 0.00736373 0.0484588 354.498 94715 
0.829174 0.286827 0.0446079 52.8281 94715 
0.955398 0.0164969 0.0470096 235.639 94715 
0.914425 0.0665902 0.0442596 114.96 73032.9 
0.843851 0.237492 0.0446079 58.5935 94715 
0.505868 2.42294 0.0505082 12.7 94715 
0.538117 2.15888 0.0442596 14.1813 94715 
0.974816 0.00393206 0.0442596 485.616 94715 
0.823996 0.305291 0.0442596 51.0295 88006.5 
0.980848 0.00111556 0.0442596 908.827 94715 
0.980706 0.00120495 0.0442596 874.857 94715 
0.943096 0.0281234 0.0500689 179.563 94715 
0.86999 0.160878 0.0547417 72.3519 94715 
0.891148 0.111357 0.0442596 87.9009 94715 
0.974474 0.00395763 0.0951576 485.616 94715 
0.972779 0.00486629 0.0681041 437.288 94715 
0.972953 0.0048469 0.0446079 437.288 94715 
0.978983 0.0020346 0.0470096 674.869 94715 
0.933403 0.0392979 0.0560206 151.316 94715 
0.979836 0.00163057 0.0557712 753.799 94715 
0.771589 0.527853 0.0442596 37.3883 94715 
0.883303 0.127237 0.0578436 81.9321 66875.2 
0.976205 0.00326983 0.0500689 532.865 94715 
0.804257 0.38135 0.0470096 45.0636 94715 
0.244316 4.23503 0.0470096 5.00546 88006.5 
0.979861 0.00162925 0.0500689 753.799 94715 
0.825166 0.300192 0.0499508 51.5181 88006.5 
0.97157 0.00536929 0.101474 416.898 94715 
0.975714 0.00350929 0.0442596 514.066 94715 
0.979555 0.00163832 0.119691 753.799 94715 
0.979295 0.00188904 0.0500689 700.416 94715 
0.967912 0.00759406 0.0509242 349.129 94715 
0.81639 0.333794 0.0446079 48.5616 94715 
0.974725 0.00394197 0.0578436 485.616 94715 
0.959823 0.0130328 0.0442596 265.505 94715 
0.976091 0.00332585 0.0484588 528.281 94715 
0.734266 0.72301 0.0463627 30.9808 94715 
0.848479 0.22253 0.0470096 60.7073 88006.5 
0.974774 0.00393708 0.0505082 485.616 94715 
0.978189 0.00238668 0.0470096 623.331 94715 
0.980189 0.00146193 0.0547417 795.655 94715 
0.967205 0.00795429 0.0656057 341.501 94715 
0.97656 0.00310835 0.0500689 546.521 94715 
0.979834 0.00163062 0.0560206 753.799 94715 
0.915296 0.0655786 0.0442596 115.947 88006.5 
0.9557 0.0159721 0.0535483 239.555 84259.7 
0.978203 0.00238541 0.0442596 623.331 94715 
0.976081 0.00332685 0.0500689 528.281 94715 
0.959267 0.0134499 0.0442596 261.297 94715 
0.979874 0.00162844 0.0470096 753.799 94715 
0.949153 0.021985 0.0535483 203.722 94715 
0.873251 0.14947 0.0946687 75.3799 94715 
0.939987 0.0315261 0.0509242 169.371 94715 
0.974814 0.00393237 0.0446079 485.616 94715 
0.761096 0.577812 0.0509242 35.4498 94715 
0.974746 0.00393996 0.0546579 485.616 94715 
0.932203 0.0409294 0.0500689 148.093 94715 
0.815905 0.333948 0.0546579 48.5616 94715 
0.873234 0.149473 0.0951576 75.3799 94715 
0.974474 0.00395763 0.0951576 485.616 94715 
0.976205 0.00326983 0.0500689 532.865 94715 
0.772662 0.518963 0.0578436 37.7586 94715 
0.980222 0.00146027 0.0470096 795.655 94715 
0.235089 4.27413 0.0446079 4.81653 94715 
0.976241 0.00326606 0.0442596 532.865 94715 
0.874823 0.148915 0.0500689 75.3799 94715 
0.94461 0.0265917 0.0446079 184.668 94715 
0.974797 0.00393438 0.0470096 485.616 94715 
0.358083 3.60104 0.0442596 7.6471 94715 
0.378347 3.4565 0.0442596 8.20513 94715 
0.286531 4.04211 0.0442596 5.90175 94715 
0.965521 0.00908389 0.0463627 318.797 94715 
0.981064 0.000932871 0.0470096 992.878 94715 
0.979857 0.00162946 0.0509242 753.799 94715 
0.969445 0.00664602 0.0669179 373.883 94715 
0.9761 0.00332491 0.0470096 528.281 94715 
0.321303 3.83632 0.0484588 6.71685 94715 
0.917981 0.0613998 0.0446079 120.011 94715 
0.981052 0.000933319 0.0505082 992.878 94715 
0.944251 0.0268939 0.0509242 183.736 94715 
0.977914 0.00249322 0.0546579 610.305 94715 
0.920063 0.0579988 0.0509242 123.691 94715 
0.947917 0.0232042 0.0442596 197.948 91730.7 
0.980851 0.00108204 0.0578436 923.461 94715 
0.97607 0.00332787 0.0517937 528.281 94715 
0.943011 0.0282142 0.0500689 179.267 94715 
0.976224 0.00326793 0.0470096 532.865 94715 
0.828571 0.287054 0.0578436 52.8281 94715 
0.962984 0.0107386 0.0509242 293.089 94715 
0.174371 4.4278 0.0442596 3.66227 94715 
0.923804 0.0524239 0.0505082 130.334 94715 
0.974814 0.00393237 0.0446079 485.616 94715 
0.974753 0.00393922 0.0535483 485.616 94715 
0.843289 0.23774 0.0578436 58.5935 94715 
0.974816 0.00393206 0.0442596 485.616 94715 
0.920239 0.057661 0.0442596 123.937 84259.7 
0.93363 0.039207 0.0446079 151.316 94715 
0.966951 0.0080887 0.0698166 338.728 94715 
0.945983 0.0251829 0.0446079 189.88 94715 
0.331068 3.78135 0.0442596 6.95023 94715 
0.672804 1.10985 0.0442596 23.5639 94715 
0.455439 2.83821 0.0547417 10.7025 94715 
0.980233 0.00145958 0.0442596 795.655 94715 
0.942642 0.0286551 0.0463627 177.775 94715 
0.949599 0.0216534 0.0441174 205.088 94715 
0.941657 0.0296179 0.0547417 174.948 94715 
0.973433 0.00457504 0.0560206 450.636 94715 
0.97941 0.00184765 0.0442596 707.813 94715 
0.972082 0.00513106 0.0946687 426.388 94715 
0.974816 0.00393206 0.0442596 485.616 94715 
0.96959 0.00662727 0.0500689 373.883 94715 
0.322162 3.8332 0.0470096 6.73548 94715 
0.980684 0.00120604 0.0500689 874.857 94715 
0.98036 0.00137769 0.0535483 819.321 94715 
0.286531 4.04211 0.0442596 5.90175 94715 
0.883445 0.12717 0.0535483 81.9321 66875.2 
0.977939 0.00249138 0.0500689 610.305 94715 
0.815752 0.333987 0.0578436 48.5616 94715 
0.979555 0.00163832 0.119691 753.799 94715 
0.305188 3.93822 0.0446079 6.32773 84259.7 
0.974816 0.00393206 0.0442596 485.616 94715 
0.965799 0.00877191 0.0446079 324.224 88006.5 
0.825362 0.300181 0.0463627 51.5181 94715 
0.907885 0.0782174 0.0500689 105.856 94715 
0.975535 0.00356838 0.0547417 510.295 94715 
0.880791 0.134444 0.0470096 79.5655 88006.5 
0.976241 0.00326606 0.0442596 532.865 94715 
0.943774 0.0274713 0.0442596 181.61 94715 
0.91387 0.0680762 0.0442596 113.739 94715 
0.976988 0.00291521 0.0499508 564.304 94715 
0.973146 0.00472363 0.0540856 443.398 94715 
0.656564 1.22369 0.0442596 22.0486 94715 
0.975798 0.00344927 0.0535483 518.981 94715 
0.932976 0.0400397 0.0442596 149.682 94715 
0.748524 0.644634 0.0463627 33.2127 94715 
0.977478 0.00270206 0.0470096 585.935 94715 
0.93363 0.039207 0.0446079 151.316 94715 
0.602895 1.62631 0.0470096 17.9267 94715 
0.97887 0.0020795 0.0499508 667.751 94715 
0.286531 4.04211 0.0442596 5.90175 94715 
0.921873 0.0553197 0.0484588 126.73 94715 
0.85763 0.195441 0.0463627 65.1346 94715 
0.940069 0.031495 0.0463627 169.371 94715 
0.974461 0.00395818 0.0970578 485.616 94715 
0.34813 3.66922 0.0442596 7.38443 94715 
0.906435 0.0810323 0.0442596 103.863 94715 
0.978865 0.00207983 0.0509242 667.751 94715 
0.843851 0.237492 0.0446079 58.5935 94715 
0.286531 4.04211 0.0442596 5.90175 94715 
0.945988 0.0251807 0.0442596 189.88 94715 
0.213575 4.34584 0.0442596 4.39401 94715 
0.975677 0.00351331 0.0499508 514.066 94715 
0.81396 0.334173 0.0951576 48.5616 94715 
0.975711 0.00350956 0.0446079 514.066 94715 
0.894152 0.10469 0.0509242 90.8578 94715 
0.952997 0.0184508 0.0509242 222.658 91730.7 
0.900771 0.0888486 0.102514 99.2878 84259.7 
0.87284 0.14955 0.106358 75.3799 94715 
0.976997 0.00291442 0.0484588 564.304 94715 
0.980725 0.00119347 0.0442596 879.009 94715 
0.980947 0.00100946 0.057727 955.634 94715 
0.97656 0.00310828 0.0499508 546.521 94715 
0.816406 0.333788 0.0442596 48.5616 94715 
0.975677 0.00351339 0.0500689 514.066 94715 
0.962407 0.0110286 0.0696857 289.634 94715 
0.977279 0.0027964 0.0442596 575.829 94715 
0.933521 0.0392531 0.0500689 151.316 94715 
0.976206 0.00326976 0.0499508 532.865 94715 
0.89728 0.0955526 0.102514 95.5634 84259.7 
0.936289 0.0358941 0.0470096 158.388 94715 
0.299099 3.96451 0.0500689 6.19458 73032.9 
0.90632 0.0810938 0.0484588 103.863 94715 
0.918637 0.0599895 0.0535483 121.547 88006.5 
0.958756 0.0136883 0.0669179 259.557 94715 
0.928601 0.0457469 0.0470096 139.79 94715 
0.975639 0.00351695 0.0560206 514.066 94715 
0.400935 3.28682 0.0446079 8.86816 94715 
0.958756 0.0136883 0.0669179 259.557 94715 
0.977299 0.00278666 0.0446079 576.854 94715 
0.932265 0.0409033 0.0470096 148.093 94715 
0.975714 0.00350929 0.0442596 514.066 94715 
0.959699 0.0130627 0.0546579 265.505 94715 
0.936083 0.0359708 0.0578436 158.388 94715 
0.888427 0.113687 0.102514 87.1902 84259.7 
0.975677 0.00351339 0.0500689 514.066 94715 
0.331068 3.78135 0.0442596 6.95023 94715 
0.801163 0.384771 0.0916427 44.8426 88006.5 
0.980233 0.00145958 0.0442596 795.655 94715 
0.816406 0.333788 0.0442596 48.5616 94715 
0.939083 0.0317375 0.101282 169.371 94715 
0.974788 0.00393553 0.0484588 485.616 94715 
0.972363 0.00510987 0.0578436 426.388 94715 
0.972881 0.00485637 0.0543801 437.288 94715 
0.963953 0.0100171 0.0639602 303.942 94715 
0.479888 2.64909 0.0442596 11.5997 94715 
0.959819 0.0130339 0.0446079 265.505 94715 
0.907025 0.0794913 0.0509242 104.943 84259.7 
0.906378 0.0810637 0.0463627 103.863 94715 
0.915401 0.0655506 0.0442596 115.997 94715 
0.321303 3.83632 0.0484588 6.71685 94715 
0.974645 0.00394824 0.0696857 485.616 94715 
0.945983 0.0251829 0.0446079 189.88 94715 
0.973518 0.00456458 0.0442596 450.636 94715 
0.353898 3.62995 0.0442596 7.53576 94715 
0.216807 4.33623 0.0442596 4.45641 94715 
0.965484 0.00909138 0.0500689 318.797 94715 
0.974816 0.00393206 0.0442596 485.616 94715 
0.24585 4.22325 0.0509242 5.04098 94715 
0.790805 0.436954 0.0535483 41.7092 94715 
0.979203 0.00189369 0.0696857 700.416 94715 
0.974474 0.00395763 0.0951576 485.616 94715 
0.974816 0.00393206 0.0442596 485.616 94715 
0.767138 0.548538 0.0470096 36.5505 84259.7 
0.974814 0.00393237 0.0446079 485.616 94715 
0.920083 0.0579896 0.0500689 123.691 94715 
0.81396 0.334173 0.0951576 48.5616 94715 
0.975602 0.00356132 0.0442596 510.295 94715 
0.907901 0.0781469 0.0470096 105.856 88006.5 
0.950921 0.0202583 0.0560206 212.418 91730.7 
0.815959 0.333933 0.0535483 48.5616 94715 
0.911631 0.0715642 0.0535483 110.915 94715 
0.587517 1.74862 0.0470096 16.9371 84259.7 
0.919583 0.0588358 0.0470096 122.728 94715 
0.9138 0.0681127 0.0470096 113.739 94715 
0.194848 4.39329 0.0442596 4.03906 94715 
0.932891 0.040077 0.0485142 149.682 94715 
0.389447 3.35707 0.0560206 8.54944 94715 
0.956437 0.0155833 0.0557712 242.791 94715 
0.874126 0.149219 0.0698166 75.3799 94715 
0.638352 1.3566 0.0441174 20.5088 94715 
0.875436 0.145764 0.0707038 76.321 88006.5 
0.931303 0.0419826 0.0560206 146.252 94715 
0.315937 3.87125 0.0470096 6.58517 94715 
0.80794 0.366439 0.0470096 46.0889 94715 
0.979609 0.00163736 0.107494 753.799 94715 
0.979861 0.00162925 0.0500689 753.799 94715 
0.819203 0.322258 0.0500689 49.5316 94715 
0.960372 0.012469 0.0696857 272.182 94715 
0.60636 1.59887 0.0470096 18.161 88006.5 
0.981101 0.00088679 0.0470096 1017.97 94715 
0.974645 0.00394824 0.0696857 485.616 94715 
0.977491 0.00270078 0.0446079 585.935 94715 
0.275146 4.10045 0.0442596 5.65106 94715 
0.888991 0.11299 0.0981303 87.4857 94715 
0.834125 0.269684 0.0442596 54.6521 94715 
0.194848 4.39329 0.0442596 4.03906 94715 
0.941155 0.0303065 0.0442596 172.701 94715 
0.833116 0.27005 0.0669179 54.6521 94715 
0.842917 0.238927 0.0578436 58.4343 94715 
0.974778 0.00393666 0.0499508 485.616 94715 
0.907255 0.0794748 0.0463627 104.943 94715 
0.828611 0.287041 0.0569709 52.8281 94715 
0.977246 0.00279952 0.0500689 575.829 94715 
0.974746 0.00393996 0.0546579 485.616 94715 
0.940002 0.0315203 0.050049 169.371 94715 
0.843619 0.237603 0.0500689 58.5935 94715 
0.974264 0.00417444 0.0535483 471.714 94715 
0.93432 0.0381129 0.0446079 153.468 84259.7 
0.934147 0.0385303 0.0463627 152.709 94715 
0.975687 0.00351232 0.0484588 514.066 94715 
0.974797 0.00393438 0.0470096 485.616 94715 
0.361325 3.5779 0.0446079 7.73488 94715 
0.96671 0.00811051 0.0951576 338.728 94715 
0.974814 0.00393237 0.0446079 485.616 94715 
0.816274 0.333835 0.0470096 48.5616 94715 
0.911862 0.0714493 0.0446079 110.915 94715 
0.93432 0.0381129 0.0446079 153.468 84259.7 
0.979614 0.00163727 0.106358 753.799 94715 
0.955083 0.0167757 0.0446079 233.571 94715 
0.981131 0.000851035 0.0446079 1038.63 94715 
0.949231 0.0219613 0.0484588 203.722 94715 
0.690444 0.988326 0.0484588 25.4274 67104.5 
0.923945 0.0523575 0.0442596 130.334 94715 
0.941445 0.0296792 0.0669179 174.948 94715 
0.933187 0.0393676 0.0669179 151.316 94715 
0.979665 0.00163619 0.0946687 753.799 94715 
0.973893 0.00436823 0.0484588 460.889 94715 
0.876407 0.145376 0.0442596 76.321 94715 
0.974777 0.00393675 0.0500689 485.616 94715 
0.977491 0.00270078 0.0446079 585.935 94715 
0.754173 0.615316 0.0442596 34.1501 88006.5 
0.975687 0.00351232 0.0484588 514.066 94715 
0.980705 0.00120502 0.0446079 874.857 94715 
0.843294 0.237738 0.057727 58.5935 94715 
0.916744 0.0633041 0.0470096 118.152 94715 
0.88826 0.117506 0.0470096 85.4612 94715 
0.974737 0.00394084 0.0560206 485.616 94715 
0.974814 0.00393237 0.0446079 485.616 94715 
0.97607 0.00332787 0.0517937 528.281 94715 
0.948265 0.0228218 0.0547417 199.898 94715 
0.902137 0.0885121 0.0578436 99.2878 94715 
0.974816 0.00393206 0.0442596 485.616 94715 
0.975854 0.00344342 0.0446079 518.981 94715 
0.936933 0.0351582 0.0446079 160.038 94715 
0.328807 3.79574 0.0442596 6.89414 94715 
0.924715 0.0511835 0.0470096 131.911 94715 
0.971092 0.00580886 0.0478425 399.42 94715 
0.974777 0.00393675 0.0500689 485.616 94715 
0.937204 0.0347802 0.0484588 161 94715 
0.974788 0.00393553 0.0484588 485.616 94715 
0.925719 0.0496075 0.0535483 134.149 94715 
0.973433 0.00457504 0.0560206 450.636 94715 
0.977493 0.00270058 0.0442596 585.935 94715 
0.32489 3.81934 0.0446079 6.79865 67104.5 
0.933428 0.0392887 0.0547417 151.316 94715 
0.924721 0.0511744 0.0470096 131.923 94715 
0.952951 0.018558 0.0499508 222.015 94715 
0.935754 0.0364946 0.0500689 157.095 94715 
0.974264 0.00417444 0.0535483 471.714 94715 
0.843289 0.23774 0.0578436 58.5935 94715 
0.981127 0.000857036 0.0446079 1035.04 94715 
0.783398 0.470994 0.0484588 39.942 84259.7 
0.816085 0.333896 0.0509242 48.5616 94715 
0.974474 0.00395763 0.0951576 485.616 94715 
0.975677 0.00351339 0.0500689 514.066 94715 
0.280904 4.06727 0.0470096 5.78059 91730.7 
0.975627 0.00351794 0.0578436 514.066 94715 
0.94588 0.0252188 0.0509242 189.88 94715 
0.255001 4.19439 0.0442596 5.22255 94715 
0.321303 3.83632 0.0484588 6.71685 94715 
0.975667 0.0035158 0.0509242 513.93 94715 
0.81584 0.333965 0.0560206 48.5616 94715 
0.975204 0.00358669 0.106358 510.295 94715 
0.81639 0.333794 0.0446079 48.5616 94715 
0.365877 3.54632 0.0442596 7.85793 94715 
0.851721 0.212128 0.0535483 62.3331 94715 
0.975627 0.00351794 0.0578436 514.066 94715 
0.816126 0.333884 0.0500689 48.5616 94715 
0.353898 3.62995 0.0442596 7.53576 94715 
0.398606 3.30255 0.0460171 8.80082 94715 
0.975707 0.00351142 0.0446079 513.93 94715 
0.949108 0.0221013 0.0460171 203.004 94715 
0.816201 0.33386 0.0485142 48.5616 94715 
0.624116 1.46378 0.0442596 19.4091 94715 
0.86767 0.167419 0.0470096 70.7813 88006.5 
0.974788 0.00393553 0.0484588 485.616 94715 
0.97157 0.00536929 0.101474 416.898 94715 
0.931424 0.0419353 0.0500689 146.252 94715 
0.902333 0.08842 0.0509242 99.2878 94715 
0.967278 0.00794452 0.0578436 341.501 94715 
0.91387 0.0680762 0.0442596 113.739 94715 
0.935181 0.037278 0.0446079 155.294 94715 
0.86766 0.167489 0.0484588 70.7813 94715 
0.980954 0.00100924 0.0557712 955.634 94715 
0.843749 0.237542 0.0470096 58.5935 94715 
0.259474 4.17459 0.0442596 5.31613 94715 
0.889879 0.112735 0.0698166 87.4857 94715 
0.916811 0.0632694 0.0442596 118.152 94715 
0.975714 0.00350929 0.0442596 514.066 94715 
0.840974 0.245397 0.0560206 57.5829 94715 
0.950721 0.0205527 0.0505082 210.776 94715 
0.935281 0.0367079 0.0710692 156.91 94715 
0.945983 0.0251829 0.0446079 189.88 94715 
0.979857 0.00162946 0.0509242 753.799 94715 
0.409358 3.22233 0.0442596 9.12624 94715 
0.980879 0.001081 0.0500689 923.461 94715 
0.902403 0.0883842 0.0484588 99.2878 94715 
0.973433 0.00457504 0.0560206 450.636 94715 
0.32489 3.81934 0.0446079 6.79865 67104.5 
0.830442 0.282371 0.0446079 53.2865 94715 
0.801163 0.384771 0.0916427 44.8426 88006.5 
0.911386 0.0721903 0.0470096 110.347 94715 
0.979309 0.00188807 0.0470096 700.416 94715 
0.979726 0.00163464 0.0808036 753.799 94715 
0.981073 0.000932483 0.0442596 992.878 94715 
0.979826 0.001631 0.0578436 753.799 94715 
0.978877 0.00207898 0.0484588 667.751 94715 
0.916811 0.0632694 0.0442596 118.152 94715 
0.924473 0.051286 0.0578436 131.911 94715 
0.961314 0.0119426 0.0442596 277.523 94715 
0.874793 0.14893 0.0509242 75.3799 94715 
0.873358 0.149445 0.0916427 75.3799 94715 
0.945768 0.025253 0.0578436 189.88 94715 
0.975677 0.00351339 0.0500689 514.066 94715 
0.958923 0.0136556 0.0531706 259.557 94715 
0.932921 0.0400642 0.0470096 149.682 94715 
0.280674 4.0725 0.0442596 5.77202 88006.5 
0.315937 3.87125 0.0470096 6.58517 94715 
0.979826 0.001631 0.0578436 753.799 94715 
0.974816 0.00393206 0.0442596 485.616 94715 
0.799368 0.402113 0.0446079 43.7288 94715 
0.902444 0.0883623 0.0470096 99.2878 94715 
0.922026 0.0550923 0.0484588 127 94715 
0.906276 0.0811162 0.0500689 103.863 94715 
0.783398 0.470994 0.0484588 39.942 84259.7 
0.979834 0.00163062 0.0560206 753.799 94715 
0.937096 0.034964 0.0446079 160.494 94715 
0.87488 0.148884 0.0484588 75.3799 94715 
0.945161 0.0259615 0.0500689 187.065 94715 
0.502574 2.45751 0.0442596 12.5376 67545.8 
0.935016 0.0373953 0.0500689 155.138 94715 
0.940496 0.0310412 0.0442596 170.593 94715 
0.932313 0.0408816 0.0446079 148.093 94715 
0.974753 0.00393922 0.0535483 485.616 94715 
0.885412 0.123713 0.0499508 83.1843 94715 
0.829811 0.282549 0.0578436 53.2865 88006.5 
0.973518 0.00456458 0.0442596 450.636 94715 
0.652015 1.25545 0.0442596 21.6544 67545.8 
0.980984 0.00100809 0.0470096 955.634 94715 
0.973198 0.00471719 0.0470096 443.398 94715 
0.295895 3.99157 0.0441174 6.11277 88006.5 
0.336142 3.74813 0.0442596 7.07767 67545.8 
0.916583 0.0633796 0.0535483 118.152 94715 
0.608417 1.58525 0.0442596 18.287 94715 
0.348556 3.6576 0.0500689 7.40568 94715 
0.980189 0.00146193 0.0547417 795.655 94715 
0.898742 0.0951742 0.0557712 95.5634 94715 
0.706156 0.889766 0.0470096 27.2182 94715 
0.956437 0.0155833 0.0557712 242.791 94715 
0.816274 0.333835 0.0470096 48.5616 94715 
0.930055 0.0433384 0.0696857 144.034 94715 
0.979886 0.00162765 0.0442596 753.799 94715 
0.960601 0.0124264 0.0500689 272.182 94715 
0.843289 0.23774 0.0578436 58.5935 94715 
0.830195 0.282475 0.0500689 53.2865 94715 
0.816043 0.333909 0.0517937 48.5616 94715 
0.9303 0.0432596 0.0578436 144.034 94715 
0.967205 0.00795429 0.0656057 341.501 94715 
0.722025 0.790692 0.0535483 29.3089 94715 
0.974777 0.00393675 0.0500689 485.616 94715 
0.979609 0.00163736 0.107494 753.799 94715 
0.970136 0.0063331 0.0470096 382.4 94715 
0.950751 0.0205434 0.0484588 210.776 94715 
0.975673 0.00351525 0.0500689 513.93 94715 
0.979857 0.00162946 0.0509242 753.799 94715 
0.890255 0.112581 0.0578436 87.4857 94715 
0.843866 0.237484 0.0442596 58.5935 94715 
0.975677 0.00351331 0.0499508 514.066 94715 
0.913762 0.0681319 0.0485142 113.739 94715 
0.921971 0.0552723 0.0442596 126.73 94715 
0.959773 0.0130458 0.0484588 265.505 94715 
0.874793 0.14893 0.0509242 75.3799 94715 
0.954552 0.0168862 0.0841551 233.571 94715 
0.815959 0.333933 0.0535483 48.5616 94715 
0.946721 0.0243751 0.0509242 193.211 94715 
0.922337 0.0545179 0.0470096 127.644 88006.5 
0.900964 0.0888352 0.0970578 99.2878 88006.5 
0.976445 0.0031473 0.0560206 543.4 94715 
0.929304 0.0445591 0.0560206 141.813 91730.7 
0.810437 0.355119 0.0546579 46.9168 94715 
0.979654 0.00163642 0.0970578 753.799 94715 
0.843268 0.237748 0.0583364 58.5935 94715 
0.965438 0.00909974 0.0546579 318.797 94715 
0.980705 0.00120502 0.0446079 874.857 94715 
0.507102 2.40889 0.0535483 12.7644 94715 
0.811564 0.351539 0.0484588 47.1714 84259.7 
0.967191 0.0080444 0.0463627 338.963 94715 
0.937939 0.0338388 0.0535483 163.372 94715 
0.931303 0.0419826 0.0560206 146.252 94715 
0.978845 0.00210109 0.0442596 663.989 94715 
0.918402 0.0607448 0.0442596 120.676 94715 
0.974777 0.00393675 0.0500689 485.616 94715 
0.798566 0.402245 0.0602122 43.7288 94715 
0.958961 0.0136467 0.0500689 259.557 94715 
0.979857 0.00162946 0.0509242 753.799 94715 
0.722765 0.788935 0.0470096 29.3551 88006.5 
0.975639 0.00351695 0.0560206 514.066 94715 
0.880472 0.134666 0.0578436 79.5655 94715 
0.634742 1.37335 0.0578436 20.3004 94715 
0.980879 0.001081 0.0500689 923.461 94715 
0.928458 0.045994 0.0442596 139.359 94715 
0.946297 0.0244388 0.0696857 193.211 88006.5 
0.913634 0.0681921 0.0535483 113.739 94715 
0.736559 0.70847 0.0499508 31.3611 84259.7 
0.860044 0.188482 0.0442596 66.3989 84259.7 
0.955423 0.0164895 0.0451251 235.639 94715 
0.975677 0.00351331 0.0499508 514.066 94715 
0.950894 0.0202652 0.0578436 212.418 91730.7 
0.959699 0.0130627 0.0546579 265.505 94715 
0.869415 0.162936 0.0441174 71.7976 84259.7 
0.84752 0.224783 0.0535483 60.3942 88006.5 
0.888991 0.11299 0.0981303 87.4857 94715 
0.890541 0.112376 0.0470096 87.4857 88006.5 
0.979663 0.00163624 0.0951576 753.799 94715 
0.975628 0.00351788 0.057727 514.066 94715 
0.979774 0.00163312 0.0698166 753.799 94715 
0.928168 0.0461156 0.0578436 139.359 94715 
0.980555 0.00127988 0.0500689 849.526 94715 
0.972953 0.0048469 0.0446079 437.288 94715 
0.843289 0.23774 0.0578436 58.5935 94715 
0.959006 0.0136352 0.0463627 259.557 94715 
0.327287 3.79901 0.0484588 6.8633 94715 
0.975755 0.00345282 0.0602609 518.981 94715 
0.980655 0.00120724 0.0578436 874.857 94715 
0.971299 0.0055714 0.0669179 408.425 91730.7 
0.805889 0.375158 0.0446079 45.4798 94715 
0.816204 0.333859 0.0484588 48.5616 94715 
0.87284 0.14955 0.106358 75.3799 94715 
0.973515 0.00456494 0.0446079 450.636 94715 
0.975856 0.00344316 0.0442596 518.981 94715 
0.977712 0.00255106 0.0696857 603.942 94715 
0.981092 0.000887145 0.0499508 1017.97 94715 
0.945894 0.0252142 0.0500689 189.88 94715 
0.922115 0.0550491 0.0446079 127 94715 
0.849159 0.220443 0.0484588 61.0305 94715 
0.323765 3.82725 0.0442596 6.77035 84259.7 
0.977491 0.00270078 0.0446079 585.935 94715 
0.941657 0.0296179 0.0547417 174.948 94715 
0.974603 0.00395098 0.0759728 485.616 94715 
0.1714 4.43116 0.0442596 3.60847 94715 
0.815752 0.333987 0.0578436 48.5616 94715 
0.949456 0.0216989 0.0535483 205.088 94715 
0.961283 0.0119506 0.0470096 277.523 94715 
0.977472 0.00270939 0.0446079 585.005 94715 
0.869256 0.163024 0.0484588 71.7976 84259.7 
0.980552 0.00128003 0.0509242 849.526 94715 
0.967406 0.00792237 0.0442596 341.501 94715 
0.866363 0.170832 0.0499508 70.0416 94715 
0.936342 0.0358718 0.0442596 158.388 94715 
0.782889 0.471001 0.0578436 39.942 84259.7 
0.958004 0.0144192 0.0442596 252.232 94715 
0.959743 0.0130528 0.0509242 265.505 94715 
0.887308 0.119016 0.0578436 84.9526 94715 
0.975711 0.00350956 0.0446079 514.066 94715 
0.974474 0.00395763 0.0951576 485.616 94715 
0.833488 0.269877 0.0578436 54.6521 88006.5 
0.975627 0.00351794 0.0578436 514.066 94715 
0.358083 3.60104 0.0442596 7.6471 94715 
0.955351 0.0165553 0.0442596 235.137 94715 
0.979787 0.00163266 0.0669179 753.799 94715 
0.874823 0.148915 0.0500689 75.3799 94715 
0.94461 0.0265917 0.0446079 184.668 94715 
0.351384 3.64714 0.0442596 7.46951 94715 
0.930836 0.042666 0.0442596 144.826 88006.5 
0.897509 0.0955028 0.0946687 95.5634 84259.7 
0.938007 0.0337529 0.0442596 163.372 88006.5 
0.975677 0.00351339 0.0500689 514.066 94715 
0.321303 3.83632 0.0484588 6.71685 94715 
0.979614 0.00163727 0.106358 753.799 94715 
0.958961 0.0136467 0.0500689 259.557 94715 
0.931904 0.040951 0.0572836 148.093 84259.7 
0.979322 0.00188712 0.0442596 700.416 94715 
0.980725 0.00119347 0.0442596 879.009 94715 
0.928168 0.0461156 0.0578436 139.359 94715 
0.975677 0.00351339 0.0500689 514.066 94715 
0.798221 0.402269 0.0669179 43.7288 94715 
0.974645 0.00394824 0.0696857 485.616 94715 
0.419522 3.14267 0.0442596 9.44787 94715 
0.96548 0.00909222 0.0505082 318.797 94715 
0.981073 0.000932483 0.0442596 992.878 94715 
0.843392 0.2377 0.0554253 58.5935 94715 
0.945983 0.0251829 0.0446079 189.88 94715 
0.980946 0.00100947 0.0578436 955.634 94715 
0.873251 0.14947 0.0946687 75.3799 94715 
0.816274 0.333835 0.0470096 48.5616 94715 
0.907901 0.0781469 0.0470096 105.856 88006.5 
0.249518 4.21771 0.0442596 5.10907 88006.5 
0.294977 3.99652 0.0442596 6.09199 94715 
0.336142 3.74813 0.0442596 7.07767 67545.8 
0.544885 2.10115 0.0442596 14.525 62661.3 
0.803295 0.384717 0.0499508 44.8426 94715 
0.700589 0.925064 0.0463627 26.5505 94715 
0.960372 0.012469 0.0696857 272.182 94715 
0.980215 0.00146061 0.0484588 795.655 94715 
0.940057 0.0314996 0.0470096 169.371 94715 
0.79099 0.436936 0.0500689 41.7092 94715 
0.874793 0.14893 0.0509242 75.3799 94715 
0.967779 0.00768826 0.0470096 346.819 94715 
0.815182 0.334097 0.0696857 48.5616 94715 
0.95895 0.0136492 0.0509242 259.557 94715 
0.816274 0.333835 0.0470096 48.5616 94715 
0.977508 0.0026704 0.0560206 589.834 94715 
0.930055 0.0433384 0.0696857 144.034 94715 
0.858564 0.192793 0.0442596 65.5996 88006.5 
0.95628 0.015615 0.0678699 242.791 94715 
0.971092 0.00580886 0.0478425 399.42 94715 
0.973904 0.00436693 0.0470096 460.889 94715 
0.933487 0.0392666 0.0517937 151.316 94715 
0.617613 1.51315 0.0446079 18.9362 84259.7 
0.16439 4.43729 0.0442596 3.48228 94715 
0.16439 4.43729 0.0442596 3.48228 94715 
0.408779 3.22683 0.0442596 9.10825 94715 
0.874126 0.149219 0.0698166 75.3799 94715 
0.981064 0.000932871 0.0470096 992.878 94715 
0.286531 4.04211 0.0442596 5.90175 94715 
0.826559 0.296184 0.0442596 51.8981 94715 
0.954151 0.0174752 0.0557712 229.052 94715 
0.965251 0.00925401 0.0470096 315.847 94715 
0.965134 0.00934161 0.0442596 314.243 94715 
0.16439 4.43729 0.0442596 3.48228 94715 
0.974788 0.00393553 0.0484588 485.616 94715 
0.95106 0.0202421 0.0505082 212.418 94715 
0.978983 0.0020346 0.0470096 674.869 94715 
0.874823 0.148915 0.0500689 75.3799 94715 
0.974814 0.00393237 0.0446079 485.616 94715 
0.322628 3.83027 0.0470096 6.74684 91730.7 
0.968296 0.00736754 0.0509242 354.498 94715 
0.933504 0.0392599 0.0509242 151.316 94715 
0.819916 0.320522 0.0442596 49.6723 94715 
0.974644 0.0039483 0.0698166 485.616 94715 
0.980879 0.001081 0.0500689 923.461 94715 
0.936722 0.0352395 0.0557712 160.038 94715 
0.978898 0.00207737 0.0442596 667.751 94715 
0.945798 0.0252444 0.0560206 189.88 94715 
0.972837 0.00486097 0.0602122 437.288 94715 
0.930485 0.043161 0.0470096 144.034 91730.7 
0.975782 0.00345065 0.0560206 518.981 94715 
0.93673 0.0351802 0.0499508 160.038 88006.5 
0.875039 0.148775 0.0442596 75.387 94715 
0.913571 0.0682197 0.0560206 113.739 94715 
0.179914 4.41276 0.0500689 3.76753 94715 
0.975677 0.00351331 0.0499508 514.066 94715 
0.556491 2.00551 0.0442596 15.1316 94715 
0.980144 0.00150289 0.0446079 784.232 94715 
0.46167 2.80043 0.0446079 10.9033 94715 
0.980497 0.0013117 0.0500689 839.267 94715 
0.975714 0.00350929 0.0442596 514.066 94715 
0.941207 0.0301963 0.0484588 173.108 94715 
0.477985 2.66457 0.0446079 11.5258 94715 
0.447364 2.91776 0.0442596 10.3863 62661.3 
0.873019 0.149517 0.101282 75.3799 94715 
0.974777 0.00393675 0.0500689 485.616 94715 
0.885751 0.119487 0.106358 84.9526 94715 
0.979614 0.00163727 0.106358 753.799 94715 
0.951856 0.0195731 0.0446079 215.938 94715 
0.777108 0.499762 0.0509242 38.5989 94715 
0.980512 0.00129691 0.0535483 844.188 94715 
0.974797 0.00393438 0.0470096 485.616 94715 
0.923351 0.052541 0.0669179 130.334 88006.5 
0.933187 0.0393676 0.0669179 151.316 94715 
0.977478 0.00270206 0.0470096 585.935 94715 
0.93363 0.039207 0.0446079 151.316 94715 
0.911631 0.0715642 0.0535483 110.915 94715 
0.979885 0.00162775 0.0446079 753.799 94715 
0.980984 0.00100809 0.0470096 955.634 94715 
0.907611 0.078341 0.0602122 105.856 94715 
0.843583 0.237619 0.0509242 58.5935 94715 
0.976075 0.00332736 0.0509242 528.281 94715 
0.24585 4.22325 0.0509242 5.04098 94715 
0.979886 0.00162765 0.0442596 753.799 94715 
0.465361 2.77028 0.0442596 11.0399 94715 
0.294977 3.99652 0.0442596 6.09199 94715 
0.974756 0.00393896 0.0531706 485.616 94715 
0.73287 0.730918 0.0463627 30.775 94715 
0.979861 0.00162925 0.0500689 753.799 94715 
0.843866 0.237484 0.0442596 58.5935 94715 
0.980984 0.00100809 0.0470096 955.634 94715 
0.843421 0.237688 0.0547417 58.5935 94715 
