9.47306e-12 1.90004e-08
2.3508e-10 2.235e-07
5.55363e-09 2.63125e-06
1.20883e-07 2.98627e-05
2.29053e-06 0.000305374
3.42819e-05 0.00251468
0.000349733 0.0141563
0.00209483 0.0466536
0.00713707 0.0889297
0.0154876 0.112107
0.0248932 0.108356
0.0332513 0.0888678
0.0397074 0.0658204
0.0442975 0.0457441
0.0474026 0.030551
0.0494406 0.0199025
0.0507536 0.0127655
0.0515899 0.0081086
0.0521188 0.00511939
0.0524517 0.00321991
0.0526608 0.00202041
0.0527919 0.00126588
0.0528739 0.000792393
0.0529252 0.000495724
0.0529573 0.000310014
0.0529774 0.000193832
0.05299 0.000121173
0.0529978 7.57445e-05
0.0530027 4.73447e-05
0.0530058 2.95921e-05
0.0530077 1.84957e-05
0.0530089 1.15601e-05
0.0530096 7.22516e-06
