0.477533 0.318074 769.829 0.209839 0.1 
0.3288 0.337617 220.358 0.1 0.1 
0.297867 0.359156 1000 0.1 0.1 
0.989533 0.112465 1000 1000 0.1 
0.5528 0.290586 1000 0.209839 0.1 
0.625267 0.273883 769.829 0.387842 0.1 
0.296533 0.368484 769.829 0.1 0.1 
0.9874 0.207694 1000 1000 0.1 
0.370467 0.324742 1000 0.1 0.1 
0.9892 0.16433 1000 1000 0.1 
0.9878 0.165208 1000 1000 0.1 
0.421867 0.32054 1000 0.209839 0.1 
0.989933 0.0563029 1000 1000 0.1 
0.867467 0.261534 1000 2.15199 0.1 
0.2552 0.370279 1000 0.1 0.1 
0.823933 0.0832007 109.613 2.15199 0.1 
0.881267 0.0789468 1000 2.15199 0.1 
0.987933 0.244337 1000 1000 0.1 
0.964267 0.0746703 1000 1000 0.1 
0.1652 0.000631967 1000 0.1 6.26103 
0.4052 0.270703 1000 0.209839 0.1 
0.414067 0.190314 1000 0.209839 0.1 
0.9868 3.37474e-10 1000 1000 1000 
0.831667 0.148277 1000 2.15199 0.1 
0.985333 0.125442 1000 1000 0.1 
0.963533 0.0515168 1000 1000 0.1 
0.8818 0.0725501 1000 2.15199 0.1 
0.5862 0.233255 769.829 0.387842 0.1 
0.503 0.22119 1000 0.209839 0.1 
0.861067 0.161241 1000 2.15199 0.1 
0.496533 0.320571 1000 0.209839 0.1 
0.438467 0.208172 769.829 0.209839 0.1 
0.8396 0.1753 1000 2.15199 0.1 
0.987467 0.120186 1000 1000 0.1 
0.4704 0.263818 1000 0.209839 0.1 
0.987133 0.127278 1000 1000 0.1 
0.988533 0.146139 1000 1000 0.1 
0.837133 0.0961138 1000 2.15199 0.1 
0.2802 0.252682 1000 0.1 0.1 
0.262933 0.266427 1000 0.1 0.1 
0.466267 0.228683 1000 0.209839 0.1 
0.311533 0.26966 1000 0.1 0.1 
0.786533 0.134568 1000 2.15199 0.1 
0.437 0.18448 1000 0.209839 0.1 
0.144 0.000251651 4.20461 0.1 119.181 
0.972867 0.000513929 1000 1000 2.13791 
0.9866 3.18427e-07 1000 1000 1000 
0.973267 0.118284 1000 1000 0.1 
0.668867 0.18531 1000 0.418087 0.1 
0.987 0.101633 1000 1000 0.1 
