0.0209183 0.163744 1.52405 
0.0262614 0.110698 2.65827 
0.0243316 0.150459 1.88163 
0.0262543 0.114312 2.58245 
0.0216283 0.162433 1.58076 
0.0200854 0.164633 1.46387 
0.0252338 0.141694 2.05327 
0.0254716 0.138432 2.11494 
0.0228754 0.158597 1.69747 
0.0204648 0.164308 1.49053 
0.0229668 0.158222 1.70716 
0.0223161 0.160591 1.64191 
0.0253192 0.140588 2.07424 
0.0216624 0.162356 1.58364 
0.0260309 0.126754 2.33566 
0.02339 0.156284 1.75469 
0.0251582 0.142619 2.03567 
0.0189358 0.164877 1.38932 
0.0228754 0.158597 1.69747 
0.0258576 0.131363 2.24799 
0.0235902 0.155238 1.77891 
0.026027 0.126876 2.33332 
0.0262613 0.110635 2.65963 
0.0228234 0.158803 1.69204 
0.0232002 0.157196 1.7328 
0.0261272 0.123267 2.40304 
0.0258406 0.131747 2.24073 
0.0254716 0.138432 2.11494 
0.0262543 0.114312 2.58245 
0.0254716 0.138432 2.11494 
0.0216283 0.162433 1.58076 
0.0204648 0.164308 1.49053 
0.0235037 0.155701 1.7683 
0.0200854 0.164633 1.46387 
0.0252338 0.141694 2.05327 
0.0254716 0.138432 2.11494 
0.0254716 0.138432 2.11494 
0.0204648 0.164308 1.49053 
0.0204648 0.164308 1.49053 
0.021292 0.163122 1.5532 
0.0259546 0.128968 2.29338 
0.0256492 0.135537 2.16938 
0.0216283 0.162433 1.58076 
0.0254716 0.138432 2.11494 
0.0229668 0.158222 1.70716 
0.0249117 0.145345 1.98329 
0.0204648 0.164308 1.49053 
0.0262614 0.110698 2.65827 
0.0262614 0.110698 2.65827 
0.0223161 0.160591 1.64191 
0.0262614 0.110698 2.65827 
0.0252338 0.141694 2.05327 
0.0216283 0.162433 1.58076 
0.0262614 0.110698 2.65827 
0.0223161 0.160591 1.64191 
0.0229668 0.158222 1.70716 
0.0243316 0.150459 1.88163 
0.0217491 0.162153 1.59102 
0.0253192 0.140588 2.07424 
0.0259546 0.128968 2.29338 
0.0228754 0.158597 1.69747 
0.0204648 0.164308 1.49053 
0.0260309 0.126754 2.33566 
0.0254716 0.138432 2.11494 
0.0235902 0.155238 1.77891 
0.0229668 0.158222 1.70716 
0.0204648 0.164308 1.49053 
0.0229668 0.158222 1.70716 
0.0261272 0.123267 2.40304 
0.0200854 0.164633 1.46387 
0.0254716 0.138432 2.11494 
0.0253192 0.140588 2.07424 
0.0232002 0.157196 1.7328 
0.0204648 0.164308 1.49053 
0.0200854 0.164633 1.46387 
0.0204648 0.164308 1.49053 
0.0235037 0.155701 1.7683 
0.0251582 0.142619 2.03567 
0.021292 0.163122 1.5532 
0.0216283 0.162433 1.58076 
0.0258576 0.131363 2.24799 
0.0200854 0.164633 1.46387 
0.0204648 0.164308 1.49053 
0.0189358 0.164877 1.38932 
0.0200854 0.164633 1.46387 
0.0261272 0.123267 2.40304 
0.0223161 0.160591 1.64191 
0.0258406 0.131747 2.24073 
0.0235902 0.155238 1.77891 
0.0200854 0.164633 1.46387 
0.0254716 0.138432 2.11494 
0.0243316 0.150459 1.88163 
0.02339 0.156284 1.75469 
0.0262613 0.110635 2.65963 
0.0252338 0.141694 2.05327 
0.0200854 0.164633 1.46387 
0.0204648 0.164308 1.49053 
0.0260309 0.126754 2.33566 
0.0252338 0.141694 2.05327 
0.021292 0.163122 1.5532 
0.0262613 0.110635 2.65963 
0.0204648 0.164308 1.49053 
0.0258576 0.131363 2.24799 
0.0252338 0.141694 2.05327 
0.0216283 0.162433 1.58076 
0.0254716 0.138432 2.11494 
0.0200854 0.164633 1.46387 
0.0256492 0.135537 2.16938 
0.0200854 0.164633 1.46387 
0.0229668 0.158222 1.70716 
0.026027 0.126876 2.33332 
0.0228234 0.158803 1.69204 
0.0229668 0.158222 1.70716 
0.0228754 0.158597 1.69747 
0.0252338 0.141694 2.05327 
0.0200854 0.164633 1.46387 
0.0262614 0.110698 2.65827 
0.0252338 0.141694 2.05327 
0.0254716 0.138432 2.11494 
0.021292 0.163122 1.5532 
0.0262543 0.114312 2.58245 
0.0223161 0.160591 1.64191 
0.0243316 0.150459 1.88163 
0.0204648 0.164308 1.49053 
0.0262614 0.110698 2.65827 
0.0228754 0.158597 1.69747 
0.0253192 0.140588 2.07424 
0.026027 0.126876 2.33332 
0.026027 0.126876 2.33332 
0.0262543 0.114312 2.58245 
0.0254716 0.138432 2.11494 
0.0204648 0.164308 1.49053 
0.0252338 0.141694 2.05327 
0.0216283 0.162433 1.58076 
0.0217491 0.162153 1.59102 
0.0252338 0.141694 2.05327 
0.0228754 0.158597 1.69747 
0.0223161 0.160591 1.64191 
0.0200854 0.164633 1.46387 
0.0217491 0.162153 1.59102 
0.0229668 0.158222 1.70716 
0.0216283 0.162433 1.58076 
0.0223161 0.160591 1.64191 
0.0249117 0.145345 1.98329 
0.021292 0.163122 1.5532 
0.0251582 0.142619 2.03567 
0.0223161 0.160591 1.64191 
0.0228754 0.158597 1.69747 
0.0200854 0.164633 1.46387 
0.0254716 0.138432 2.11494 
0.0261272 0.123267 2.40304 
0.0235902 0.155238 1.77891 
0.0216283 0.162433 1.58076 
0.0216283 0.162433 1.58076 
0.0260309 0.126754 2.33566 
0.0204648 0.164308 1.49053 
0.0204648 0.164308 1.49053 
0.0262543 0.114312 2.58245 
0.0254716 0.138432 2.11494 
0.0228754 0.158597 1.69747 
0.0258406 0.131747 2.24073 
0.0254716 0.138432 2.11494 
0.0261272 0.123267 2.40304 
0.0262617 0.111049 2.65081 
0.0254716 0.138432 2.11494 
0.0262614 0.110698 2.65827 
0.0262614 0.110698 2.65827 
0.0216283 0.162433 1.58076 
0.0200854 0.164633 1.46387 
0.0258406 0.131747 2.24073 
0.0204648 0.164308 1.49053 
0.0262613 0.110635 2.65963 
0.0258576 0.131363 2.24799 
0.0216283 0.162433 1.58076 
0.0189358 0.164877 1.38932 
0.0256492 0.135537 2.16938 
0.0229668 0.158222 1.70716 
0.0229668 0.158222 1.70716 
0.0254716 0.138432 2.11494 
0.0262543 0.114312 2.58245 
0.0204648 0.164308 1.49053 
0.02339 0.156284 1.75469 
0.0251582 0.142619 2.03567 
0.0243316 0.150459 1.88163 
0.0204648 0.164308 1.49053 
0.026027 0.126876 2.33332 
0.0254716 0.138432 2.11494 
0.026027 0.126876 2.33332 
0.0259546 0.128968 2.29338 
0.0216283 0.162433 1.58076 
0.0204648 0.164308 1.49053 
0.0254716 0.138432 2.11494 
0.0254716 0.138432 2.11494 
0.021292 0.163122 1.5532 
0.0229668 0.158222 1.70716 
0.0254716 0.138432 2.11494 
0.0200854 0.164633 1.46387 
0.0223161 0.160591 1.64191 
0.0261272 0.123267 2.40304 
0.0216283 0.162433 1.58076 
0.0254716 0.138432 2.11494 
0.0204648 0.164308 1.49053 
0.0223161 0.160591 1.64191 
0.0254716 0.138432 2.11494 
0.0235902 0.155238 1.77891 
0.0223161 0.160591 1.64191 
0.0200854 0.164633 1.46387 
0.0235902 0.155238 1.77891 
0.0216283 0.162433 1.58076 
0.0254716 0.138432 2.11494 
0.0200854 0.164633 1.46387 
0.0243316 0.150459 1.88163 
0.0229668 0.158222 1.70716 
0.0254716 0.138432 2.11494 
0.0254716 0.138432 2.11494 
0.0223161 0.160591 1.64191 
0.0229668 0.158222 1.70716 
0.021292 0.163122 1.5532 
0.0216624 0.162356 1.58364 
0.0254716 0.138432 2.11494 
0.0254716 0.138432 2.11494 
0.0223161 0.160591 1.64191 
0.0262614 0.110698 2.65827 
0.0235037 0.155701 1.7683 
0.0262614 0.110698 2.65827 
0.0261272 0.123267 2.40304 
0.0228754 0.158597 1.69747 
0.0200854 0.164633 1.46387 
0.0254716 0.138432 2.11494 
0.0254716 0.138432 2.11494 
0.0204648 0.164308 1.49053 
0.0200854 0.164633 1.46387 
0.0253192 0.140588 2.07424 
0.0216624 0.162356 1.58364 
0.0228754 0.158597 1.69747 
0.0189358 0.164877 1.38932 
0.0260309 0.126754 2.33566 
0.0228234 0.158803 1.69204 
0.0260309 0.126754 2.33566 
0.0252338 0.141694 2.05327 
0.0262614 0.110698 2.65827 
0.0200854 0.164633 1.46387 
0.0216283 0.162433 1.58076 
0.0204648 0.164308 1.49053 
0.0235902 0.155238 1.77891 
0.0261272 0.123267 2.40304 
0.0253192 0.140588 2.07424 
0.0252072 0.142025 2.04699 
0.0262543 0.114312 2.58245 
0.0261272 0.123267 2.40304 
0.0189358 0.164877 1.38932 
0.0262613 0.110635 2.65963 
0.0262614 0.110698 2.65827 
0.0209183 0.163744 1.52405 
0.0243316 0.150459 1.88163 
0.021292 0.163122 1.5532 
0.021292 0.163122 1.5532 
0.0217491 0.162153 1.59102 
0.0235902 0.155238 1.77891 
0.0216283 0.162433 1.58076 
0.0204648 0.164308 1.49053 
0.026027 0.126876 2.33332 
0.0204648 0.164308 1.49053 
0.0235037 0.155701 1.7683 
0.0251582 0.142619 2.03567 
0.0204648 0.164308 1.49053 
0.0229668 0.158222 1.70716 
0.0229668 0.158222 1.70716 
0.0216283 0.162433 1.58076 
0.0209183 0.163744 1.52405 
0.0262613 0.110635 2.65963 
0.0223161 0.160591 1.64191 
0.0229668 0.158222 1.70716 
0.0216283 0.162433 1.58076 
0.0262617 0.111049 2.65081 
0.0235037 0.155701 1.7683 
0.0223161 0.160591 1.64191 
0.0228754 0.158597 1.69747 
0.021292 0.163122 1.5532 
0.0204648 0.164308 1.49053 
0.0229668 0.158222 1.70716 
0.0216283 0.162433 1.58076 
0.0200854 0.164633 1.46387 
0.0217491 0.162153 1.59102 
0.0204648 0.164308 1.49053 
0.0200854 0.164633 1.46387 
0.0262613 0.110635 2.65963 
0.0200854 0.164633 1.46387 
0.0200854 0.164633 1.46387 
0.0259546 0.128968 2.29338 
0.0254716 0.138432 2.11494 
0.0256492 0.135537 2.16938 
0.0228754 0.158597 1.69747 
0.0252338 0.141694 2.05327 
0.0200854 0.164633 1.46387 
0.0262617 0.111049 2.65081 
0.0200854 0.164633 1.46387 
0.0229668 0.158222 1.70716 
0.0200854 0.164633 1.46387 
0.0228234 0.158803 1.69204 
0.0228754 0.158597 1.69747 
0.0253192 0.140588 2.07424 
0.026027 0.126876 2.33332 
0.0229668 0.158222 1.70716 
0.026027 0.126876 2.33332 
0.0228754 0.158597 1.69747 
0.0228754 0.158597 1.69747 
0.0254716 0.138432 2.11494 
0.0235037 0.155701 1.7683 
0.0254716 0.138432 2.11494 
0.0200854 0.164633 1.46387 
0.0216283 0.162433 1.58076 
0.0262543 0.114312 2.58245 
0.0254716 0.138432 2.11494 
0.0228234 0.158803 1.69204 
0.026027 0.126876 2.33332 
0.0261272 0.123267 2.40304 
0.0223161 0.160591 1.64191 
0.0254716 0.138432 2.11494 
0.0216283 0.162433 1.58076 
0.0228754 0.158597 1.69747 
0.0204648 0.164308 1.49053 
0.0204648 0.164308 1.49053 
0.0243316 0.150459 1.88163 
0.0228234 0.158803 1.69204 
0.0259546 0.128968 2.29338 
0.0200854 0.164633 1.46387 
0.0200854 0.164633 1.46387 
0.0262613 0.110635 2.65963 
0.0189358 0.164877 1.38932 
0.0200854 0.164633 1.46387 
0.0216624 0.162356 1.58364 
0.0228754 0.158597 1.69747 
0.0252338 0.141694 2.05327 
0.0256492 0.135537 2.16938 
0.0253192 0.140588 2.07424 
0.0262543 0.114312 2.58245 
0.0254716 0.138432 2.11494 
0.0228754 0.158597 1.69747 
0.0204648 0.164308 1.49053 
0.0254716 0.138432 2.11494 
0.0216283 0.162433 1.58076 
0.0204648 0.164308 1.49053 
0.0200854 0.164633 1.46387 
0.0189358 0.164877 1.38932 
0.0200854 0.164633 1.46387 
0.0259709 0.128524 2.30184 
0.0260309 0.126754 2.33566 
0.0262613 0.110635 2.65963 
0.0200854 0.164633 1.46387 
0.0223161 0.160591 1.64191 
0.0262614 0.110698 2.65827 
0.0254716 0.138432 2.11494 
0.0233712 0.156378 1.75248 
0.0254716 0.138432 2.11494 
0.0204648 0.164308 1.49053 
0.0229668 0.158222 1.70716 
0.0262614 0.110698 2.65827 
0.0253192 0.140588 2.07424 
0.0262614 0.110698 2.65827 
0.0254716 0.138432 2.11494 
0.0260309 0.126754 2.33566 
0.0258406 0.131747 2.24073 
0.0262614 0.110698 2.65827 
0.0260309 0.126754 2.33566 
0.0256492 0.135537 2.16938 
0.0200854 0.164633 1.46387 
0.0260309 0.126754 2.33566 
0.021292 0.163122 1.5532 
0.0259546 0.128968 2.29338 
0.0249117 0.145345 1.98329 
0.0254716 0.138432 2.11494 
0.0254716 0.138432 2.11494 
0.0229668 0.158222 1.70716 
0.0252338 0.141694 2.05327 
0.021292 0.163122 1.5532 
0.0223161 0.160591 1.64191 
0.0216283 0.162433 1.58076 
0.0254716 0.138432 2.11494 
0.0262543 0.114312 2.58245 
0.0258406 0.131747 2.24073 
0.0228234 0.158803 1.69204 
0.0204648 0.164308 1.49053 
0.021292 0.163122 1.5532 
0.0243316 0.150459 1.88163 
0.0261272 0.123267 2.40304 
0.0252338 0.141694 2.05327 
0.0261272 0.123267 2.40304 
0.0258576 0.131363 2.24799 
0.0204648 0.164308 1.49053 
0.0254716 0.138432 2.11494 
0.0252338 0.141694 2.05327 
0.0262543 0.114312 2.58245 
0.0252338 0.141694 2.05327 
0.0252338 0.141694 2.05327 
0.0254716 0.138432 2.11494 
0.0204648 0.164308 1.49053 
0.0200854 0.164633 1.46387 
0.0204648 0.164308 1.49053 
0.0200854 0.164633 1.46387 
0.0200854 0.164633 1.46387 
0.0262613 0.110635 2.65963 
0.0204648 0.164308 1.49053 
0.0256492 0.135537 2.16938 
0.0204648 0.164308 1.49053 
0.0235902 0.155238 1.77891 
0.0258406 0.131747 2.24073 
0.0229668 0.158222 1.70716 
0.0204648 0.164308 1.49053 
0.0258406 0.131747 2.24073 
0.0200854 0.164633 1.46387 
0.0252338 0.141694 2.05327 
0.0228754 0.158597 1.69747 
0.0262614 0.110698 2.65827 
0.0252338 0.141694 2.05327 
0.0216283 0.162433 1.58076 
0.02339 0.156284 1.75469 
0.0262614 0.110698 2.65827 
0.0235902 0.155238 1.77891 
0.0235902 0.155238 1.77891 
0.0253192 0.140588 2.07424 
0.0254716 0.138432 2.11494 
0.0262613 0.110635 2.65963 
0.0253192 0.140588 2.07424 
0.026027 0.126876 2.33332 
0.0261272 0.123267 2.40304 
0.0223161 0.160591 1.64191 
0.0200854 0.164633 1.46387 
0.0260309 0.126754 2.33566 
0.0254716 0.138432 2.11494 
0.0228754 0.158597 1.69747 
0.0251582 0.142619 2.03567 
0.0254716 0.138432 2.11494 
0.0216283 0.162433 1.58076 
0.0249117 0.145345 1.98329 
0.0223161 0.160591 1.64191 
0.0262614 0.110698 2.65827 
0.0254716 0.138432 2.11494 
0.0223161 0.160591 1.64191 
0.0216283 0.162433 1.58076 
0.021292 0.163122 1.5532 
0.0228754 0.158597 1.69747 
0.0252338 0.141694 2.05327 
0.0254716 0.138432 2.11494 
0.0229668 0.158222 1.70716 
0.0220522 0.161371 1.61762 
0.0252338 0.141694 2.05327 
0.0251582 0.142619 2.03567 
0.0252338 0.141694 2.05327 
0.0200854 0.164633 1.46387 
0.0254716 0.138432 2.11494 
0.0229668 0.158222 1.70716 
0.0254716 0.138432 2.11494 
0.0216283 0.162433 1.58076 
0.0252338 0.141694 2.05327 
0.0217491 0.162153 1.59102 
0.0252338 0.141694 2.05327 
0.026027 0.126876 2.33332 
0.0216283 0.162433 1.58076 
0.0262614 0.110698 2.65827 
0.0262543 0.114312 2.58245 
0.0251582 0.142619 2.03567 
0.0228754 0.158597 1.69747 
0.0235902 0.155238 1.77891 
0.0258406 0.131747 2.24073 
0.0228234 0.158803 1.69204 
0.0235902 0.155238 1.77891 
0.0243316 0.150459 1.88163 
0.0229668 0.158222 1.70716 
0.0254716 0.138432 2.11494 
0.0261272 0.123267 2.40304 
0.021292 0.163122 1.5532 
0.0229668 0.158222 1.70716 
0.0235037 0.155701 1.7683 
0.0252338 0.141694 2.05327 
0.0189358 0.164877 1.38932 
0.0229668 0.158222 1.70716 
0.0262613 0.110635 2.65963 
0.0261272 0.123267 2.40304 
0.0262543 0.114312 2.58245 
0.0229668 0.158222 1.70716 
0.0260309 0.126754 2.33566 
0.026027 0.126876 2.33332 
0.0229668 0.158222 1.70716 
0.0200854 0.164633 1.46387 
0.0204648 0.164308 1.49053 
0.0228754 0.158597 1.69747 
0.0189358 0.164877 1.38932 
0.0228754 0.158597 1.69747 
0.02339 0.156284 1.75469 
0.0200854 0.164633 1.46387 
0.0229668 0.158222 1.70716 
0.0200854 0.164633 1.46387 
0.0235037 0.155701 1.7683 
0.0262613 0.110635 2.65963 
0.0258576 0.131363 2.24799 
0.0262613 0.110635 2.65963 
0.0252338 0.141694 2.05327 
0.0262614 0.110698 2.65827 
0.0200854 0.164633 1.46387 
