0.9898 0.0228395 1000 1000 1000 0.1 0.424072 1.41721 
0.9883 0.178818 1000 1000 1000 0.1 0.1 0.22176 
0.9893 0.135057 1000 1.04503 1000 0.1 0.1 1.41721 
0.9866 0.318419 1000 0.1 1000 0.1 0.1 0.31202 
0.9879 0.280278 1000 0.1 1000 0.1 0.1 0.22176 
0.9897 0.118209 1000 1000 1000 0.142473 0.1 2.9986 
0.9865 0.319418 1000 0.10306 1000 0.1 0.1 0.22176 
0.9891 0.169067 1000 1000 1000 0.1 0.1 0.22176 
0.9877 0.304709 1000 0.1 1000 0.1 0.1 0.22176 
0.9861 0.353975 1000 0.1 1000 0.1 0.1 0.31202 
0.9882 0.269349 1000 1.04503 1000 0.1 0.1 1.41721 
0.0374 1.33756e-06 1000 1.04503 0.138116 0.1 219.713 1.41721 
0.9874 0.01195 1000 1000 1000 0.1 5.92981 1.41721 
0.1611 0.00153906 1000 2.48274 0.549052 0.1 8.76953 0.22176 
0.9854 0.0535838 1000 1000 1000 0.1 0.424072 0.22176 
0.9879 0.117175 1000 1000 1000 0.174657 0.1 0.22176 
0.8914 0.355476 1000 0.1 10.1067 0.142473 0.1 0.22176 
0.7111 0.351133 1000 0.1 2.72911 0.1 0.1 0.135805 
0.9862 0.0596367 1000 1000 1000 3.43985 0.1 0.22176 
0.1565 0.039152 1000 2.48274 0.549052 0.1 0.1 0.22176 
0.7677 0.270784 1000 0.1 3.50367 0.1 0.1 0.22176 
0.0216 0.0136621 1000 1.04503 0.138116 0.1 0.1 1.41721 
0.96 0.179772 1000 0.1 101.067 0.1 0.1 623.683 
0.0511 0.000613986 0.131193 2.48274 0.549052 0.1 0.651665 1000 
0.9862 0.00315168 1000 13.8558 1000 0.1 255.492 1.65201 
0.9306 0.0628078 5.54615 0.1 1000 333.399 0.1 0.22176 
0.988 0.193377 1000 1000 1000 0.1 0.1 6.43096 
0.2323 0.0128857 205.98 1000 1.86035 0.1 0.424072 1.65201 
0.988 0.000356666 1000 1.04503 1000 0.1 21.9713 1.41721 
0.1159 0.135854 0.113169 0.103409 0.549052 0.1 0.1 0.22176 
0.442 0.000407285 1000 1000 2.9693 0.1 1000 1.41721 
0.8609 0.360039 1000 0.1 10.1067 0.1 0.1 0.22176 
0.9377 0.270516 8.86905 0.1 649.626 0.1 0.1 0.22176 
0.9885 0.254989 1000 0.1 1000 0.1 0.1 0.31202 
0.8647 0.00104927 8.86905 1000 649.626 0.1 119.5 1.41721 
0.9881 0.348559 1000 0.1 1000 0.1 0.1 0.157557 
0.9883 0.106887 1000 1000 1000 0.1 0.1 1.41721 
0.3147 0.0505713 0.819091 1000 1000 0.1 0.1 204.985 
0.1825 0.0383112 1000 0.534469 0.549052 0.1 0.1 1.41721 
0.9543 0.26218 1000 0.1 101.067 0.1 0.1 1.41721 
0.9502 0.336014 1000 0.10306 38.1325 0.181158 0.1 0.22176 
0.0196 1.39016e-05 1000 1000 0.138116 0.142473 21.9713 1.41721 
0.9881 0.0742676 1000 0.1 1000 0.1 0.424072 1.41721 
0.9868 1.11365e-05 1000 1000 1000 183.287 0.1 0.22176 
0.929 0.232098 8.86905 0.1 505.225 0.1 0.1 0.22176 
0.9874 0.0071319 1000 0.10306 1000 2.79081 0.424072 1.41721 
0.9556 0.101684 1000 183.761 1000 0.142473 0.1 2.9986 
0.9762 0.076788 1000 0.10306 1000 1000 0.1 1.20882 
0.5542 3.61057e-05 1000 0.1 1.86035 0.1 255.492 1.65201 
0.4055 0.0188008 0.482955 1000 1000 0.1 0.651665 1.41721 
