0.99687 0.821583 1500 1500 1500 0.913642 1500 0.12237 0.29425 1500 1500 0.0470748 1500 9.8618 1500 1500 0.0494492 7.79978 0.0479509 0.044005 4.04887 0.0829753 0.863596 
0.99687 0.821662 1500 1500 1500 0.913642 1500 0.12237 0.29425 1500 1500 0.0470748 1500 1.75858 1500 1500 0.0494492 7.79978 0.0479509 0.044005 4.04887 0.0829753 0.863596 
0.996404 0.827943 1500 1500 1500 0.913642 1500 0.12237 1500 1500 1500 1.06229 1500 1.75858 3.45644 1500 0.0494492 7.79978 0.0479509 0.044005 8.09493 0.0829753 0.863596 
0.996871 0.821692 1500 1500 1500 0.913642 1500 0.12237 0.29425 1500 1500 0.0470748 1500 1.75858 1500 1500 0.0494492 7.79978 0.0479509 0.044005 1500 0.0829753 0.863596 
0.996955 0.8128 1500 1500 1500 0.0654427 1500 0.0495672 0.29425 1500 1500 0.0470748 1500 1.75858 1500 1500 0.0494492 7.79978 0.0479509 0.044005 4.04887 0.0829753 0.863596 
0.99687 0.821681 1500 1500 1500 0.913642 1500 0.12237 0.29425 1500 1500 0.0470748 1500 9.8618 1500 1500 0.0494492 13.7512 0.0479509 0.044005 4.04887 0.0829753 0.863596 
0.99687 0.82165 1500 1500 1500 0.913642 1500 0.12237 0.29425 1500 1500 0.0470748 1500 1500 1500 1500 0.0494492 7.79978 0.0479509 0.044005 1500 0.0829753 0.863596 
0.99687 0.82161 1500 1500 1500 0.913642 1500 0.12237 1500 1500 1500 0.0470748 1500 1500 1500 1500 0.0494492 7.79978 0.0479509 0.044005 4.04887 0.0829753 0.863596 
0.996955 0.812818 1500 1500 1500 0.0654427 1500 0.0495672 1500 1500 1500 0.0470748 1500 1.75858 1500 1500 0.0494492 7.79978 0.0479509 0.044005 8.09493 0.0829753 0.863596 
0.99687 0.821627 1500 1500 1500 0.913642 1500 0.12237 0.29425 1500 1500 0.0470748 1500 1500 1500 1500 0.0494492 7.79978 0.0479509 0.044005 4.04887 0.0829753 0.863596 
0.996955 0.812803 1500 1500 1500 0.0654427 1500 0.0495672 1500 1500 1500 0.0470748 1500 1.75858 1500 1500 0.0494492 7.79978 0.0479509 0.044005 8.09493 0.0829753 0.863596 
0.99687 0.82172 1500 1500 1500 0.913642 1500 0.12237 0.29425 1500 1500 0.0470748 1500 9.8618 1500 1500 0.0494492 13.7512 0.0479509 0.044005 4.04887 0.0829753 0.863596 
0.99687 0.821669 1500 1500 1500 0.913642 1500 0.124627 0.29425 1500 1500 0.0470748 1500 1500 1500 1500 0.0494492 7.79978 0.0479509 0.044005 1500 0.0829753 0.863596 
0.996869 0.821698 1500 1500 1500 0.913642 1500 0.12237 0.29425 1500 1500 0.0470748 1500 1.75858 1500 1500 0.0494492 7.79978 0.0479509 0.044005 8.09493 0.0829753 0.863596 
0.99687 0.821691 1500 1500 1500 0.913642 1500 0.12237 1500 1500 1500 0.0470748 1500 1500 1500 1500 0.0494492 7.79978 0.0479509 0.044005 4.04887 0.0829753 0.863596 
0.99687 0.821567 1500 1500 1500 0.913642 1500 0.12237 0.29425 1500 1500 0.0470748 1500 1500 1500 1500 0.0494492 1500 0.0479509 0.044005 4.04887 0.0829753 0.863596 
0.996871 0.821615 1500 1500 1500 0.913642 1500 0.12237 0.29425 1500 1500 0.0470748 1500 1500 1500 1500 0.0494492 7.79978 0.0479509 0.044005 4.04887 0.0829753 0.863596 
0.99687 0.8216 1500 1500 1500 0.913642 1500 0.12237 0.29425 1500 1500 0.0470748 1500 1500 1500 1500 0.0494492 7.79978 0.0479509 0.044005 4.04887 0.0829753 0.863596 
0.99687 0.821685 1500 1500 1500 0.913642 1500 0.12237 0.29425 1500 1500 0.0470748 1500 1500 1500 1500 0.0494492 7.79978 0.0479509 0.044005 4.04887 0.0829753 0.863596 
0.99687 0.82169 1500 1500 1500 0.913642 1500 0.12237 0.29425 1500 1500 0.0470748 1500 1.75858 1500 1500 0.0494492 4.13332 0.0479509 0.044005 4.04887 0.0829753 0.863596 
0.99687 0.821678 1500 1500 1500 0.913642 1500 0.12237 0.29425 1500 1500 0.0470748 1500 1.75858 1500 1500 0.0494492 7.79978 0.0479509 0.044005 1500 0.0829753 0.863596 
0.996954 0.813238 1500 1500 1500 0.0654427 1500 0.0592058 1.10613 1500 1500 0.0470748 1500 1.75858 1500 1500 0.0494492 7.79978 0.0479509 0.044005 4.04887 0.0829753 0.863596 
0.996955 0.812815 1500 1500 1500 0.0654427 1500 0.0495672 0.29425 1500 1500 0.0470748 1500 1.75858 1500 1500 0.0494492 13.7512 0.0479509 0.044005 8.09493 0.0829753 0.863596 
0.99687 0.821675 1500 1500 1500 0.913642 1500 0.12237 0.448746 1500 1500 0.0470748 1500 9.8618 1500 1500 0.0494492 1500 0.0479509 0.044005 4.04887 0.0829753 0.863596 
0.996938 0.813662 1500 1500 1500 0.0777658 1500 0.12237 0.29425 1500 1500 0.0470748 1500 1.75858 1500 1500 0.0494492 7.79978 0.0479509 0.044005 8.09493 0.0829753 0.863596 
0.99687 0.821652 1500 1500 1500 0.913642 1500 0.12237 6.20896 1500 1500 0.0470748 1500 1500 1500 1500 0.0494492 1500 0.0479509 0.044005 4.04887 0.0829753 0.863596 
0.99687 0.821675 1500 1500 1500 0.913642 1500 0.12237 0.29425 1500 1500 0.0470748 1500 1500 1500 1500 0.0494492 7.79978 0.0479509 0.044005 1500 0.0829753 0.863596 
0.996871 0.82164 1500 1500 1500 0.913642 1500 0.12237 0.29425 1500 1500 0.0470748 1500 14.9904 1500 1500 0.0494492 7.79978 0.0479509 0.044005 1500 0.0829753 0.863596 
0.99687 0.821615 1500 1500 1500 0.913642 1500 0.12237 0.29425 1500 1500 0.0470748 1500 1500 1500 1500 0.0494492 7.79978 0.0479509 0.044005 1500 0.0829753 1500 
0.99687 0.821642 1500 1500 1500 0.913642 1500 0.12237 0.29425 1500 1500 0.0470748 1500 9.8618 1500 1500 0.0494492 13.7512 0.0479509 0.044005 4.04887 0.0829753 0.863596 
