0.234119 0.361166 1.94611 155.523 0.0534083 
0.117613 0.591945 0.711142 144.859 0.0870731 
0.115427 0.596022 0.706359 131.239 0.230135 
0.294071 0.0758091 2.74898 1500 0.0516951 
0.344524 0.0365019 4.44476 1500 0.0473135 
0.351572 0.0325159 4.81492 1500 0.0461869 
0.302232 0.0691253 2.91355 1500 0.0463298 
0.283922 0.0880059 2.50085 1500 0.0473135 
0.295126 0.0757531 2.74898 1500 0.0473135 
0.252458 0.131466 1.94611 1500 0.0463298 
0.351132 0.0325224 4.81492 1500 0.0473135 
0.35964 0.0278168 5.37511 1500 0.0461869 
0.348584 0.033536 4.71403 1500 0.0496663 
0.309814 0.0626324 3.10342 1500 0.0449236 
0.280713 0.0920026 2.43193 1500 0.0463298 
0.352023 0.0325104 4.81492 1500 0.0449236 
0.292999 0.0758877 2.74898 1500 0.0558939 
0.25227 0.131483 1.94611 1500 0.0473135 
0.295549 0.0757187 2.74898 1500 0.0461869 
0.311523 0.0600373 3.19081 1500 0.049194 
0.351204 0.0325156 4.81492 1500 0.0473135 
0.371855 0.0210044 6.59053 1500 0.0461869 
0.293271 0.07585 2.74898 1500 0.054627 
0.371903 0.0210025 6.59053 1500 0.0461869 
0.305846 0.0661334 2.99636 1500 0.0449236 
0.317702 0.0545662 3.39615 1500 0.0508325 
0.372369 0.0210016 6.59053 1500 0.0449236 
0.29984 0.0720193 2.83748 1500 0.0442458 
0.319103 0.0545275 3.39615 1500 0.0463298 
0.281098 0.0919799 2.43193 1500 0.0449236 
0.293045 0.0758712 2.74898 1500 0.0558939 
0.270528 0.104936 2.23972 1500 0.0461869 
0.221365 0.403903 1.94611 81.5701 0.0461869 
0.344884 0.0364953 4.44476 1500 0.0463298 
0.314557 0.0585468 3.24178 1500 0.0449236 
0.351615 0.0325148 4.81492 1500 0.0461869 
0.346817 0.035401 4.53841 1500 0.0461869 
0.270219 0.104974 2.23972 1500 0.0473135 
0.27024 0.104969 2.23972 1500 0.0473135 
0.25113 0.131662 1.94611 1500 0.0534083 
0.371738 0.0210079 6.59053 1500 0.0461869 
0.311935 0.0600223 3.19081 1500 0.0473135 
0.29321 0.0758495 2.74898 1500 0.054627 
0.293066 0.0758673 2.74898 1500 0.0558939 
0.372323 0.0210028 6.59053 1500 0.0449236 
0.30266 0.0691053 2.91355 1500 0.0449236 
0.252501 0.131451 1.94611 1500 0.0463298 
0.370006 0.0220039 6.36843 1500 0.0463298 
0.317594 0.0545745 3.39615 1500 0.0508325 
0.311524 0.0600318 3.19081 1500 0.049194 
0.361044 0.0273917 5.43367 1500 0.0449236 
0.25276 0.131434 1.94611 1500 0.0449236 
0.362415 0.0266072 5.5475 1500 0.0449236 
0.251187 0.131642 1.94611 1500 0.0534083 
0.335151 0.0430337 3.97319 1500 0.0449236 
0.361077 0.0273898 5.43367 1500 0.0449236 
0.295063 0.0757523 2.74898 1500 0.0473135 
0.372356 0.0210029 6.59053 1500 0.0449236 
0.252722 0.131435 1.94611 1500 0.0449236 
0.286131 0.0861833 2.533 1500 0.0449236 
0.312023 0.0600225 3.19081 1500 0.0473135 
0.252489 0.131461 1.94611 1500 0.0461869 
0.252276 0.131483 1.94611 1500 0.0473135 
0.281112 0.0919773 2.43193 1500 0.0449236 
0.319061 0.0545335 3.39615 1500 0.0463298 
0.312906 0.0599949 3.19081 1500 0.0449236 
0.324432 0.0506829 3.56263 1500 0.0449236 
0.293607 0.0758338 2.74898 1500 0.0534083 
0.251567 0.131597 1.94611 1500 0.0508325 
0.335269 0.0430296 3.97319 1500 0.0449236 
0.2512 0.131639 1.94611 1500 0.0534083 
0.381003 0.0149023 8.53829 1500 0.0449236 
0.365119 0.0251035 5.78492 1500 0.0449236 
0.283971 0.0880004 2.50085 1500 0.0473135 
0.330214 0.0465482 3.76922 1500 0.0449236 
0.367569 0.0237722 6.0176 1500 0.0449236 
0.37004 0.0220023 6.36843 1500 0.0463298 
0.323962 0.0506973 3.56263 1500 0.0463298 
0.312061 0.0600156 3.19081 1500 0.0473135 
0.37235 0.0210023 6.59053 1500 0.0449236 
0.323938 0.0506975 3.56263 1500 0.0463298 
0.360609 0.0278064 5.37511 1500 0.0442458 
0.314501 0.0585517 3.24178 1500 0.0449236 
0.252704 0.131444 1.94611 1500 0.0449236 
0.284183 0.0879961 2.50085 1500 0.0463298 
0.312413 0.0600116 3.19081 1500 0.0461869 
0.330146 0.0465537 3.76922 1500 0.0449236 
0.324515 0.0506823 3.56263 1500 0.0449236 
0.179667 0.53263 1.28369 79.3419 0.0449236 
0.284664 0.0879587 2.50085 1500 0.0444338 
0.36144 0.0273824 5.43367 1500 0.0442458 
0.319511 0.054515 3.39615 1500 0.0449236 
0.361176 0.0273893 5.43367 1500 0.0442458 
0.345392 0.0364866 4.44476 1500 0.0449236 
0.348618 0.0335334 4.71403 1500 0.0496663 
0.3725 0.021001 6.59053 1500 0.0444338 
0.335184 0.04303 3.97319 1500 0.0449236 
0.283931 0.0880041 2.50085 1500 0.0473135 
0.294116 0.0758044 2.74898 1500 0.0516951 
0.347795 0.035049 4.56966 1500 0.0449236 
0.357457 0.0290716 5.2094 1500 0.0463298 
0.36785 0.0236106 6.04828 1500 0.0449236 
0.342207 0.0385321 4.28145 1500 0.0449236 
0.269866 0.105003 2.23972 1500 0.0487201 
0.280758 0.0919883 2.43193 1500 0.0461869 
0.314813 0.0585375 3.24178 1500 0.0442458 
0.283767 0.0890699 2.48111 1500 0.0442458 
0.251977 0.131534 1.94611 1500 0.0487201 
0.378999 0.0169302 7.74336 1500 0.0442458 
0.295523 0.0757306 2.74898 1500 0.0461869 
0.316832 0.0563454 3.32404 1500 0.0461869 
0.323591 0.0507062 3.56263 1500 0.0473135 
0.251887 0.131536 1.94611 1500 0.049194 
0.269973 0.105004 2.23972 1500 0.0487201 
0.220892 0.405039 1.94611 79.3419 0.0449236 
0.347795 0.0350486 4.56966 1500 0.0449236 
0.269617 0.106567 2.2178 1500 0.0449236 
0.327408 0.0485828 3.66336 1500 0.0449236 
0.280814 0.0919884 2.43193 1500 0.0463298 
0.345446 0.0364848 4.44476 1500 0.0449236 
0.251603 0.131574 1.94611 1500 0.0508325 
0.347677 0.0350517 4.56966 1500 0.0449236 
0.330223 0.0465477 3.76922 1500 0.0449236 
0.251885 0.13154 1.94611 1500 0.049194 
0.293633 0.0758323 2.74898 1500 0.0534083 
0.348573 0.033535 4.71403 1500 0.0496663 
0.359106 0.0278228 5.37511 1500 0.0473135 
0.29614 0.0756987 2.74898 1500 0.0442458 
0.335554 0.0430187 3.97319 1500 0.0442458 
0.270839 0.104914 2.23972 1500 0.0449236 
0.347151 0.035399 4.53841 1500 0.0449236 
0.363733 0.0260796 5.62755 1500 0.0442458 
0.295417 0.0757387 2.74898 1500 0.0463298 
0.270462 0.10496 2.23972 1500 0.0461869 
0.252489 0.131465 1.94611 1500 0.0461869 
0.351992 0.0325094 4.81492 1500 0.0449236 
0.381721 0.0133843 9.27783 1500 0.0449236 
0.343216 0.0380525 4.31812 1500 0.0442458 
0.30541 0.0661562 2.99636 1500 0.0461869 
0.294488 0.0757813 2.74898 1500 0.0496663 
0.252928 0.131387 1.94611 1500 0.0442458 
0.324036 0.0506955 3.56263 1500 0.0461869 
0.318297 0.0545466 3.39615 1500 0.0487201 
0.371845 0.0210066 6.59053 1500 0.0461869 
0.139434 0.586087 0.919585 70.3943 0.06189 
0.361263 0.0273884 5.43367 1500 0.0442458 
0.357486 0.0290675 5.2094 1500 0.0463298 
0.281002 0.0919819 2.43193 1500 0.0449236 
0.342487 0.0385322 4.28145 1500 0.0442458 
0.350289 0.0335133 4.71403 1500 0.0449236 
0.34548 0.0364846 4.44476 1500 0.0444338 
0.294915 0.0757532 2.74898 1500 0.0484964 
0.310241 0.0624351 3.10893 1500 0.0442458 
0.294894 0.07577 2.74898 1500 0.0484964 
0.317693 0.0545657 3.39615 1500 0.0508325 
0.372324 0.0210029 6.59053 1500 0.0449236 
0.318747 0.054533 3.39615 1500 0.0473135 
0.363392 0.0260827 5.62755 1500 0.0449236 
0.353496 0.0316329 4.90772 1500 0.0449236 
0.251162 0.131654 1.94611 1500 0.0534083 
0.309987 0.0624523 3.10893 1500 0.0449236 
0.251827 0.131539 1.94611 1500 0.0496663 
0.29433 0.0757942 2.74898 1500 0.0507137 
0.301841 0.0698162 2.89449 1500 0.0449236 
0.305085 0.0667917 2.97773 1500 0.0449236 
0.31152 0.0600408 3.19081 1500 0.049194 
0.29251 0.0759133 2.74898 1500 0.0578949 
0.301808 0.0698232 2.89449 1500 0.0450407 
0.340553 0.0395135 4.20883 1500 0.0449236 
0.217917 0.408864 1.94611 72.9313 0.0461869 
0.252251 0.131499 1.94611 1500 0.0473135 
0.352938 0.0316377 4.90772 1500 0.0463298 
0.294046 0.0758086 2.74898 1500 0.0516951 
0.349425 0.0335228 4.71403 1500 0.0473135 
0.371834 0.0210075 6.59053 1500 0.0461869 
0.283794 0.0890519 2.48111 1500 0.0442458 
0.20481 0.459407 1.68507 70.3943 0.0461869 
0.327862 0.0479181 3.69779 1500 0.0461869 
0.316834 0.0563451 3.32404 1500 0.0461869 
0.360217 0.02781 5.37511 1500 0.0449236 
0.303095 0.0686573 2.92571 1500 0.0449236 
0.312478 0.0600068 3.19081 1500 0.0461869 
0.295998 0.0757047 2.74898 1500 0.0444338 
0.28419 0.0879834 2.50085 1500 0.0461869 
0.21967 0.405203 1.94611 78.8968 0.049194 
0.270837 0.104916 2.23972 1500 0.0449236 
0.330144 0.0465572 3.76922 1500 0.0449236 
0.251152 0.131655 1.94611 1500 0.0534083 
0.269553 0.10659 2.2178 1500 0.0449236 
0.307855 0.064327 3.05067 1500 0.0449236 
0.335234 0.0430288 3.97319 1500 0.0449236 
0.293302 0.0758485 2.74898 1500 0.054627 
0.345787 0.0364793 4.44476 1500 0.0442458 
0.344851 0.0364957 4.44476 1500 0.0463298 
0.279816 0.0930961 2.4138 1500 0.0463298 
0.28459 0.0879822 2.50085 1500 0.0449236 
0.361072 0.0273916 5.43367 1500 0.0449236 
0.32931 0.0465705 3.76922 1500 0.0473135 
0.358332 0.0290593 5.2094 1500 0.0442458 
0.37894 0.0169319 7.74336 1500 0.0444338 
0.347814 0.0350484 4.56966 1500 0.0449236 
0.310283 0.0617777 3.13148 1500 0.0461869 
0.270569 0.104932 2.23972 1500 0.0461869 
0.264511 0.111935 2.15256 1500 0.0508325 
0.303806 0.0673604 2.96211 1500 0.0473135 
0.352953 0.0316386 4.90772 1500 0.0463298 
0.355435 0.0305592 5.02802 1500 0.0449236 
0.357492 0.0290663 5.2094 1500 0.0463298 
0.296014 0.0757037 2.74898 1500 0.0444338 
0.332609 0.0447732 3.86848 1500 0.0449236 
0.324126 0.0506905 3.56263 1500 0.0461869 
0.327568 0.0485816 3.66336 1500 0.0442458 
0.216909 0.410759 1.94611 69.679 0.0449236 
0.352134 0.0325061 4.81492 1500 0.0449236 
0.30315 0.068651 2.92571 1500 0.0449236 
0.37898 0.0169309 7.74336 1500 0.0442458 
0.252462 0.131466 1.94611 1500 0.0463298 
0.348051 0.035041 4.56966 1500 0.0444338 
0.358458 0.029057 5.2094 1500 0.0442458 
0.374213 0.0201385 6.79782 1500 0.0442458 
0.305792 0.0661414 2.99636 1500 0.0449236 
0.320182 0.0540485 3.41474 1500 0.0449236 
0.324691 0.0506778 3.56263 1500 0.0442458 
0.299547 0.0720315 2.83748 1500 0.0449236 
0.310174 0.0624462 3.10893 1500 0.0442458 
0.340363 0.039829 4.18595 1500 0.0442458 
0.289552 0.0819479 2.61524 1500 0.0463298 
0.238414 0.321626 2.43193 85.9643 0.0461869 
0.360238 0.0278104 5.37511 1500 0.0449236 
0.323736 0.0506982 3.56263 1500 0.0473135 
0.378959 0.0169302 7.74336 1500 0.0442458 
0.28464 0.0879578 2.50085 1500 0.0444338 
0.305856 0.0661252 2.99636 1500 0.0449236 
0.317619 0.0545688 3.39615 1500 0.0508325 
0.324064 0.0506964 3.56263 1500 0.0463298 
0.221089 0.405022 1.94611 79.3419 0.0442458 
0.305231 0.0667822 2.97773 1500 0.0442458 
0.295575 0.0757184 2.74898 1500 0.0461869 
0.378016 0.0173889 7.58961 1500 0.0449236 
0.349221 0.0335233 4.71403 1500 0.0473135 
0.292557 0.0758968 2.74898 1500 0.0579086 
0.379107 0.0169282 7.74336 1500 0.0442458 
0.29448 0.0757852 2.74898 1500 0.0500316 
0.221735 0.40374 1.94611 81.5701 0.0449236 
0.301516 0.0698285 2.89449 1500 0.0461869 
0.25193 0.131537 1.94611 1500 0.049194 
0.304764 0.0671305 2.96785 1500 0.0449236 
0.304741 0.0671341 2.96785 1500 0.0449236 
0.265797 0.111813 2.15256 1500 0.0449236 
0.378712 0.0169358 7.74336 1500 0.0449236 
0.348032 0.0350427 4.56966 1500 0.0442458 
0.287778 0.0820577 2.61524 1500 0.0534083 
0.289552 0.0819425 2.61524 1500 0.0461869 
0.371396 0.0215752 6.46156 1500 0.0449236 
0.370059 0.0220029 6.36843 1500 0.0463298 
0.318715 0.0545334 3.39615 1500 0.0473135 
0.295218 0.0757435 2.74898 1500 0.0473135 
0.299649 0.0720256 2.83748 1500 0.0449236 
0.346775 0.035405 4.53841 1500 0.0461869 
0.252702 0.131446 1.94611 1500 0.0449236 
0.3422 0.0385341 4.28145 1500 0.0449236 
0.252527 0.131447 1.94611 1500 0.0461869 
0.350578 0.0335105 4.71403 1500 0.0442458 
0.299723 0.0720189 2.83748 1500 0.0444338 
0.316406 0.0570425 3.29656 1500 0.0449236 
0.318202 0.0545597 3.39615 1500 0.049194 
0.373306 0.0204302 6.72571 1500 0.0449236 
0.381153 0.0148975 8.53829 1500 0.0442458 
0.364251 0.0255285 5.71463 1500 0.0449236 
0.342678 0.0381989 4.30715 1500 0.0449236 
0.36137 0.0273885 5.43367 1500 0.0442458 
0.294534 0.07578 2.74898 1500 0.0496663 
0.372712 0.0210006 6.59053 1500 0.0442458 
0.345695 0.0364841 4.44476 1500 0.0444338 
0.370017 0.022002 6.36843 1500 0.0461869 
0.368069 0.0236039 6.04828 1500 0.0442458 
0.381743 0.0133827 9.27783 1500 0.0449236 
0.294517 0.0757814 2.74898 1500 0.0496663 
0.314602 0.0585372 3.24178 1500 0.0449236 
0.271053 0.104565 2.2444 1500 0.0449236 
0.318624 0.0545374 3.39615 1500 0.0473135 
0.305115 0.0667833 2.97773 1500 0.0449236 
0.362386 0.0266078 5.5475 1500 0.0449236 
0.309006 0.0626495 3.10342 1500 0.0473135 
0.305135 0.0667843 2.97773 1500 0.0449236 
0.295168 0.0757507 2.74898 1500 0.0473135 
0.326306 0.0487401 3.65617 1500 0.0473135 
0.369975 0.0220054 6.36843 1500 0.0463298 
0.344544 0.0365007 4.44476 1500 0.0473135 
0.312326 0.0600129 3.19081 1500 0.0463298 
0.322994 0.0507215 3.56263 1500 0.0496663 
0.310316 0.0617734 3.13148 1500 0.0461869 
0.312941 0.0599863 3.19081 1500 0.0444338 
0.375213 0.0193081 7.01483 1500 0.0449236 
0.283191 0.089442 2.47482 1500 0.0449236 
0.323672 0.0507063 3.56263 1500 0.0473135 
0.236582 0.350395 2.19179 99.3577 0.0461869 
0.292546 0.0759042 2.74898 1500 0.0579086 
0.270835 0.104921 2.23972 1500 0.0449236 
0.251813 0.131541 1.94611 1500 0.0496663 
0.322353 0.0507419 3.56263 1500 0.0512922 
0.321512 0.0525595 3.47912 1500 0.0461869 
0.314743 0.0585373 3.24178 1500 0.0444338 
0.375357 0.0193088 7.01483 1500 0.0442458 
0.309959 0.0624572 3.10893 1500 0.0449236 
0.373787 0.0201424 6.79782 1500 0.0449236 
0.345308 0.036494 4.44476 1500 0.0449236 
0.328679 0.0475665 3.71529 1500 0.0449236 
0.252058 0.131504 1.94611 1500 0.0484964 
0.351144 0.0325185 4.81492 1500 0.0473135 
0.358309 0.0290596 5.2094 1500 0.0442458 
0.307867 0.0643163 3.05067 1500 0.0449236 
0.344442 0.0365056 4.44476 1500 0.0473135 
0.310348 0.061768 3.13148 1500 0.0461869 
0.286113 0.0861859 2.533 1500 0.0449236 
0.296178 0.0756812 2.74898 1500 0.0442458 
0.289325 0.0819524 2.61524 1500 0.0473135 
0.310937 0.0617543 3.13148 1500 0.0442458 
0.280356 0.0930537 2.4138 1500 0.0442458 
0.315822 0.0576995 3.27195 1500 0.0442458 
0.305736 0.0661515 2.99636 1500 0.0449236 
0.295539 0.0757287 2.74898 1500 0.0461869 
0.252919 0.131406 1.94611 1500 0.0442458 
0.377162 0.01806 7.37431 1500 0.0449236 
0.348547 0.0335433 4.71403 1500 0.0496663 
0.36964 0.0226792 6.2271 1500 0.0442458 
0.252934 0.131384 1.94611 1500 0.0442458 
0.230282 0.361251 2.19179 81.5701 0.0461869 
0.355851 0.0303126 5.05657 1500 0.0449236 
0.348559 0.0335363 4.71403 1500 0.0496663 
0.353039 0.0316384 4.90772 1500 0.0463298 
0.35116 0.0325189 4.81492 1500 0.0473135 
0.34362 0.0365107 4.44476 1500 0.0496663 
0.348685 0.0335312 4.71403 1500 0.049194 
0.270519 0.104941 2.23972 1500 0.0463298 
0.263947 0.112008 2.15256 1500 0.0534083 
0.342712 0.0381932 4.30715 1500 0.0449236 
0.367794 0.0237677 6.0176 1500 0.0442458 
0.375824 0.0188855 7.13184 1500 0.0449236 
0.374968 0.0196052 6.93461 1500 0.0442458 
0.31241 0.0600111 3.19081 1500 0.0461869 
0.268229 0.108629 2.1911 1500 0.0442458 
0.353026 0.0316387 4.90772 1500 0.0463298 
0.319848 0.0544948 3.39615 1500 0.0442458 
0.335349 0.0430249 3.97319 1500 0.0449236 
0.3477 0.0350481 4.56966 1500 0.0449236 
0.286064 0.0861975 2.533 1500 0.0449236 
0.351099 0.0325215 4.81492 1500 0.0473135 
0.344849 0.0364957 4.44476 1500 0.0463298 
0.353514 0.0316332 4.90772 1500 0.0449236 
0.291836 0.0795394 2.66486 1500 0.0461869 
0.319459 0.0545165 3.39615 1500 0.0449236 
0.319114 0.0545263 3.39615 1500 0.0463298 
0.283896 0.0880094 2.50085 1500 0.0473135 
0.314536 0.0585469 3.24178 1500 0.0449236 
0.350719 0.0335076 4.71403 1500 0.0442458 
0.353426 0.0316329 4.90772 1500 0.0449236 
0.309984 0.0624542 3.10893 1500 0.0449236 
0.372231 0.0210033 6.59053 1500 0.0449236 
0.367794 0.023769 6.0176 1500 0.0442458 
0.302188 0.0697929 2.89449 1500 0.0442458 
0.251165 0.131645 1.94611 1500 0.0534083 
0.140388 0.586087 0.919585 70.3943 0.0473135 
0.296067 0.0756988 2.74898 1500 0.0442458 
0.359757 0.0278175 5.37511 1500 0.0461869 
0.29352 0.0758434 2.74898 1500 0.0534083 
0.363601 0.0260791 5.62755 1500 0.0442458 
0.379029 0.0169289 7.74336 1500 0.0442458 
0.327338 0.0485905 3.66336 1500 0.0449236 
0.286126 0.0861835 2.533 1500 0.0449236 
0.295501 0.075736 2.74898 1500 0.0463298 
0.328753 0.0475649 3.71529 1500 0.0449236 
0.294179 0.0757949 2.74898 1500 0.0508325 
0.3774 0.0179537 7.40691 1500 0.0444338 
0.329321 0.0465619 3.76922 1500 0.0473135 
0.347816 0.035045 4.56966 1500 0.0449236 
0.283783 0.0890628 2.48111 1500 0.0442458 
0.324075 0.05069 3.56263 1500 0.0461869 
0.359603 0.0278201 5.37511 1500 0.0463298 
0.264737 0.111898 2.15256 1500 0.0496663 
0.329661 0.0465603 3.76922 1500 0.0463298 
0.381103 0.014898 8.53829 1500 0.0442458 
0.311515 0.0600504 3.19081 1500 0.049194 
0.270465 0.104948 2.23972 1500 0.0463298 
0.361283 0.0273888 5.43367 1500 0.0442458 
0.375585 0.0193039 7.01483 1500 0.0442458 
0.2733 0.100208 2.30623 1500 0.0496663 
0.280218 0.0930804 2.4138 1500 0.0449236 
0.270438 0.10496 2.23972 1500 0.0463298 
0.352364 0.0325016 4.81492 1500 0.0442458 
0.34738 0.0353913 4.53841 1500 0.0442458 
0.295523 0.075732 2.74898 1500 0.0461869 
0.35382 0.0316271 4.90772 1500 0.0442458 
0.360234 0.0278095 5.37511 1500 0.0449236 
0.140621 0.586083 0.919585 70.3943 0.0449236 
0.358372 0.0290568 5.2094 1500 0.0442458 
0.281311 0.0919497 2.43193 1500 0.0442458 
0.352769 0.0322956 4.83609 1500 0.0442458 
0.357516 0.0290654 5.2094 1500 0.0461869 
0.252444 0.131471 1.94611 1500 0.0463298 
0.378341 0.0173857 7.58961 1500 0.0442458 
0.252761 0.131433 1.94611 1500 0.0449236 
0.348004 0.0350418 4.56966 1500 0.0444338 
0.255617 0.127082 1.98733 1500 0.0442458 
0.293677 0.0758284 2.74898 1500 0.0534083 
0.340928 0.0386942 4.27048 1500 0.0473135 
0.296066 0.0757005 2.74898 1500 0.0444338 
0.293084 0.0758557 2.74898 1500 0.0558939 
0.375531 0.0193085 7.01483 1500 0.0442458 
0.349815 0.0335198 4.71403 1500 0.0463298 
0.293595 0.0758397 2.74898 1500 0.0534083 
0.252292 0.131476 1.94611 1500 0.0473135 
0.331845 0.0447811 3.86848 1500 0.0473135 
0.286067 0.0861985 2.533 1500 0.0449236 
0.347115 0.0353993 4.53841 1500 0.0449236 
0.369996 0.022003 6.36843 1500 0.0463298 
0.317618 0.0545727 3.39615 1500 0.0508325 
0.338548 0.040993 4.1053 1500 0.0442458 
0.216835 0.410781 1.94611 69.679 0.0449236 
0.268292 0.108609 2.19179 1500 0.0442458 
0.252706 0.13144 1.94611 1500 0.0449236 
0.287429 0.0820797 2.61524 1500 0.054627 
0.279087 0.0939825 2.39933 1500 0.0461869 
0.359652 0.0278172 5.37511 1500 0.0463298 
0.27051 0.104949 2.23972 1500 0.0461869 
0.347694 0.035048 4.56966 1500 0.0449236 
0.299552 0.0720296 2.83748 1500 0.0449236 
0.358645 0.0278236 5.37511 1500 0.0487201 
0.37395 0.0201385 6.79782 1500 0.0442458 
0.255502 0.127082 1.98733 1500 0.0449236 
0.380833 0.0149021 8.53829 1500 0.0449236 
0.263153 0.112089 2.15256 1500 0.0579086 
0.246424 0.27761 2.74898 90.0756 0.0442458 
0.270848 0.104914 2.23972 1500 0.0449236 
0.156813 0.569082 1.07233 70.3943 0.0534083 
0.374017 0.0201385 6.79782 1500 0.0442458 
0.252516 0.131447 1.94611 1500 0.0461869 
0.319843 0.0545108 3.39615 1500 0.0442458 
0.304401 0.067346 2.96211 1500 0.0449236 
0.143023 0.584249 0.919585 87.116 0.0449236 
0.360171 0.0278105 5.37511 1500 0.0449236 
0.375204 0.0194046 6.98787 1500 0.0444338 
0.286117 0.0861839 2.533 1500 0.0449236 
0.295543 0.0757178 2.74898 1500 0.0461869 
0.36461 0.0251056 5.78492 1500 0.0461869 
0.316834 0.0563428 3.32404 1500 0.0461869 
0.345784 0.0364822 4.44476 1500 0.0442458 
0.312398 0.0600114 3.19081 1500 0.0461869 
0.223275 0.401208 1.94611 85.9643 0.0449236 
0.229401 0.367707 2.15256 81.5701 0.0449236 
0.381279 0.0148956 8.53829 1500 0.0442458 
0.251025 0.168915 3.97319 99.3577 0.0463298 
0.372805 0.0209934 6.59053 1500 0.0442458 
0.295943 0.0757171 2.74898 1500 0.0449236 
0.355631 0.0305556 5.02802 1500 0.0442458 
0.252895 0.131415 1.94611 1500 0.0442458 
0.252774 0.131429 1.94611 1500 0.0449236 
0.356051 0.0299017 5.10624 1500 0.0463298 
0.251601 0.131576 1.94611 1500 0.0508325 
0.251874 0.13154 1.94611 1500 0.049194 
0.285807 0.0864655 2.52776 1500 0.0449236 
0.331604 0.0457167 3.81473 1500 0.0442458 
0.264889 0.111881 2.15256 1500 0.0487201 
0.32257 0.0507405 3.56263 1500 0.0507137 
0.381251 0.0148965 8.53829 1500 0.0442458 
0.347836 0.035045 4.56966 1500 0.0449236 
0.25205 0.131519 1.94611 1500 0.0484964 
0.342852 0.0381918 4.30715 1500 0.0442458 
0.252267 0.131492 1.94611 1500 0.0473135 
0.353799 0.0316273 4.90772 1500 0.0442458 
0.342246 0.0385327 4.28145 1500 0.0449236 
0.251811 0.131554 1.94611 1500 0.0496663 
0.360513 0.0278074 5.37511 1500 0.0442458 
0.353957 0.0316167 4.90772 1500 0.0442458 
0.304747 0.067134 2.96785 1500 0.0449236 
0.324759 0.0506733 3.56263 1500 0.0442458 
0.348015 0.0350421 4.56966 1500 0.0442458 
0.303729 0.0673648 2.96211 1500 0.0473135 
0.348924 0.0335292 4.71403 1500 0.0484964 
0.378907 0.0169323 7.74336 1500 0.0442458 
0.310169 0.0624499 3.10893 1500 0.0442458 
0.367392 0.0237745 6.0176 1500 0.0449236 
0.304747 0.0671328 2.96785 1500 0.0449236 
0.317617 0.0545704 3.39615 1500 0.0508325 
0.28669 0.0821286 2.61524 1500 0.0579578 
0.345387 0.0364868 4.44476 1500 0.0449236 
0.353868 0.0316269 4.90772 1500 0.0442458 
0.286337 0.0861688 2.533 1500 0.0442458 
0.312328 0.0600107 3.19081 1500 0.0463298 
0.251458 0.131626 1.94611 1500 0.0516951 
0.328669 0.0475673 3.71529 1500 0.0449236 
0.339707 0.040036 4.17098 1500 0.0449236 
0.192269 0.495471 1.49861 70.3943 0.0534083 
0.255244 0.127106 1.98733 1500 0.0461869 
0.310216 0.062445 3.10893 1500 0.0442458 
0.271052 0.104552 2.2444 1500 0.0449236 
0.353054 0.031633 4.90772 1500 0.0463298 
0.193511 0.495406 1.49861 70.3943 0.0461869 
0.311062 0.0617422 3.13148 1500 0.0442458 
0.37826 0.0173872 7.58961 1500 0.0442458 
0.303331 0.068648 2.92571 1500 0.0442458 
0.317537 0.0563107 3.32404 1500 0.0442458 
0.314351 0.0587433 3.23439 1500 0.0449236 
0.270796 0.104921 2.23972 1500 0.0449236 
0.357244 0.029473 5.1575 1500 0.0449236 
0.265811 0.1118 2.15256 1500 0.0449236 
0.349846 0.0335203 4.71403 1500 0.0461869 
0.367536 0.0237718 6.0176 1500 0.0449236 
0.381482 0.0142678 8.82663 1500 0.0444338 
0.301908 0.0698146 2.89449 1500 0.0449236 
0.252873 0.131414 1.94611 1500 0.0442458 
0.328594 0.0477119 3.7078 1500 0.0449236 
0.31518 0.057984 3.26175 1500 0.0449236 
0.305324 0.0667826 2.97773 1500 0.0444338 
0.305115 0.0667887 2.97773 1500 0.0449236 
0.298356 0.0721612 2.83532 1500 0.0487201 
0.329693 0.0465608 3.76922 1500 0.0461869 
0.332878 0.0447642 3.86848 1500 0.0444338 
0.2799 0.0930925 2.4138 1500 0.0461869 
0.345438 0.0364855 4.44476 1500 0.0449236 
0.286243 0.0861767 2.533 1500 0.0442458 
0.332923 0.0447608 3.86848 1500 0.0442458 
0.299083 0.0721107 2.83532 1500 0.0463298 
0.322604 0.05073 3.56263 1500 0.0507137 
0.347244 0.0353915 4.53841 1500 0.0449236 
0.322347 0.0507517 3.56263 1500 0.0512922 
0.340573 0.0395066 4.20883 1500 0.0449236 
0.36743 0.0237731 6.0176 1500 0.0449236 
0.281333 0.0919461 2.43193 1500 0.0442458 
0.255634 0.12706 1.98733 1500 0.0442458 
0.357996 0.0290662 5.2094 1500 0.0449236 
0.305808 0.0661345 2.99636 1500 0.0449236 
0.269568 0.10659 2.2178 1500 0.0449236 
0.281328 0.0919453 2.43193 1500 0.0442458 
0.370742 0.0219972 6.36843 1500 0.0442458 
0.236295 0.350434 2.19179 99.3577 0.0473135 
0.37631 0.0187375 7.17163 1500 0.0442458 
0.371708 0.0213491 6.5102 1500 0.0449236 
0.323279 0.0507158 3.56263 1500 0.0487201 
0.287498 0.0820803 2.61524 1500 0.054627 
0.381921 0.0132593 9.34508 1500 0.0442458 
0.364049 0.0255295 5.71463 1500 0.0455413 
0.360421 0.0278093 5.37511 1500 0.0444338 
0.344508 0.0365013 4.44476 1500 0.0473135 
0.340367 0.0398226 4.18595 1500 0.0442458 
0.289288 0.0819568 2.61524 1500 0.0473135 
0.320126 0.0540611 3.41474 1500 0.0449236 
0.323152 0.0507179 3.56263 1500 0.0487201 
0.358335 0.0290569 5.2094 1500 0.0442458 
0.286114 0.0861931 2.533 1500 0.0449236 
0.224968 0.39288 1.94611 99.3577 0.0534083 
0.331719 0.0447875 3.86848 1500 0.0473135 
0.375899 0.0187954 7.15554 1500 0.0449236 
0.271089 0.104552 2.2444 1500 0.0449236 
0.381559 0.0133841 9.27783 1500 0.0449236 
0.267432 0.108661 2.19179 1500 0.0473135 
0.289482 0.0819481 2.61524 1500 0.0463298 
0.361218 0.0273903 5.43367 1500 0.0442458 
0.298395 0.0721542 2.83532 1500 0.0487201 
0.382102 0.0127725 9.61799 1500 0.0442458 
0.271031 0.1049 2.23972 1500 0.0442458 
0.342182 0.0385343 4.28145 1500 0.0449236 
0.346504 0.0354121 4.53841 1500 0.0461869 
0.299471 0.0721091 2.83532 1500 0.0449236 
0.278593 0.0949689 2.38319 1500 0.0449236 
0.318677 0.054534 3.39615 1500 0.0473135 
0.348116 0.035042 4.56966 1500 0.0442458 
0.381765 0.013382 9.27783 1500 0.0449236 
0.34455 0.0364996 4.44476 1500 0.0473135 
0.35748 0.0290688 5.2094 1500 0.0463298 
0.289931 0.0819336 2.61524 1500 0.0449236 
0.327624 0.0485814 3.66336 1500 0.0442458 
0.252735 0.131435 1.94611 1500 0.0449236 
0.31027 0.0617844 3.13148 1500 0.0461869 
0.27858 0.0949846 2.38319 1500 0.0449236 
0.349404 0.0335232 4.71403 1500 0.0473135 
0.305092 0.0667891 2.97773 1500 0.0449236 
0.305472 0.0661571 2.99636 1500 0.0461869 
0.308995 0.0626574 3.10342 1500 0.0473135 
0.274672 0.100073 2.30623 1500 0.0442458 
0.305396 0.0667611 2.97773 1500 0.0442458 
0.252477 0.131466 1.94611 1500 0.0463298 
0.352135 0.0325078 4.81492 1500 0.0449236 
0.320135 0.054057 3.41474 1500 0.0449236 
0.342201 0.0385334 4.28145 1500 0.0449236 
0.323672 0.0507022 3.56263 1500 0.0473135 
0.26982 0.105154 2.23725 1500 0.0484964 
0.347869 0.0350455 4.56966 1500 0.0449236 
0.304483 0.0673309 2.96211 1500 0.0449236 
0.358373 0.0290566 5.2094 1500 0.0442458 
0.302243 0.0691153 2.91355 1500 0.0461869 
0.337733 0.0410611 4.10107 1500 0.0461869 
0.327338 0.0485876 3.66336 1500 0.0449236 
0.327383 0.0485855 3.66336 1500 0.0449236 
0.281325 0.0919504 2.43193 1500 0.0442458 
0.281296 0.0919737 2.43193 1500 0.0442458 
0.336098 0.042464 4.00791 1500 0.0449236 
0.319473 0.0545144 3.39615 1500 0.0449236 
0.321993 0.052529 3.47912 1500 0.0449236 
0.280754 0.0919916 2.43193 1500 0.0461869 
0.373366 0.0204302 6.72571 1500 0.0449236 
0.371417 0.0215723 6.46156 1500 0.0449236 
0.367625 0.0237719 6.0176 1500 0.0444338 
0.318218 0.0545506 3.39615 1500 0.049194 
0.294026 0.0758131 2.74898 1500 0.0516951 
0.353914 0.0316232 4.90772 1500 0.0442458 
0.327663 0.0485745 3.66336 1500 0.0442458 
0.313052 0.059986 3.19081 1500 0.0444338 
0.378664 0.0169372 7.74336 1500 0.0449236 
0.324026 0.0506962 3.56263 1500 0.0461869 
0.324692 0.0506784 3.56263 1500 0.0442458 
0.35215 0.0325062 4.81492 1500 0.0449236 
0.305851 0.066125 2.99636 1500 0.0449236 
0.327562 0.0485813 3.66336 1500 0.0442458 
0.347123 0.0353996 4.53841 1500 0.0449236 
0.294444 0.0757936 2.74898 1500 0.0500316 
0.347456 0.0353852 4.53841 1500 0.0442458 
0.29961 0.0720255 2.83748 1500 0.0449236 
0.313073 0.0599785 3.19081 1500 0.0442458 
0.269618 0.106562 2.2178 1500 0.0449236 
0.376247 0.0187408 7.17163 1500 0.0444338 
0.302927 0.0690932 2.91355 1500 0.0442458 
0.340014 0.0398323 4.18595 1500 0.0449236 
0.378852 0.0169341 7.74336 1500 0.0444338 
0.308008 0.0643156 3.05067 1500 0.0444338 
0.354463 0.0305699 5.02802 1500 0.0473135 
0.26545 0.11184 2.15256 1500 0.0461869 
0.36235 0.0266108 5.5475 1500 0.0449236 
0.330198 0.0465476 3.76922 1500 0.0449236 
0.370766 0.0219964 6.36843 1500 0.0442458 
0.308418 0.0639937 3.06008 1500 0.0442458 
0.270536 0.104935 2.23972 1500 0.0461869 
0.342204 0.0385334 4.28145 1500 0.0449236 
0.327395 0.0485846 3.66336 1500 0.0449236 
0.293042 0.0758862 2.74898 1500 0.0558939 
0.32873 0.0475661 3.71529 1500 0.0449236 
0.375759 0.0188869 7.13184 1500 0.0449236 
0.210643 0.448548 1.69741 85.9643 0.0449236 
0.320852 0.0536731 3.42999 1500 0.0442458 
0.265153 0.111859 2.15256 1500 0.0473135 
0.252022 0.131524 1.94611 1500 0.0484964 
0.379769 0.0162547 7.98682 1500 0.0444338 
0.286124 0.0861829 2.533 1500 0.0449236 
0.348598 0.033536 4.71403 1500 0.0496663 
0.374606 0.0196054 6.93461 1500 0.0449236 
0.3461 0.0362103 4.46713 1500 0.0442458 
0.289318 0.0819516 2.61524 1500 0.0473135 
0.367271 0.0239119 5.99133 1500 0.0449236 
0.368041 0.0236073 6.04828 1500 0.0442458 
0.345505 0.0364852 4.44476 1500 0.0449236 
0.37089 0.0219961 6.36843 1500 0.0442458 
0.267828 0.108654 2.19179 1500 0.0461869 
0.36993 0.0225788 6.24748 1500 0.0442458 
0.237747 0.322478 2.43193 84.6732 0.0463298 
0.31865 0.0545368 3.39615 1500 0.0473135 
0.316397 0.0570518 3.29656 1500 0.0449236 
0.274188 0.100141 2.30623 1500 0.0461869 
0.279775 0.0931063 2.4138 1500 0.0461869 
0.255639 0.127032 1.98733 1500 0.0442458 
0.268407 0.106679 2.2178 1500 0.0496663 
0.310945 0.0617435 3.13148 1500 0.0444338 
0.296019 0.075703 2.74898 1500 0.0444338 
0.354704 0.0305638 5.02802 1500 0.0463298 
0.271043 0.104893 2.23972 1500 0.0442458 
0.286217 0.0861832 2.533 1500 0.0442458 
0.318722 0.0545339 3.39615 1500 0.0473135 
0.34038 0.0398234 4.18595 1500 0.0442458 
0.324758 0.0506747 3.56263 1500 0.0444338 
0.322012 0.0525292 3.47912 1500 0.0449236 
0.306103 0.0643765 3.05067 1500 0.0508325 
0.369629 0.0226793 6.2271 1500 0.0442458 
0.348138 0.0350381 4.56966 1500 0.0442458 
0.347219 0.0353987 4.53841 1500 0.0449236 
0.335343 0.0430265 3.97319 1500 0.0449236 
0.378947 0.0169303 7.74336 1500 0.0442458 
0.292587 0.0758945 2.74898 1500 0.0578949 
0.351 0.0325258 4.81492 1500 0.0473135 
0.31955 0.0545146 3.39615 1500 0.0449236 
0.381642 0.0133838 9.27783 1500 0.0449236 
0.313082 0.0599762 3.19081 1500 0.0442458 
0.337262 0.041067 4.10107 1500 0.0473135 
0.362862 0.0264761 5.56643 1500 0.0442458 
0.282787 0.0894439 2.47482 1500 0.0463298 
0.312856 0.0599956 3.19081 1500 0.0449236 
0.348038 0.0350419 4.56966 1500 0.0442458 
0.294292 0.075795 2.74898 1500 0.0507137 
0.361688 0.0266984 5.53502 1500 0.0461869 
0.348558 0.0335436 4.71403 1500 0.0496663 
0.326643 0.0487344 3.65617 1500 0.0461869 
0.366349 0.0240878 5.9607 1500 0.0461869 
0.369992 0.022003 6.36843 1500 0.0463298 
0.324667 0.0506786 3.56263 1500 0.0444338 
0.381218 0.014896 8.53829 1500 0.0442458 
0.25504 0.12773 1.98078 1500 0.0449236 
0.252783 0.131422 1.94611 1500 0.0449236 
0.342761 0.0381936 4.30715 1500 0.0449236 
0.369635 0.02268 6.2271 1500 0.0442458 
0.264442 0.111935 2.15256 1500 0.0508325 
0.362862 0.026474 5.56643 1500 0.0442458 
0.370978 0.0219947 6.36843 1500 0.0442458 
0.286302 0.0861755 2.533 1500 0.0442458 
0.32718 0.0487206 3.65617 1500 0.0449236 
0.380832 0.0149016 8.53829 1500 0.0449236 
0.358276 0.029065 5.2094 1500 0.0442458 
0.342174 0.0385343 4.28145 1500 0.0449236 
0.24445 0.279553 2.74898 86.5461 0.0444338 
0.346005 0.0362159 4.46713 1500 0.0444338 
0.312057 0.0600174 3.19081 1500 0.0473135 
0.271267 0.104547 2.2444 1500 0.0444338 
0.368133 0.0236031 6.04828 1500 0.0442458 
0.295538 0.0757267 2.74898 1500 0.0461869 
0.221954 0.403706 1.94611 81.5701 0.0442458 
0.238385 0.321767 2.43193 85.9643 0.0461869 
0.304698 0.0671374 2.96785 1500 0.0449236 
0.270939 0.104903 2.23972 1500 0.0442458 
0.172261 0.546322 1.22229 70.3943 0.0449236 
0.332726 0.0447731 3.86848 1500 0.0449236 
0.309338 0.0626429 3.10342 1500 0.0463298 
0.344933 0.036493 4.44476 1500 0.0461869 
0.343569 0.036518 4.44476 1500 0.0496663 
0.25519 0.127132 1.98733 1500 0.0463298 
0.36776 0.0237696 6.0176 1500 0.0442458 
0.329044 0.0475643 3.71529 1500 0.0442458 
0.329228 0.04658 3.76922 1500 0.0473135 
0.304989 0.0671225 2.96785 1500 0.0442458 
0.140669 0.586052 0.919585 70.3943 0.0442458 
0.289226 0.0819587 2.61524 1500 0.0473135 
0.355416 0.030559 5.02802 1500 0.0449236 
0.313119 0.0599766 3.19081 1500 0.0442458 
0.361043 0.0273924 5.43367 1500 0.0449236 
0.338405 0.0410069 4.10424 1500 0.0449236 
0.265863 0.1118 2.15256 1500 0.0442458 
0.359781 0.0278145 5.37511 1500 0.0461869 
0.340833 0.0394998 4.20883 1500 0.0442458 
0.335116 0.0432845 3.9566 1500 0.0442458 
0.305988 0.0661233 2.99636 1500 0.0444338 
0.361029 0.0273971 5.43367 1500 0.0449236 
0.267209 0.108696 2.19179 1500 0.0487201 
0.273432 0.100196 2.30623 1500 0.0496663 
0.309948 0.0626208 3.10342 1500 0.0442458 
0.280758 0.0919919 2.43193 1500 0.0461869 
0.362363 0.0266083 5.5475 1500 0.0449236 
0.266965 0.108704 2.19179 1500 0.0496663 
0.375825 0.0188853 7.13184 1500 0.0449236 
0.269695 0.106562 2.2178 1500 0.0444338 
0.328236 0.0479152 3.69743 1500 0.0449236 
0.294075 0.0758081 2.74898 1500 0.0516951 
0.306055 0.0661157 2.99636 1500 0.0442458 
0.342453 0.0385319 4.28145 1500 0.0442458 
0.319477 0.0545152 3.39615 1500 0.0449236 
0.269535 0.106591 2.2178 1500 0.0449236 
0.263948 0.111984 2.15256 1500 0.0534083 
0.284697 0.0879545 2.50085 1500 0.0442458 
0.317662 0.0545683 3.39615 1500 0.0508325 
0.338213 0.0410528 4.10107 1500 0.0449236 
0.312036 0.0600166 3.19081 1500 0.0473135 
0.368188 0.0236031 6.04828 1500 0.0442458 
0.345773 0.0364819 4.44476 1500 0.0442458 
0.362798 0.0264769 5.56643 1500 0.0444338 
0.362375 0.0266087 5.5475 1500 0.0449236 
0.380433 0.0157098 8.19684 1500 0.0442458 
0.274662 0.100085 2.30623 1500 0.0442458 
0.29512 0.0757526 2.74898 1500 0.0473135 
0.365111 0.0251052 5.78492 1500 0.0449236 
0.357488 0.0290664 5.2094 1500 0.0461869 
0.351554 0.0325154 4.81492 1500 0.0461869 
0.265235 0.11186 2.15256 1500 0.0473135 
0.280371 0.0930465 2.4138 1500 0.0442458 
0.314583 0.0585422 3.24178 1500 0.0449236 
0.365381 0.025099 5.78492 1500 0.0442458 
0.370664 0.0220002 6.36843 1500 0.0449236 
0.31745 0.0563121 3.32404 1500 0.0444338 
0.283704 0.0890705 2.48111 1500 0.0442458 
0.322583 0.0507339 3.56263 1500 0.0507137 
0.265809 0.111808 2.15256 1500 0.0449236 
0.33651 0.0410919 4.10107 1500 0.0496663 
0.308112 0.0643004 3.05067 1500 0.0442458 
0.353799 0.0316325 4.90772 1500 0.0442458 
0.270908 0.104909 2.23972 1500 0.0444338 
0.268214 0.108652 2.1911 1500 0.0442458 
0.329693 0.0465576 3.76922 1500 0.0463298 
0.342648 0.0382005 4.30715 1500 0.0449236 
0.330454 0.0465419 3.76922 1500 0.0442458 
0.342647 0.0382008 4.30715 1500 0.0449236 
0.350307 0.0335123 4.71403 1500 0.0449236 
0.378946 0.0169309 7.74336 1500 0.0442458 
0.378886 0.0169318 7.74336 1500 0.0444338 
0.273366 0.100204 2.30623 1500 0.0496663 
0.370929 0.0219963 6.36843 1500 0.0442458 
0.252923 0.1314 1.94611 1500 0.0442458 
0.348064 0.0350412 4.56966 1500 0.0442458 
0.376572 0.0185588 7.22527 1500 0.0442458 
0.347483 0.0353818 4.53841 1500 0.0442458 
0.265984 0.111787 2.15256 1500 0.0442458 
0.35284 0.0316407 4.90772 1500 0.0463298 
0.373231 0.0204341 6.72571 1500 0.0449236 
0.316363 0.0570558 3.29656 1500 0.0449236 
0.343308 0.0380468 4.31812 1500 0.0442458 
0.270265 0.104963 2.23972 1500 0.0473135 
0.305352 0.0667784 2.97773 1500 0.0442458 
0.377087 0.0180645 7.37431 1500 0.0449236 
0.279803 0.0931008 2.4138 1500 0.0461869 
0.310816 0.0617561 3.13148 1500 0.0449236 
0.352929 0.0316403 4.90772 1500 0.0463298 
0.296075 0.0756987 2.74898 1500 0.0442458 
0.287714 0.0820635 2.61524 1500 0.0534083 
0.335515 0.0430236 3.97319 1500 0.0442458 
0.265494 0.111825 2.15256 1500 0.0461869 
0.264718 0.111903 2.15256 1500 0.0496663 
0.30138 0.0703921 2.8788 1500 0.0444338 
0.26463 0.111917 2.15256 1500 0.0496663 
0.357438 0.0290762 5.2094 1500 0.0461869 
0.34677 0.0354111 4.53841 1500 0.0461869 
0.375481 0.019308 7.01483 1500 0.0442458 
0.300555 0.0704364 2.8788 1500 0.0473135 
0.369953 0.022006 6.36843 1500 0.0461869 
0.290227 0.0819125 2.61524 1500 0.0442458 
0.363014 0.0264683 5.56705 1500 0.0442458 
0.359265 0.0278225 5.37511 1500 0.0473135 
0.279051 0.0939822 2.39933 1500 0.0461869 
0.269613 0.106588 2.2178 1500 0.0449236 
0.340875 0.0386935 4.27048 1500 0.0473135 
0.357463 0.0290718 5.2094 1500 0.0463298 
0.347728 0.0350485 4.56966 1500 0.0449236 
0.268976 0.106633 2.2178 1500 0.0473135 
0.2518 0.131569 1.94611 1500 0.0496663 
0.296864 0.0742459 2.78369 1500 0.0463298 
0.329711 0.046557 3.76922 1500 0.0463298 
0.367631 0.0237712 6.0176 1500 0.0449236 
0.31204 0.0600173 3.19081 1500 0.0473135 
0.322261 0.052518 3.47912 1500 0.0442458 
0.32852 0.0479024 3.69779 1500 0.0442458 
0.294656 0.0757809 2.74898 1500 0.049194 
0.322986 0.0507289 3.56263 1500 0.0496663 
0.32951 0.0465616 3.76922 1500 0.0463298 
0.26193 0.117266 2.08947 1500 0.0449236 
0.341886 0.0386741 4.27048 1500 0.0449236 
0.216731 0.410797 1.94611 69.679 0.0449236 
0.327664 0.048578 3.66336 1500 0.0442458 
0.269615 0.106579 2.2178 1500 0.0449236 
0.179763 0.53259 1.28369 79.3419 0.0442458 
0.371808 0.0210085 6.59053 1500 0.0461869 
0.327123 0.0487329 3.65617 1500 0.0449236 
0.319076 0.0545269 3.39615 1500 0.0461869 
0.323705 0.0507005 3.56263 1500 0.0473135 
0.324751 0.0506751 3.56263 1500 0.0442458 
0.302122 0.069805 2.89449 1500 0.0442458 
0.252925 0.131392 1.94611 1500 0.0442458 
0.268067 0.108653 2.1911 1500 0.0450407 
0.299846 0.0720047 2.83748 1500 0.043998 
0.316401 0.0570523 3.29656 1500 0.0449236 
0.316769 0.0563469 3.32404 1500 0.0463298 
0.246215 0.277702 2.74898 90.0756 0.0449236 
0.295218 0.0757502 2.74898 1500 0.0473135 
0.250214 0.273229 2.74898 98.0236 0.0442458 
0.337376 0.0410664 4.10107 1500 0.0473135 
0.270256 0.104967 2.23972 1500 0.0473135 
0.310386 0.0617679 3.13148 1500 0.0461869 
0.264914 0.111878 2.15256 1500 0.0484964 
0.264401 0.111951 2.15256 1500 0.0508325 
0.381717 0.0133836 9.27783 1500 0.0449236 
0.344846 0.0365 4.44476 1500 0.0463298 
0.221772 0.403716 1.94611 81.5701 0.0449236 
0.283343 0.0894338 2.47482 1500 0.0449236 
0.29472 0.0757756 2.74898 1500 0.049194 
0.299604 0.0720254 2.83748 1500 0.0449236 
0.360467 0.0278099 5.37511 1500 0.0442458 
0.323988 0.0506973 3.56263 1500 0.0463298 
0.296067 0.0756981 2.74898 1500 0.0442458 
0.36226 0.0266898 5.53502 1500 0.0449236 
0.31792 0.0545593 3.39615 1500 0.0496663 
0.302078 0.0698099 2.89449 1500 0.0442458 
0.375735 0.0188864 7.13184 1500 0.0449236 
0.299477 0.0720333 2.83748 1500 0.0449236 
0.2424 0.319175 2.4138 94.7686 0.0442458 
0.305368 0.0667787 2.97773 1500 0.0442458 
0.378872 0.0169333 7.74336 1500 0.0442458 
0.33357 0.0441666 3.90406 1500 0.0449236 
0.317391 0.0563188 3.32404 1500 0.0442458 
0.295258 0.075744 2.74898 1500 0.0473135 
0.270729 0.104923 2.23972 1500 0.0449236 
0.297362 0.0742215 2.78369 1500 0.0449236 
0.343682 0.0365114 4.44476 1500 0.0496663 
0.29253 0.0759111 2.74898 1500 0.0579086 
0.28778 0.082047 2.61524 1500 0.0534083 
0.352799 0.0317057 4.9001 1500 0.0463298 
0.380836 0.0149018 8.53829 1500 0.0449236 
0.279411 0.0939683 2.39933 1500 0.0449236 
0.364248 0.0255286 5.71463 1500 0.0449236 
0.377088 0.0180633 7.37431 1500 0.0449236 
0.251808 0.131557 1.94611 1500 0.0496663 
0.308049 0.0643062 3.05067 1500 0.0442458 
0.354855 0.0305631 5.02802 1500 0.0463298 
0.362774 0.0265991 5.5475 1500 0.0442458 
0.377474 0.0173902 7.58961 1500 0.0461869 
0.369708 0.0226796 6.2271 1500 0.0444338 
0.270268 0.104962 2.23972 1500 0.0473135 
0.369513 0.0228324 6.19639 1500 0.0442458 
0.352414 0.0325026 4.81492 1500 0.0442458 
0.273368 0.100204 2.30623 1500 0.0496663 
0.363019 0.0261824 5.61241 1500 0.0449236 
0.263148 0.112103 2.15256 1500 0.0579086 
0.358332 0.0290576 5.2094 1500 0.0442458 
0.380451 0.015312 8.36262 1500 0.0449236 
0.251813 0.131542 1.94611 1500 0.0496663 
0.310342 0.0617735 3.13148 1500 0.0461869 
0.370574 0.0220018 6.36843 1500 0.0449236 
0.369929 0.022008 6.36843 1500 0.0463298 
0.335573 0.0430159 3.97319 1500 0.0442458 
0.353916 0.0316187 4.90772 1500 0.0442458 
0.324797 0.0506724 3.56263 1500 0.0442458 
0.280674 0.0925743 2.42122 1500 0.0442458 
0.285149 0.0870952 2.51605 1500 0.0449236 
0.367497 0.0237733 6.0176 1500 0.0449236 
0.292167 0.0795137 2.66486 1500 0.0449236 
0.286122 0.0861847 2.533 1500 0.0449236 
0.343031 0.0381884 4.30715 1500 0.0442458 
0.379641 0.0164144 7.92765 1500 0.0442458 
0.350595 0.033507 4.71403 1500 0.0444338 
0.352116 0.0325074 4.81492 1500 0.0449236 
0.342165 0.0386678 4.27048 1500 0.0444338 
0.252917 0.131415 1.94611 1500 0.0442458 
0.290098 0.0819244 2.61524 1500 0.0442458 
0.348706 0.0335296 4.71403 1500 0.049194 
0.369751 0.022675 6.22834 1500 0.0442458 
0.370621 0.0219999 6.36843 1500 0.0449236 
0.31072 0.0617643 3.13148 1500 0.0449236 
0.27156 0.103907 2.25295 1500 0.0449236 
0.304046 0.0673596 2.96211 1500 0.0463298 
0.358693 0.0278235 5.37511 1500 0.0487201 
0.30149 0.0698343 2.89449 1500 0.0461869 
0.373238 0.0204296 6.72571 1500 0.0449236 
0.205254 0.459404 1.68507 70.3943 0.0442458 
0.372289 0.0210026 6.59053 1500 0.0449236 
0.367851 0.0237674 6.0176 1500 0.0442458 
0.356051 0.0303058 5.05657 1500 0.0443101 
0.361295 0.0273884 5.43367 1500 0.0442458 
0.338692 0.0409874 4.1053 1500 0.0442458 
0.377138 0.0180605 7.37431 1500 0.0449236 
0.321656 0.0525461 3.47912 1500 0.0461869 
0.293264 0.0758499 2.74898 1500 0.054627 
0.317252 0.0563203 3.32404 1500 0.0449236 
0.328755 0.0475637 3.71529 1500 0.0449236 
0.370081 0.0220011 6.36843 1500 0.0461869 
0.287759 0.0820587 2.61524 1500 0.0534083 
0.284783 0.0879521 2.50085 1500 0.0442458 
0.36129 0.0273886 5.43367 1500 0.0444338 
0.326284 0.0487515 3.65617 1500 0.0473135 
0.330191 0.0465504 3.76922 1500 0.0449236 
0.376222 0.0187415 7.17163 1500 0.0442458 
0.330479 0.0465363 3.76922 1500 0.0442458 
0.353025 0.0316383 4.90772 1500 0.0463298 
0.28262 0.0894667 2.47482 1500 0.0473135 
0.273839 0.100146 2.30623 1500 0.0473135 
0.288785 0.0819775 2.61524 1500 0.049194 
0.179781 0.532482 1.28369 79.3419 0.0442458 
0.376135 0.0187469 7.17163 1500 0.0449236 
0.311563 0.0600322 3.19081 1500 0.049194 
0.381746 0.0133835 9.27783 1500 0.0449236 
0.3081 0.0643002 3.05067 1500 0.0442458 
0.340316 0.0398302 4.18595 1500 0.0442458 
0.221141 0.404943 1.94611 79.3419 0.0442458 
0.339696 0.0400394 4.17098 1500 0.0449236 
0.289633 0.0819357 2.61524 1500 0.0461869 
0.33533 0.0430295 3.97319 1500 0.0449236 
0.342523 0.0385323 4.28145 1500 0.0442458 
0.150279 0.57758 0.976518 90.0756 0.0442458 
0.303745 0.0673614 2.96211 1500 0.0473135 
0.262859 0.116227 2.10083 1500 0.0442458 
0.310121 0.0624506 3.10893 1500 0.0442458 
0.339889 0.0400354 4.17098 1500 0.0449236 
0.289597 0.0819402 2.61524 1500 0.0461869 
0.334224 0.0436601 3.93386 1500 0.0449236 
0.294158 0.0758002 2.74898 1500 0.0508325 
0.215778 0.411731 1.94611 67.619 0.0449236 
0.308831 0.0636299 3.07159 1500 0.0442458 
0.251578 0.131588 1.94611 1500 0.0508325 
0.361378 0.0273891 5.43367 1500 0.0442458 
0.342684 0.0381987 4.30715 1500 0.0449236 
0.310798 0.0617631 3.13148 1500 0.0449236 
0.274625 0.100089 2.30623 1500 0.0442458 
0.367376 0.0237774 6.0176 1500 0.0449236 
0.265884 0.111789 2.15256 1500 0.0444338 
0.263125 0.11211 2.15256 1500 0.0579086 
0.243533 0.279828 2.74898 85.9643 0.0463298 
0.288358 0.0820071 2.61524 1500 0.050793 
0.339218 0.0400513 4.17098 1500 0.0463298 
0.290163 0.0819223 2.61524 1500 0.0442458 
0.265739 0.111812 2.15256 1500 0.0449236 
0.332795 0.0447717 3.86848 1500 0.0449236 
0.320323 0.0540454 3.41474 1500 0.0442458 
0.360264 0.0278093 5.37511 1500 0.0449236 
0.296155 0.075683 2.74898 1500 0.0442458 
0.315808 0.0577027 3.27195 1500 0.0442458 
0.287773 0.082058 2.61524 1500 0.0534083 
0.279572 0.0939382 2.39933 1500 0.0442458 
0.293983 0.075814 2.74898 1500 0.0516951 
0.347435 0.0353888 4.53841 1500 0.0442458 
0.264635 0.111902 2.15256 1500 0.0496663 
0.367651 0.0237697 6.0176 1500 0.0442458 
