0.721131 0.173478 2.82016 
0.982185 0.0227383 56.0734 
0.960589 0.0578564 20.2333 
0.982358 0.0224623 56.7963 
0.992597 0.00737532 178.479 
0.780718 0.170645 3.437 
0.995602 0.00376314 352.288 
0.97957 0.026961 46.8536 
0.990333 0.0104146 125.628 
0.992645 0.0073133 180.015 
0.751867 0.172845 3.10215 
0.847398 0.156092 4.71052 
0.995957 0.00337628 392.949 
0.996032 0.00329649 402.522 
0.989714 0.011284 115.744 
0.992407 0.00762016 172.661 
0.985838 0.0170115 75.8725 
0.997154 0.00215307 617.649 
0.995257 0.00414763 319.392 
0.991368 0.00899675 145.841 
0.952467 0.0701695 16.1073 
0.913387 0.11643 8.18794 
0.988716 0.0127144 102.424 
0.989249 0.0119467 109.176 
0.984567 0.0189751 67.7396 
0.777918 0.170941 3.40072 
0.971013 0.0410472 29.7812 
0.898571 0.128754 6.95968 
0.977472 0.0303943 41.2407 
0.952811 0.0696647 16.2484 
0.748119 0.173006 3.06421 
0.964326 0.0519322 22.901 
0.917759 0.1123 8.64883 
0.985747 0.0171506 75.235 
0.891374 0.133895 6.49907 
0.997328 0.001987 669.485 
0.99671 0.0025923 512.563 
0.993509 0.00622085 212.085 
0.869509 0.146679 5.44372 
0.975732 0.0332596 37.4406 
0.997221 0.00208942 636.542 
0.996691 0.00261082 508.908 
0.976973 0.0312148 40.0815 
0.969942 0.042809 28.4325 
0.996164 0.00315572 420.592 
0.961359 0.0566465 20.7335 
0.994344 0.00520588 253.94 
0.855977 0.152799 4.96595 
0.986746 0.015631 82.812 
0.954628 0.0669755 17.0351 
0.996353 0.00295832 448.828 
0.956051 0.0648394 17.7052 
0.977291 0.0306911 40.8143 
0.980665 0.0251833 50.3591 
0.947522 0.0772336 14.3205 
0.838616 0.159047 4.47924 
0.937063 0.0910061 11.6068 
0.967226 0.0472491 25.4764 
0.995607 0.0037575 352.821 
0.780203 0.170701 3.43026 
0.955471 0.0657137 17.4258 
0.994763 0.00471368 280.727 
0.814495 0.165334 3.96283 
0.92325 0.106764 9.31489 
0.995518 0.0038556 343.778 
0.928123 0.101512 10.0063 
0.862716 0.149903 5.19098 
0.792256 0.169212 3.59699 
0.816134 0.164981 3.99343 
0.987574 0.0143918 90.1744 
0.995139 0.00428163 309.315 
0.991736 0.00850388 154.446 
0.982353 0.0224698 56.7764 
0.96594 0.0493332 24.2706 
0.995967 0.00336649 394.099 
0.983457 0.0207169 61.8137 
0.981373 0.0240401 52.8865 
0.769709 0.171699 3.2994 
0.950523 0.0729878 15.3543 
0.939937 0.0873812 12.2421 
0.987752 0.0141268 91.916 
0.983567 0.0205432 62.3598 
0.987055 0.0151657 85.4356 
0.986374 0.0161933 79.843 
0.977218 0.0308126 40.6422 
0.967188 0.0473105 25.4393 
0.813744 0.165492 3.94902 
0.994011 0.00560554 235.65 
0.987428 0.0146078 88.8012 
0.925241 0.104658 9.58463 
0.995333 0.00406193 326.185 
0.986105 0.0166028 77.8067 
0.990726 0.00987082 132.693 
0.994832 0.00463297 285.662 
0.990465 0.0102322 127.914 
0.988134 0.0135636 95.8437 
0.987989 0.0137767 94.3198 
0.908555 0.120724 7.73712 
0.93853 0.0891708 11.9224 
0.99434 0.0052112 253.678 
0.996834 0.00246727 538.667 
0.983908 0.020006 64.1079 
0.989212 0.0119988 108.691 
0.972648 0.0383515 32.0826 
0.983938 0.019959 64.2653 
0.752706 0.172805 3.1108 
0.975235 0.0340801 36.4695 
0.954046 0.0678424 16.7748 
0.906154 0.122757 7.53281 
0.99647 0.00283669 468.183 
0.996182 0.00313733 423.072 
0.803163 0.16751 3.76578 
0.992684 0.00726259 181.29 
0.99648 0.00282648 469.884 
0.868837 0.147012 5.41743 
0.982322 0.0225185 56.6477 
0.90826 0.120978 7.71134 
0.815176 0.165189 3.97548 
0.947336 0.0774933 14.2608 
0.995434 0.00394914 335.574 
0.993709 0.00597408 220.953 
0.730142 0.173446 2.89643 
0.878923 0.141656 5.8461 
0.995752 0.00359868 368.505 
0.932064 0.0970219 10.651 
0.931724 0.097418 10.5919 
0.988717 0.0127127 102.437 
0.741988 0.173217 3.00445 
0.979429 0.0271912 46.4329 
0.961633 0.0562149 20.917 
0.964789 0.0511895 23.2783 
0.817629 0.164652 4.02182 
0.751894 0.172843 3.10244 
0.953931 0.0680131 16.7244 
0.99445 0.00507977 260.309 
0.992158 0.00794588 165.476 
0.982022 0.0229989 55.4065 
0.978773 0.028262 44.5667 
0.990943 0.00957296 136.904 
0.985536 0.0174748 73.7891 
0.964553 0.051568 23.0847 
0.990205 0.0105932 123.464 
0.958844 0.0605706 19.1828 
0.848324 0.155757 4.73657 
0.739142 0.173292 2.97764 
0.962658 0.0545937 21.6319 
0.97283 0.0380509 32.3593 
0.955998 0.0649184 17.6797 
0.933916 0.0948349 10.9854 
0.982931 0.0215495 59.3192 
0.993773 0.00589599 223.914 
0.809067 0.166431 3.86543 
0.996375 0.00293504 452.409 
0.994139 0.00545128 242.392 
0.896083 0.13059 6.79229 
0.996612 0.00269097 493.676 
0.993864 0.00578435 228.285 
0.870435 0.146214 5.48046 
0.971768 0.0398026 30.8052 
0.890676 0.134367 6.45803 
0.919608 0.11048 8.86133 
0.751561 0.172859 3.09902 
0.982143 0.0228048 55.9018 
0.996296 0.00301702 440.047 
0.844753 0.157024 4.6379 
0.996515 0.00279051 475.973 
0.992191 0.00790243 166.4 
0.946237 0.0790125 13.9192 
0.995828 0.00351614 377.216 
0.885096 0.137979 6.14999 
0.99577 0.00357936 370.509 
0.937375 0.090618 11.6725 
0.970117 0.0425214 28.6451 
0.995548 0.00382276 346.754 
0.878631 0.141823 5.83256 
0.99128 0.00911556 143.906 
0.895665 0.130892 6.765 
0.884755 0.13819 6.13226 
0.995209 0.00420227 315.205 
0.977582 0.0302131 41.5052 
0.996938 0.00236416 562.273 
0.979498 0.0270779 46.6391 
0.944552 0.0813078 13.4264 
0.880199 0.140922 5.90603 
0.856125 0.152739 4.97062 
0.992753 0.00717432 183.553 
0.989848 0.011094 117.772 
0.898575 0.128751 6.95998 
0.993984 0.00563825 234.268 
0.971421 0.0403758 30.3258 
0.993517 0.00621119 212.419 
0.996522 0.00278338 477.199 
0.993565 0.00615088 214.527 
0.8839 0.138717 6.08828 
0.979263 0.0274608 45.9494 
0.994514 0.00500498 264.237 
0.956707 0.0638442 18.0324 
0.96721 0.0472747 25.4609 
0.986237 0.0164021 78.7919 
0.941164 0.0857973 12.5356 
0.74637 0.173073 3.04688 
0.992033 0.00810987 162.077 
0.868888 0.146987 5.41945 
0.962337 0.0551036 21.4026 
0.991604 0.00867971 151.264 
0.986067 0.0166606 77.5277 
0.975158 0.0342061 36.3246 
0.979678 0.0267857 47.1785 
0.879139 0.141533 5.85612 
0.805471 0.167102 3.80398 
0.990801 0.00976778 134.121 
0.915987 0.114003 8.45531 
0.88495 0.13807 6.14236 
0.792182 0.169223 3.59589 
0.994872 0.0045874 288.526 
0.980576 0.0253277 50.056 
0.99135 0.00902063 145.448 
0.990504 0.0101779 128.61 
0.997059 0.00224588 592.02 
0.98758 0.0143825 90.2341 
0.996493 0.00281343 472.075 
0.918403 0.111671 8.72164 
0.955327 0.065929 17.3581 
0.978275 0.0290763 43.2391 
0.782541 0.170442 3.46115 
0.986868 0.0154472 83.8298 
0.996577 0.00272738 487.05 
0.860711 0.150794 5.12157 
0.878914 0.141662 5.84565 
0.989015 0.0122822 106.121 
0.986148 0.0165382 78.1211 
0.994974 0.00447016 296.161 
0.944121 0.0818884 13.306 
0.853703 0.153714 4.89508 
0.889594 0.13509 6.39552 
0.844093 0.157251 4.62021 
0.983035 0.0213846 59.7979 
0.996034 0.00329418 402.806 
0.992598 0.00737365 178.52 
0.83407 0.160426 4.36975 
0.788918 0.169664 3.54888 
0.995501 0.00387482 342.06 
0.993619 0.00608487 216.883 
0.939492 0.0879503 12.1391 
0.944458 0.0814345 13.4 
0.977953 0.0296044 42.4172 
0.973599 0.0367806 33.5782 
0.965427 0.0501627 23.8182 
0.957896 0.0620304 18.6551 
0.99307 0.00677121 194.635 
0.960915 0.0573448 20.4423 
0.93418 0.09452 11.0347 
0.966844 0.0478692 25.1067 
0.989106 0.0121509 107.297 
0.99181 0.00840545 156.285 
0.972125 0.0392147 31.3114 
0.944106 0.081908 13.302 
0.963114 0.0538693 21.9651 
0.97848 0.0287415 43.7759 
0.973882 0.0363142 34.047 
0.98983 0.0111194 117.497 
0.989137 0.0121067 107.698 
0.937156 0.0908897 11.6264 
0.85295 0.15401 4.87213 
0.982168 0.0227657 56.0026 
0.990293 0.0104709 124.937 
0.981948 0.0231172 55.1087 
0.991868 0.00832798 157.763 
0.913387 0.11643 8.18794 
0.998585 0.000888714 1500 
0.998585 0.000888714 1500 
0.813744 0.165492 3.94902 
0.998585 0.000888714 1500 
0.998585 0.000888714 1500 
0.998585 0.000888714 1500 
0.855977 0.152799 4.96595 
0.972648 0.0383515 32.0826 
0.741988 0.173217 3.00445 
0.908555 0.120724 7.73712 
0.998585 0.000888714 1500 
0.998585 0.000888714 1500 
0.847398 0.156092 4.71052 
0.741988 0.173217 3.00445 
0.92325 0.106764 9.31489 
0.998585 0.000888714 1500 
0.998585 0.000888714 1500 
0.987055 0.0151657 85.4356 
0.998585 0.000888714 1500 
0.998585 0.000888714 1500 
0.987428 0.0146078 88.8012 
0.998585 0.000888714 1500 
0.998585 0.000888714 1500 
0.998585 0.000888714 1500 
0.998585 0.000888714 1500 
0.960589 0.0578564 20.2333 
0.998585 0.000888714 1500 
0.92325 0.106764 9.31489 
0.998585 0.000888714 1500 
0.998585 0.000888714 1500 
0.998585 0.000888714 1500 
0.998585 0.000888714 1500 
0.998585 0.000888714 1500 
0.983567 0.0205432 62.3598 
0.93853 0.0891708 11.9224 
0.847398 0.156092 4.71052 
0.998585 0.000888714 1500 
0.998585 0.000888714 1500 
0.741988 0.173217 3.00445 
0.917759 0.1123 8.64883 
0.998585 0.000888714 1500 
0.898571 0.128754 6.95968 
0.847398 0.156092 4.71052 
0.998585 0.000888714 1500 
0.95251 0.070106 16.125 
0.998585 0.000888714 1500 
0.885256 0.137879 6.15836 
0.721131 0.173478 2.82016 
0.815176 0.165189 3.97548 
0.998585 0.000888714 1500 
0.984567 0.0189751 67.7396 
0.898571 0.128754 6.95968 
0.998585 0.000888714 1500 
0.998585 0.000888714 1500 
0.986105 0.0166028 77.8067 
0.998585 0.000888714 1500 
0.998585 0.000888714 1500 
0.998585 0.000888714 1500 
0.998585 0.000888714 1500 
0.971013 0.0410472 29.7812 
0.983908 0.020006 64.1079 
0.894824 0.131495 6.71093 
0.986746 0.015631 82.812 
0.956051 0.0648394 17.7052 
0.975235 0.0340801 36.4695 
0.998585 0.000888714 1500 
0.983908 0.020006 64.1079 
0.748119 0.173006 3.06421 
0.998585 0.000888714 1500 
0.814495 0.165334 3.96283 
0.983938 0.019959 64.2653 
0.998585 0.000888714 1500 
0.964326 0.0519322 22.901 
0.898571 0.128754 6.95968 
0.855977 0.152799 4.96595 
0.998585 0.000888714 1500 
0.987428 0.0146078 88.8012 
0.908555 0.120724 7.73712 
0.998585 0.000888714 1500 
0.998585 0.000888714 1500 
0.937063 0.0910061 11.6068 
0.998585 0.000888714 1500 
0.998585 0.000888714 1500 
0.998585 0.000888714 1500 
0.982322 0.0225185 56.6477 
0.998585 0.000888714 1500 
0.955471 0.0657137 17.4258 
0.998585 0.000888714 1500 
0.998585 0.000888714 1500 
0.998585 0.000888714 1500 
0.998585 0.000888714 1500 
0.998585 0.000888714 1500 
0.998585 0.000888714 1500 
0.803163 0.16751 3.76578 
0.998585 0.000888714 1500 
0.998585 0.000888714 1500 
0.998585 0.000888714 1500 
0.998585 0.000888714 1500 
0.956051 0.0648394 17.7052 
0.998585 0.000888714 1500 
0.998585 0.000888714 1500 
0.998585 0.000888714 1500 
0.977472 0.0303943 41.2407 
0.998585 0.000888714 1500 
0.998585 0.000888714 1500 
0.751867 0.172845 3.10215 
0.947336 0.0774933 14.2608 
0.998585 0.000888714 1500 
0.982358 0.0224623 56.7963 
0.891374 0.133895 6.49907 
0.998585 0.000888714 1500 
0.998585 0.000888714 1500 
0.970027 0.0426678 28.5365 
0.925241 0.104658 9.58463 
0.780718 0.170645 3.437 
0.998585 0.000888714 1500 
0.998585 0.000888714 1500 
0.998585 0.000888714 1500 
0.998585 0.000888714 1500 
0.998585 0.000888714 1500 
0.869509 0.146679 5.44372 
0.908555 0.120724 7.73712 
0.891374 0.133895 6.49907 
0.998585 0.000888714 1500 
0.906154 0.122757 7.53281 
0.998585 0.000888714 1500 
0.813744 0.165492 3.94902 
0.998585 0.000888714 1500 
0.998585 0.000888714 1500 
0.998585 0.000888714 1500 
0.975732 0.0332596 37.4406 
0.937063 0.0910061 11.6068 
0.964326 0.0519322 22.901 
0.998585 0.000888714 1500 
0.792256 0.169212 3.59699 
0.987093 0.0151085 85.7689 
0.998585 0.000888714 1500 
0.998585 0.000888714 1500 
0.790413 0.169466 3.57023 
0.998585 0.000888714 1500 
0.998585 0.000888714 1500 
0.998585 0.000888714 1500 
0.777918 0.170941 3.40072 
0.8839 0.138717 6.08828 
0.998585 0.000888714 1500 
0.998585 0.000888714 1500 
0.998585 0.000888714 1500 
0.998585 0.000888714 1500 
0.878631 0.141823 5.83256 
0.998585 0.000888714 1500 
0.998585 0.000888714 1500 
0.919608 0.11048 8.86133 
0.925241 0.104658 9.58463 
0.998585 0.000888714 1500 
0.998585 0.000888714 1500 
0.998585 0.000888714 1500 
0.96594 0.0493332 24.2706 
0.977582 0.0302131 41.5052 
0.998585 0.000888714 1500 
0.998585 0.000888714 1500 
0.956707 0.0638442 18.0324 
0.998585 0.000888714 1500 
0.782541 0.170442 3.46115 
0.803163 0.16751 3.76578 
0.878923 0.141656 5.8461 
0.998585 0.000888714 1500 
0.998585 0.000888714 1500 
0.998585 0.000888714 1500 
0.998585 0.000888714 1500 
0.844753 0.157024 4.6379 
0.937375 0.090618 11.6725 
0.998585 0.000888714 1500 
0.955327 0.065929 17.3581 
0.977472 0.0303943 41.2407 
0.748119 0.173006 3.06421 
0.998585 0.000888714 1500 
0.986868 0.0154472 83.8298 
0.792182 0.169223 3.59589 
0.931724 0.097418 10.5919 
0.862716 0.149903 5.19098 
0.998585 0.000888714 1500 
0.844093 0.157251 4.62021 
0.878631 0.141823 5.83256 
0.998585 0.000888714 1500 
0.985838 0.0170115 75.8725 
0.880199 0.140922 5.90603 
0.998585 0.000888714 1500 
0.998585 0.000888714 1500 
0.998585 0.000888714 1500 
0.915987 0.114003 8.45531 
0.998585 0.000888714 1500 
0.752706 0.172805 3.1108 
0.788918 0.169664 3.54888 
0.998585 0.000888714 1500 
0.814495 0.165334 3.96283 
0.998585 0.000888714 1500 
0.937375 0.090618 11.6725 
0.998585 0.000888714 1500 
0.780203 0.170701 3.43026 
0.816134 0.164981 3.99343 
0.998585 0.000888714 1500 
0.983908 0.020006 64.1079 
0.998585 0.000888714 1500 
0.998585 0.000888714 1500 
0.970117 0.0425214 28.6451 
0.944121 0.0818884 13.306 
0.963356 0.0534838 22.146 
0.998585 0.000888714 1500 
0.908555 0.120724 7.73712 
0.998585 0.000888714 1500 
0.933916 0.0948349 10.9854 
0.998585 0.000888714 1500 
0.895538 0.130983 6.75682 
0.982931 0.0215495 59.3192 
0.983567 0.0205432 62.3598 
0.998585 0.000888714 1500 
0.998585 0.000888714 1500 
0.998585 0.000888714 1500 
0.982353 0.0224698 56.7764 
0.960437 0.058094 20.1375 
0.814495 0.165334 3.96283 
0.987428 0.0146078 88.8012 
0.998585 0.000888714 1500 
0.751867 0.172845 3.10215 
0.986148 0.0165382 78.1211 
0.977582 0.0302131 41.5052 
0.998585 0.000888714 1500 
0.908555 0.120724 7.73712 
0.748119 0.173006 3.06421 
0.879139 0.141533 5.85612 
0.998585 0.000888714 1500 
