0.348653 0.424254 26.7955 0.1 0.1 
0.494368 0.1901 29.042 0.1 0.218333 
0.673743 0.150808 16.0446 0.1 0.982812 
0.870553 0.00179141 64.4957 0.1 29.3545 
0.818348 0.0181391 175.73 0.1 8.28757 
0.69547 0.0834802 29.042 0.1 1.25669 
0.348653 0.548704 26.7955 0.1 0.1 
0.494368 0.245863 1000 0.1 0.218333 
0.494368 0.31183 1000 0.1 0.218333 
0.494368 0.262689 29.042 0.1 0.218333 
0.494368 0.307018 29.042 0.1 0.218333 
0.818348 0.00358999 29.042 0.1 8.28757 
0.348653 0.503617 64.4957 0.1 0.1 
0.348653 0.503617 29.042 0.1 0.1 
0.94887 2.0691e-06 1000 0.1 1000 
0.818348 0.00425373 1000 0.1 8.28757 
0.94887 0.000157801 1000 0.1 1000 
0.94887 0.00031161 1000 0.1 1000 
0.494368 0.357397 29.042 0.1 0.218333 
0.94887 2.8877e-05 1000 0.1 1000 
0.348653 0.424254 26.7955 0.1 0.1 
0.94887 2.7151e-06 1000 0.374299 1000 
0.818348 0.00254767 1000 0.1 8.28757 
0.494368 0.281791 1000 0.1 0.218333 
0.723949 0.0830951 1000 0.1 1.78878 
0.94887 3.71422e-05 1000 0.1 1000 
0.94887 0.00102362 1000 0.1 1000 
0.69547 0.0953195 1000 0.1 1.25669 
0.94887 0.000518368 1000 0.1 1000 
0.69547 0.113151 1000 0.1 1.25669 
0.94887 7.9911e-05 1000 0.1 1000 
0.348653 0.424254 26.7955 0.1 0.1 
0.818348 0.00598304 29.042 0.1 8.28757 
0.818348 0.00425373 26.7955 0.1 8.28757 
0.818348 0.0181058 64.4957 0.1 8.28757 
0.494368 0.389393 1000 0.1 0.218333 
0.818348 0.0358197 1000 0.1 8.28757 
0.818348 0.0214928 1000 0.1 8.28757 
0.94887 4.04673e-05 1000 0.1 1000 
0.494368 0.160142 1000 0.1 0.218333 
0.94887 4.04673e-05 1000 0.1 1000 
0.673743 0.127042 1000 0.1 0.982812 
0.818348 0.00708923 1000 0.1 8.28757 
0.94887 3.71422e-05 1000 0.1 1000 
0.348653 0.548704 1000 0.1 0.1 
0.94887 4.08586e-06 1000 0.1 1000 
0.94887 7.9911e-05 1000 0.1 1000 
0.818348 0.00277575 1000 0.1 8.28757 
