0.99993 1.21535 100000 100000 1.39795 
0.999936 1.0661 0.299528 100000 100000 
0.999912 1.27354 100000 100000 7.46029 
0.999935 1.08631 100000 100000 0.429239 
0.999923 1.24471 100000 100000 1.97831 
0.999934 1.1477 100000 100000 0.464017 
0.999932 1.17016 100000 100000 1.39795 
0.999933 1.15402 1.11825 100000 100000 
0.99993 1.21535 100000 100000 1.39795 
0.999918 1.26935 100000 100000 4.3151 
0.999923 1.24471 100000 100000 1.97831 
0.999913 1.27365 7.00764 100000 100000 
0.999937 1.02652 0.0925928 100000 100000 
0.999923 1.24471 100000 100000 1.97831 
0.999912 1.27354 100000 100000 7.46029 
0.999934 1.11281 100000 100000 0.233229 
0.999937 1.02921 0.111001 100000 100000 
0.999935 1.09215 100000 100000 0.131743 
0.99992 1.26265 3.23092 100000 100000 
0.999923 1.24471 100000 100000 1.97831 
0.999918 1.26935 100000 100000 4.3151 
0.999933 1.14859 100000 100000 0.464017 
0.999932 1.17016 100000 100000 1.39795 
0.999933 1.14859 100000 100000 0.464017 
0.999934 1.1477 100000 100000 0.464017 
0.999934 1.14545 100000 100000 0.446199 
0.999923 1.24471 100000 100000 1.97831 
0.999932 1.17016 100000 100000 1.39795 
0.999933 1.14859 100000 100000 0.464017 
0.99993 1.21535 100000 100000 1.39795 
0.999922 1.25788 4.13759 100000 100000 
0.999929 1.23258 100000 100000 1.97831 
0.999935 1.08631 100000 100000 0.429239 
0.99992 1.26265 3.23092 100000 100000 
0.999923 1.24471 100000 100000 1.97831 
0.999918 1.26935 100000 100000 4.3151 
0.999937 1.01989 0.0647608 100000 100000 
0.999922 1.24828 100000 100000 2.14889 
0.999937 1.01566 0.0545565 100000 100000 
0.999932 1.19844 100000 100000 1.06157 
0.999932 1.17016 100000 100000 1.39795 
0.999934 1.093 100000 100000 0.131743 
0.999932 1.17016 100000 100000 1.39795 
0.999923 1.24471 100000 100000 1.97831 
0.999934 1.11387 0.648509 100000 100000 
0.999923 1.24471 100000 100000 1.97831 
0.999934 1.1477 100000 100000 0.464017 
0.999923 1.24471 100000 100000 1.97831 
0.999934 1.11281 100000 100000 0.233229 
0.999935 1.09215 100000 100000 0.131743 
0.999932 1.19844 100000 100000 1.06157 
0.999936 1.0661 0.299528 100000 100000 
0.999918 1.26935 100000 100000 4.3151 
0.999933 1.14859 100000 100000 0.464017 
0.999937 1.01706 0.0600874 100000 100000 
0.999934 1.093 100000 100000 0.131743 
0.999932 1.17016 100000 100000 1.39795 
0.999929 1.23258 100000 100000 1.97831 
0.999918 1.26935 100000 100000 4.3151 
0.999937 1.02529 100000 100000 0.0940271 
0.999934 1.1477 100000 100000 0.464017 
0.999932 1.17016 100000 100000 1.39795 
0.999932 1.17016 100000 100000 1.39795 
0.999935 1.09215 100000 100000 0.131743 
0.999935 1.09215 100000 100000 0.131743 
0.999923 1.24471 100000 100000 1.97831 
0.999918 1.26935 100000 100000 4.3151 
0.999923 1.24471 100000 100000 1.97831 
0.999937 1.01989 0.0647608 100000 100000 
0.999934 1.1477 100000 100000 0.464017 
0.999934 1.11281 100000 100000 0.233229 
0.999934 1.1477 100000 100000 0.464017 
0.999935 1.09215 100000 100000 0.131743 
0.999923 1.24471 100000 100000 1.97831 
0.999912 1.27354 100000 100000 7.46029 
0.999937 1.02529 100000 100000 0.0940271 
0.999923 1.24471 100000 100000 1.97831 
0.999934 1.1477 100000 100000 0.464017 
0.99993 1.21535 100000 100000 1.39795 
0.999934 1.11281 100000 100000 0.233229 
0.999932 1.17016 100000 100000 1.39795 
0.999933 1.14859 100000 100000 0.464017 
0.999922 1.25832 100000 100000 4.3151 
0.999931 1.2146 100000 100000 1.39795 
0.999932 1.19844 100000 100000 1.06157 
0.999934 1.1477 100000 100000 0.464017 
0.999936 1.0661 0.299528 100000 100000 
0.999934 1.11281 100000 100000 0.233229 
0.999934 1.11281 100000 100000 0.233229 
0.999923 1.24471 100000 100000 1.97831 
0.999929 1.23258 100000 100000 1.97831 
0.999929 1.23049 1.89312 100000 100000 
0.999932 1.19844 100000 100000 1.06157 
0.999935 1.09215 100000 100000 0.131743 
0.99993 1.21535 100000 100000 1.39795 
0.99993 1.21535 100000 100000 1.39795 
0.999931 1.2146 100000 100000 1.39795 
0.999935 1.09215 100000 100000 0.131743 
0.999923 1.24471 100000 100000 1.97831 
0.999934 1.11281 100000 100000 0.233229 
0.999934 1.1477 100000 100000 0.464017 
0.999934 1.093 100000 100000 0.131743 
0.999937 1.02529 100000 100000 0.0940271 
0.999918 1.26935 100000 100000 4.3151 
0.999934 1.1477 100000 100000 0.464017 
0.999934 1.1477 100000 100000 0.464017 
0.999937 1.02529 100000 100000 0.0940271 
0.999932 1.19844 100000 100000 1.06157 
0.999929 1.23258 100000 100000 1.97831 
0.999923 1.24471 100000 100000 1.97831 
0.999934 1.093 100000 100000 0.131743 
0.999937 1.02756 100000 100000 0.097087 
0.999923 1.24471 100000 100000 1.97831 
0.999922 1.24526 100000 100000 1.97831 
0.999931 1.17717 1.52794 100000 100000 
0.999923 1.24471 100000 100000 1.97831 
0.999934 1.093 100000 100000 0.131743 
0.999937 1.02529 100000 100000 0.0940271 
0.999918 1.26935 100000 100000 4.3151 
0.999933 1.14859 100000 100000 0.464017 
0.999929 1.23258 100000 100000 1.97831 
0.999934 1.11281 100000 100000 0.233229 
0.99993 1.21535 100000 100000 1.39795 
0.999934 1.1477 100000 100000 0.464017 
0.999933 1.14859 100000 100000 0.464017 
0.99993 1.21535 100000 100000 1.39795 
0.999934 1.11195 100000 100000 0.228573 
0.999932 1.17016 100000 100000 1.39795 
0.999923 1.24471 100000 100000 1.97831 
0.999923 1.24471 100000 100000 1.97831 
0.999934 1.1477 100000 100000 0.464017 
0.999933 1.14859 100000 100000 0.464017 
0.999912 1.27354 100000 100000 7.46029 
0.99992 1.26265 3.23092 100000 100000 
0.999918 1.26935 100000 100000 4.3151 
0.999935 1.09215 100000 100000 0.131743 
0.999932 1.19844 100000 100000 1.06157 
0.999918 1.26935 100000 100000 4.3151 
0.999932 1.17016 100000 100000 1.39795 
0.99993 1.21535 100000 100000 1.39795 
0.999927 1.24444 100000 100000 2.58261 
0.999929 1.23258 100000 100000 1.97831 
0.999935 1.09215 100000 100000 0.131743 
0.999934 1.1477 100000 100000 0.464017 
0.999934 1.1477 100000 100000 0.464017 
0.999936 1.05431 100000 100000 0.233229 
0.999934 1.1477 100000 100000 0.464017 
0.999934 1.14545 100000 100000 0.446199 
0.999933 1.14859 100000 100000 0.464017 
0.999932 1.17016 100000 100000 1.39795 
0.999934 1.1477 100000 100000 0.464017 
0.99992 1.26265 3.23092 100000 100000 
0.999918 1.26935 100000 100000 4.3151 
0.999929 1.23258 100000 100000 1.97831 
0.999934 1.1477 100000 100000 0.464017 
0.999935 1.09215 100000 100000 0.131743 
0.999937 1.02921 0.111001 100000 100000 
0.999936 1.09181 100000 100000 0.464017 
0.999935 1.09215 100000 100000 0.131743 
0.999923 1.24471 100000 100000 1.97831 
0.999934 1.093 100000 100000 0.131743 
0.999934 1.1477 100000 100000 0.464017 
0.999932 1.17016 100000 100000 1.39795 
0.999935 1.09215 100000 100000 0.131743 
0.999933 1.14859 100000 100000 0.464017 
0.999933 1.14859 100000 100000 0.464017 
0.999931 1.2146 100000 100000 1.39795 
0.999937 1.01989 0.0647608 100000 100000 
0.999931 1.2146 100000 100000 1.39795 
0.999935 1.08631 100000 100000 0.429239 
0.999937 1.01566 0.0545565 100000 100000 
0.999935 1.07161 100000 100000 0.049656 
0.999923 1.24471 100000 100000 1.97831 
0.999933 1.14859 100000 100000 0.464017 
0.999937 1.02529 100000 100000 0.0940271 
0.999934 1.14545 100000 100000 0.446199 
0.999932 1.19844 100000 100000 1.06157 
0.999912 1.27354 100000 100000 7.46029 
0.999918 1.26935 100000 100000 4.3151 
0.999918 1.26935 100000 100000 4.3151 
0.999934 1.1477 100000 100000 0.464017 
0.999934 1.11281 100000 100000 0.233229 
0.999923 1.24471 100000 100000 1.97831 
0.999923 1.24471 100000 100000 1.97831 
0.999933 1.14859 100000 100000 0.464017 
0.999933 1.14859 100000 100000 0.464017 
0.999935 1.09215 100000 100000 0.131743 
0.999934 1.1477 100000 100000 0.464017 
0.999934 1.1477 100000 100000 0.464017 
0.999923 1.24471 100000 100000 1.97831 
0.999928 1.23793 100000 100000 2.22847 
0.999934 1.11387 0.648509 100000 100000 
0.999933 1.14859 100000 100000 0.464017 
0.999923 1.24471 100000 100000 1.97831 
0.999932 1.17016 100000 100000 1.39795 
0.999932 1.17016 100000 100000 1.39795 
0.999935 1.09215 100000 100000 0.131743 
0.999932 1.17016 100000 100000 1.39795 
0.999923 1.24471 100000 100000 1.97831 
0.999923 1.24471 100000 100000 1.97831 
