0.994437 0.659795 1500 1500 1500 1500 0.0579026 1500 0.0470655 0.722503 1500 0.108026 1.4549 0.0526646 0.0714482 0.10469 1.21955 0.170883 0.261422 0.0587381 4.52491 3.82632 1500 0.0942297 0.0616361 1500 1500 1500 0.967509 0.0517683 
0.994437 0.653475 1500 1500 1500 1500 0.0579026 1500 0.0470655 0.722503 1500 0.108026 0.396919 0.0801751 0.0714482 1500 9.42741 0.170883 0.261422 0.0587381 4.52491 3.82632 1500 0.0942297 0.0616361 1500 1500 1500 1500 0.759087 
0.995701 0.271695 0.0460241 28.8713 0.0713456 0.0596704 1.47868 5.26152 1500 0.498799 0.341141 1.36916 0.396919 0.0801751 1500 0.0500528 9.42741 0.0971697 1500 1500 1500 3.12989 1500 0.0489627 1.1127 0.238365 0.055229 1500 1500 1500 
0.994273 0.67559 1500 6.42946 1500 1500 0.0752908 1500 0.118723 0.591632 7.28049 0.266685 0.0622832 0.063896 0.0714482 0.10469 1500 1.14815 0.261422 0.0587381 1500 3.82632 1500 0.0942297 0.921751 0.127317 1500 2.60064 1500 0.337832 
0.993459 0.726015 0.316668 1500 1500 1500 1500 0.0632709 0.0470655 0.722503 5.26874 0.108026 1.4549 0.0526646 0.0714482 0.10469 1500 0.133101 1500 0.0587381 0.0747584 3.82632 1500 0.0489627 0.0616361 0.81444 1500 1500 1500 0.0517683 
0.995701 0.158093 0.853722 1500 0.0713456 0.0596704 1.47868 5.26152 1500 0.498799 1500 1.36916 9.1855 0.0801751 1500 12.5835 9.42741 0.0971697 1500 1500 1500 3.12989 1500 0.0489627 1.1127 0.238365 0.055229 1500 1500 1500 
0.994437 0.652937 1500 1500 1500 1500 0.0579026 1500 0.0470655 0.722503 1500 0.108026 0.396919 0.0526646 0.0714482 1500 9.42741 0.170883 0.261422 0.0587381 4.52491 3.82632 1500 0.0942297 0.0616361 1500 1500 2.60064 1500 0.759087 
0.993125 0.738503 0.407479 0.13558 1500 1500 1500 0.0632709 0.0658377 0.761088 5.26874 0.465086 0.183974 0.063896 0.0714482 0.163175 1500 0.265122 1500 0.0587381 0.174675 1500 1500 0.0489627 0.0616361 1500 1500 0.0683363 1500 1500 
0.993108 0.739499 1500 1500 1500 1500 1500 0.0935429 0.0470655 5.74805 0.0864411 0.48517 0.396919 0.063896 0.0714482 1500 1500 0.24977 1500 0.0587381 0.174675 2.713 1500 0.0489627 0.0616361 1500 1500 1500 1500 0.0517683 
0.993419 0.727545 1500 1500 1500 1500 1500 0.0632709 0.0470655 0.722503 1500 0.108026 0.396919 0.0526646 0.0714482 1500 9.42741 0.170883 1500 0.0587381 4.52491 3.82632 1500 0.0942297 0.0616361 1500 1500 2.60064 1500 0.0517683 
0.993419 0.727503 1500 6.42946 1500 1500 1500 0.0632709 0.0470655 2.80568 7.28049 0.108026 0.396919 0.0526646 0.0714482 1500 2.74156 0.170883 1500 0.0587381 4.52491 3.82632 1500 0.0942297 0.0616361 1500 1500 2.60064 1500 1500 
0.995575 0.358425 3.16201 11.062 0.0713456 0.0483504 1.47868 0.209858 1500 1500 1500 1.36916 0.396919 0.0801751 1500 0.64197 1.21955 0.0971697 1500 1500 1500 3.12989 1500 0.234255 27.9088 0.238365 0.055229 1500 1500 1500 
0.994437 0.653476 1500 1500 1500 1500 0.0579026 1500 0.0470655 0.722503 1500 0.108026 0.396919 0.0801751 0.0714482 1500 9.42741 0.170883 0.261422 0.0587381 4.52491 3.82632 1500 0.0942297 0.0616361 1500 1500 1500 1500 0.759087 
0.993336 0.732375 0.316668 1500 1500 1500 1500 0.0935429 0.0470655 0.722503 7.28049 0.266685 0.396919 0.046954 0.0714482 0.705778 4.05122 0.133101 1500 0.0587381 0.174675 2.713 1500 0.0489627 0.988223 0.81444 1500 1500 1500 0.0517683 
0.993856 0.687615 3.16201 0.113658 1500 1500 0.0579026 1500 0.0470655 1.76407 1500 0.9966 0.183974 0.072316 0.0714482 1500 1.21955 1.19036 0.261422 0.50941 1500 3.82632 1500 0.0489627 0.135276 1500 1500 1500 1500 1500 
0.993396 0.730113 1500 1500 1500 1500 1500 0.0632709 0.0470655 2.80568 7.28049 0.266685 1.27078 0.0526646 0.0714482 0.551723 1.21955 0.0498966 1500 0.0587381 0.0747584 1500 1500 0.0942297 0.0616361 9.48931 1500 1500 0.967509 0.0517683 
0.9935 0.723662 1500 0.0510658 1500 1500 1500 0.0632709 0.0470655 0.722503 5.26874 0.108026 1.4549 0.0526646 0.0714482 0.10469 1.21955 0.0498966 1500 0.0587381 4.52491 3.82632 1500 0.0942297 0.0616361 1500 1500 1500 1500 0.0517683 
0.994435 0.664153 1500 1500 1500 1500 0.0579026 1500 0.0470655 5.24193 9.51617 0.108026 0.0622832 0.0526646 0.0714482 0.10469 9.42741 1.14815 0.261422 0.447169 4.52491 3.82632 1500 0.0942297 0.921751 1500 1500 2.60064 1500 0.759087 
0.993331 0.732411 0.316668 1500 1500 1500 1500 0.0632709 0.0470655 0.722503 7.28049 0.266685 0.403169 0.0801751 0.0714482 3.28885 1500 0.133101 1500 0.0587381 0.257505 2.713 1500 0.0942297 0.988223 1500 1500 0.146063 1500 0.0517683 
0.993856 0.688466 1500 0.113658 1500 1500 0.0579026 1500 0.0470655 1.76407 1500 0.9966 0.183974 0.0526646 0.0714482 1500 9.42741 1.19036 0.261422 0.50941 4.52491 3.82632 1500 0.0942297 0.135276 1500 1500 1500 1500 1500 
0.994435 0.666998 1500 0.103799 1500 1500 0.0579026 1500 0.0470655 0.722503 0.100478 0.108026 0.396919 0.0526646 0.0714482 0.10469 2.68166 1.19036 0.261422 0.0587381 4.52491 3.82632 1500 0.0942297 0.0616361 1500 1500 1500 1500 1500 
0.995701 0.1352 0.0460241 28.8713 0.0713456 0.0596704 1.47868 5.26152 1500 0.498799 98.652 1.36916 9.1855 0.0801751 1500 1500 9.42741 0.0971697 1500 1500 1500 3.12989 1500 0.0489627 1.1127 0.238365 0.055229 1500 1500 1500 
0.99308 0.740166 1500 1500 1500 1500 1500 0.0935429 0.0470655 1.76407 1500 0.48517 0.403169 0.072316 0.0714482 1500 9.42741 0.265122 1500 0.0587381 0.257505 3.82632 1500 0.0942297 1500 1500 1500 1500 1500 0.0517683 
0.994437 0.659816 1500 1500 1500 1500 0.0579026 1500 0.0470655 0.591632 7.28049 0.108026 1.4549 0.0526646 0.0714482 0.10469 1.21955 0.170883 0.261422 0.0587381 1500 3.82632 1500 0.0942297 0.0616361 1500 1500 2.60064 1500 0.0517683 
0.993263 0.735863 0.316668 1500 1500 1500 1500 0.0632709 0.0470655 0.722503 7.28049 0.369905 0.396919 0.046954 0.0714482 0.10469 1.21955 0.170883 1500 0.0587381 0.174675 2.713 1500 0.0489627 0.0616361 0.81444 1500 1500 1500 0.0517683 
0.993551 0.720766 1500 6.42946 1500 1500 1500 0.0632709 0.0470655 2.80568 1500 0.0458464 1.27078 0.063896 0.0714482 0.551723 0.0482071 0.0512902 1500 0.0587381 1500 3.82632 1500 0.0489627 0.0616361 1500 1500 2.60064 1500 1500 
0.994436 0.659981 3.16201 1500 1500 1500 0.0579026 1500 0.0470655 0.722503 1500 0.108026 0.396919 1.84648 0.0714482 1500 1.21955 0.179119 0.261422 0.0587381 4.52491 3.82632 1500 0.0489627 1500 1500 1500 1500 1500 9.23938 
0.994437 0.659815 1500 1500 1500 1500 0.0579026 1500 0.0470655 0.39022 1500 0.108026 1.4549 0.0526646 0.0714482 1500 9.42741 0.170883 0.261422 0.0587381 4.52491 3.82632 1500 0.0942297 0.0616361 1500 1500 1500 0.967509 0.0517683 
0.993172 0.738239 1500 6.42946 1500 1500 1500 0.0935429 0.0470655 0.722503 7.28049 0.369905 0.62931 0.0526646 0.0714482 0.10469 1.21955 0.24977 1500 0.0587381 4.52491 3.82632 1500 0.0942297 0.0616361 1500 1500 1500 1500 0.0517683 
0.993125 0.738441 0.407479 6.42946 1500 1500 1500 0.0632709 0.0658377 0.722503 5.26874 0.465086 0.183974 0.063896 0.0714482 0.163175 0.0482071 0.265122 1500 0.0587381 0.174675 1500 1500 0.0489627 0.0616361 1500 1500 60.0854 1500 0.0517683 
0.993411 0.729616 1500 1500 1500 1500 1500 0.0632709 0.0470655 2.80568 7.28049 0.266685 0.403169 0.0526646 0.0714482 0.0556825 1500 0.0498966 1500 0.0587381 0.0747584 1500 1500 0.0489627 0.0616361 9.48931 1500 1500 0.967509 0.0636123 
0.995737 0.0167608 1500 1500 0.0451679 0.0596704 1500 2.59315 1500 0.498799 0.341141 1.36916 1.27078 0.0801751 1500 0.0500528 1.21955 0.0971697 1500 1500 1500 3.82632 1500 0.0489627 0.0616361 0.238365 0.055229 1500 1500 1500 
0.993856 0.688664 3.16201 6.42946 1500 1500 0.0579026 1500 0.0470655 1.76407 1500 0.9966 0.396919 0.0526646 0.0714482 1500 9.42741 1.19036 0.261422 0.50941 0.164583 3.82632 1500 0.0489627 0.0616361 1500 1500 1500 1500 0.759087 
0.993515 0.722618 1500 6.42946 1500 1500 1500 0.0632709 0.0470655 1500 0.100478 0.108026 0.183974 0.0526646 0.0714482 1500 2.68166 0.0498966 1500 0.0587381 4.52491 3.82632 1500 0.0489627 0.0616361 1500 1500 1500 1500 1500 
0.993411 0.728492 0.316668 1500 1500 1500 1500 0.0632709 0.0470655 1500 7.28049 0.266685 0.183974 0.0526646 0.0714482 0.86019 1500 0.0498966 1500 0.0587381 1500 2.713 1500 0.0489627 1500 1500 1500 0.358708 1500 1500 
0.993501 0.723917 1500 1500 1500 1500 1500 0.0632709 0.0470655 0.722503 1500 0.108026 0.396919 0.0526646 0.0714482 0.10469 9.42741 0.0498966 1500 0.0587381 4.52491 3.82632 1500 0.0942297 0.0616361 0.73621 1500 0.188463 1500 0.759087 
0.993211 0.737043 0.316668 1500 1500 1500 1500 0.0632709 0.0470655 0.722503 1500 0.48517 0.403169 0.0526646 0.0714482 1500 9.42741 0.133101 1500 0.0587381 1500 3.82632 1500 0.0489627 0.988223 4.73066 1500 1500 1500 0.0517683 
0.993444 0.726448 1500 1500 1500 1500 1500 0.0632709 0.0470655 76.4814 7.28049 0.108026 1.4549 0.0526646 0.0714482 0.86019 1500 0.133101 1500 0.0587381 4.52491 3.82632 1500 0.0942297 0.988223 0.81444 1500 2.60064 1500 0.0517683 
0.994437 0.65343 1500 1500 1500 1500 0.0579026 1500 0.0470655 0.722503 1500 0.108026 0.396919 0.0801751 0.0714482 1500 0.113235 0.170883 0.261422 0.0587381 4.52491 3.82632 1500 0.0942297 0.0616361 1500 1500 1500 1500 0.759087 
0.993125 0.738471 0.407479 1500 1500 1500 1500 0.0632709 0.0658377 0.722503 7.28049 0.465086 0.183974 0.063896 0.0714482 0.163175 1500 0.265122 1500 0.0587381 0.106152 0.0447637 1500 0.0489627 0.0616361 1500 1500 0.0683363 1500 1500 
0.992714 0.741561 3.16201 0.113658 1500 1500 1500 0.0632709 0.0470655 1.76407 35.5198 0.9966 0.183974 0.0526646 0.0714482 1500 2.74156 0.369835 1500 0.0587381 4.52491 3.82632 1500 0.0489627 0.0616361 1500 1500 2.60064 1500 1500 
0.993185 0.737988 1500 1500 1500 1500 1500 0.0632709 0.0470655 0.722503 7.28049 0.48517 0.403169 0.0526646 0.0714482 0.86019 2.02808 0.170883 1500 0.0587381 1500 1500 1500 0.0489627 1500 0.712003 1500 2.60064 1500 0.0517683 
0.994437 0.652911 1500 1500 1500 1500 0.0579026 1500 0.0470655 0.722503 1500 0.108026 0.396919 0.0526646 0.0714482 1500 9.42741 0.170883 0.261422 0.0587381 4.52491 3.82632 1500 0.0942297 0.0616361 1500 1500 4.57976 2.38805 0.759087 
0.994607 0.652875 1500 0.113658 1500 1500 0.0579026 1500 0.0470655 1500 1500 0.0572557 0.0622832 0.0526646 0.0714482 1500 9.42741 1.14815 0.0457008 0.447169 4.52491 3.82632 1500 0.0942297 0.921751 1500 1500 2.60064 57.1582 1500 
0.993858 0.685229 1500 0.113658 1500 1500 0.0579026 1500 0.0470655 1.76407 7.28049 0.9966 1.4549 0.0526646 0.0714482 1500 1.21955 0.170883 0.261422 0.50941 1500 3.82632 1500 0.0489627 0.0616361 1500 1500 1500 1500 1500 
0.99288 0.740258 1500 1500 1500 1500 1500 0.0632709 0.0470655 1500 1500 0.925678 0.396919 0.0526646 0.0714482 1500 4.05122 0.170883 1500 0.0587381 0.257505 0.11972 1500 0.0942297 0.0616361 1500 1500 2.60064 1500 1500 
0.994437 0.660991 1500 0.0532093 1500 1500 0.0579026 1500 0.0470655 0.722503 1500 0.108026 1.8193 0.0526646 0.0714482 1500 1.21955 0.170883 0.261422 0.0587381 1500 3.82632 1500 0.0942297 1500 1500 1500 2.60064 1500 0.0517683 
0.994332 0.675267 3.16201 6.42946 1500 1500 0.0579026 1500 0.0470655 1.76407 0.15698 0.266685 0.403169 0.0801751 0.0714482 0.10469 1500 1.19036 0.261422 0.0587381 0.257505 2.713 1500 0.0489627 0.988223 1500 1500 0.146063 1500 1500 
0.993858 0.683445 3.16201 1500 1500 1500 0.0579026 1500 0.0470655 1.76407 1500 0.9966 1.27078 0.072316 0.0714482 1500 1.21955 0.0498966 0.261422 0.50941 1500 3.82632 1500 0.0942297 0.0616361 1500 1500 0.0499856 1500 9.23938 
0.993125 0.739296 0.407479 1500 1500 1500 1500 0.0632709 0.0658377 0.722503 7.28049 0.465086 0.396919 0.063896 0.0714482 0.163175 0.0482071 0.265122 1500 0.0587381 0.174675 1500 1500 0.0489627 0.0616361 1500 1500 0.044116 1500 0.0517683 
0.994435 0.66692 1500 1500 1500 1500 0.0579026 1500 0.0470655 5.24193 0.100478 0.108026 0.396919 0.0526646 0.0714482 0.10469 2.68166 1.14815 0.261422 0.0587381 4.52491 3.82632 1500 0.0942297 0.921751 1500 1500 5.15525 13.1592 1500 
0.993144 0.738383 1500 1500 1500 1500 1500 0.0935429 0.0470655 1.76407 1500 0.48517 0.396919 0.072316 0.0714482 1500 9.42741 0.170883 1500 0.0587381 4.52491 3.82632 1500 0.0942297 1500 1500 1500 1500 1500 0.759087 
0.993283 0.734862 1500 1500 1500 1500 1500 0.0632709 0.0470655 0.722503 7.28049 0.369905 0.403169 0.063896 0.0714482 0.10469 1500 0.133101 1500 0.0587381 0.106152 1.70451 1500 0.0489627 0.0616361 0.81444 1500 60.0854 1500 0.0517683 
0.994437 0.652938 1500 1500 1500 1500 0.0579026 1500 0.0470655 1500 1500 0.108026 0.396919 0.0526646 0.0714482 1500 9.42741 0.170883 0.261422 0.0587381 4.52491 3.82632 1500 0.0942297 0.178611 1500 1500 2.60064 1500 0.759087 
0.993857 0.689897 1500 0.434832 1500 1500 0.0579026 1500 0.0470655 1.76407 1500 0.9966 0.396919 0.0526646 0.0714482 1500 9.42741 1.19036 0.261422 0.0587381 4.52491 1.17422 1500 0.0489627 0.0616361 1500 1500 2.60064 1500 0.759087 
0.993345 0.732187 0.316668 0.13558 1500 1500 1500 0.0632709 0.0658377 0.761088 5.26874 0.266685 0.396919 0.063896 0.0714482 0.163175 1500 0.133101 1500 0.0587381 0.174675 1500 1500 0.0489627 0.988223 1500 1500 1500 1500 1500 
0.994435 0.663795 1500 0.113658 1500 1500 0.0579026 1500 0.0470655 1.76407 1500 0.108026 0.183974 0.072316 0.0714482 0.279343 9.42741 1.19036 0.261422 0.50941 1500 3.82632 1500 0.0489627 0.0616361 1500 1500 1500 1500 1500 
0.993339 0.732297 0.316668 1500 1500 1500 1500 0.0632709 0.0470655 0.722503 7.28049 0.266685 1.4549 0.0526646 0.0714482 0.10469 1500 0.133101 1500 0.0587381 0.257505 3.82632 1500 0.0942297 0.0616361 1500 1500 0.146063 1500 0.0517683 
0.995701 0.0810039 0.0460241 1500 0.0713456 0.0596704 1.47868 5.26152 1500 1500 98.652 1.36916 43.8119 0.0801751 1500 1500 1500 0.0971697 1500 1500 1500 3.12989 1500 0.0489627 1.1127 0.238365 0.055229 1500 1500 0.0520785 
0.993419 0.727519 1500 1500 1500 1500 1500 0.0632709 0.0470655 0.722503 1500 0.108026 0.396919 0.0526646 0.0714482 1500 9.42741 0.170883 1500 0.0587381 0.0747584 3.82632 1500 0.0942297 0.0616361 1500 1500 1500 0.967509 0.0517683 
0.994437 0.653312 3.16201 1500 1500 1500 0.0579026 1500 0.0470655 1.76407 1500 0.108026 0.396919 0.0801751 0.0714482 1500 9.42741 0.170883 0.261422 0.50941 4.52491 3.82632 1500 0.0942297 0.0616361 1500 1500 1500 1500 0.759087 
0.993857 0.690522 1500 6.42946 1500 1500 0.0579026 1500 0.0470655 0.722503 1500 0.9966 0.183974 0.0801751 0.0714482 0.776966 9.42741 1.19036 0.261422 0.0587381 4.52491 3.82632 1500 0.0942297 0.0616361 1500 1500 1500 1500 0.477991 
0.994437 0.659099 3.16201 6.42946 1500 1500 0.0579026 1500 0.0470655 0.591632 7.28049 0.108026 1.4549 0.072316 0.0714482 1500 1.21955 0.133101 0.261422 0.0587381 1500 3.82632 1500 0.0942297 0.135276 1500 1500 2.60064 1500 0.0517683 
0.993515 0.72329 0.407479 6.42946 1500 1500 1500 0.0632709 0.0470655 0.722503 5.26874 0.108026 1.4549 0.0526646 0.0714482 0.163175 0.0482071 0.0498966 1500 0.0587381 0.174675 3.82632 1500 0.0489627 0.0449004 1500 1500 1500 1500 0.0517683 
0.993356 0.732183 1500 1500 1500 1500 1500 0.0632709 0.0470655 0.722503 7.28049 0.266685 0.396919 0.046954 0.0933584 0.705778 4.05122 0.133101 1500 0.0587381 0.257505 2.713 1500 0.0489627 0.988223 0.81444 1500 1500 1500 1500 
0.99321 0.737388 1500 1500 1500 1500 1500 0.0632709 0.0470655 0.722503 7.28049 0.369905 0.396919 0.046954 0.0714482 1500 0.312059 0.24977 1500 0.0587381 0.174675 2.713 1500 0.0489627 0.0616361 1500 1500 1500 32.7023 0.0517683 
0.993515 0.722843 1500 0.0510658 1500 1500 1500 0.0632709 0.0470655 0.722503 5.26874 0.108026 0.226888 0.0526646 0.0714482 1500 1.21955 0.0498966 1500 0.0587381 1500 3.82632 1500 0.0489627 0.0616361 1500 1500 1500 3.85979 0.0517683 
0.993551 0.720476 1500 6.42946 1500 1500 1500 0.0632709 0.0470655 0.722503 5.26874 0.0458464 1.4549 0.063896 0.0714482 0.551723 1500 0.0512902 1500 0.0587381 0.0747584 3.82632 1500 0.0489627 0.0616361 1500 1500 2.60064 1500 1500 
0.993857 0.691192 1500 0.113658 1500 1500 0.0579026 1500 0.0470655 0.722503 1500 0.9966 0.396919 0.0526646 0.0714482 1500 9.42741 1.19036 0.261422 0.0587381 4.52491 3.82632 1500 0.0942297 0.0616361 1500 1500 1500 1500 1500 
0.994052 0.683397 1500 1500 1500 1500 0.0579026 1500 0.0470655 0.722503 1500 0.699462 1.4549 0.0526646 0.0714482 1500 9.42741 0.170883 0.261422 0.0587381 4.52491 3.82632 1500 0.0942297 0.0616361 1500 1500 2.60064 1500 0.759087 
0.993172 0.738187 0.316668 1500 1500 1500 1500 0.0935429 0.0470655 0.722503 7.28049 0.369905 0.62931 0.0526646 0.0714482 0.10469 1.21955 0.24977 1500 0.0587381 4.52491 3.82632 1500 0.0942297 0.0616361 0.81444 1500 1500 1500 0.0517683 
0.993418 0.727295 1500 1500 1500 1500 1500 0.0632709 0.0470655 0.722503 5.26874 0.108026 1.4549 0.0526646 0.0714482 0.86019 1.21955 0.170883 1500 0.0587381 4.52491 3.82632 1500 0.0942297 0.0616361 1500 1500 1500 1500 0.0517683 
0.993434 0.727205 1500 6.42946 1500 1500 1500 0.0632709 0.0470655 1500 0.100478 0.108026 0.403169 0.0526646 0.0714482 1500 4.05122 0.170883 1500 0.0587381 1500 3.82632 1500 0.0489627 0.117482 1500 1500 1500 1500 1500 
0.993537 0.72137 1500 6.42946 1500 1500 1500 0.0632709 0.0470655 2.80568 7.28049 0.0458464 0.62931 0.063896 0.0714482 0.10469 1.21955 0.0512902 1500 0.0587381 1500 3.82632 1500 0.0942297 0.0616361 1500 1500 1500 1500 1500 
0.993329 0.733586 1500 6.42946 1500 1500 1500 0.0632709 0.0470655 0.722503 1500 0.266685 0.62931 0.0526646 0.0714482 0.551723 1.21955 0.170883 1500 0.0587381 1500 3.82632 1500 0.0489627 0.0616361 1500 1500 1500 0.162151 0.0517683 
0.993856 0.68977 0.316668 1500 1500 1500 0.0579026 1500 0.0470655 0.722503 1500 0.9966 0.396919 0.072316 0.0714482 0.10469 1.76066 1.19036 0.261422 0.287132 0.174675 2.713 1500 0.0489627 0.135276 0.81444 1500 1500 1500 0.0517683 
0.994437 0.661399 1500 6.42946 1500 1500 0.0579026 1500 0.0470655 1500 1500 0.108026 1.4549 0.0526646 0.0714482 1500 9.42741 0.170883 0.261422 0.0587381 4.52491 3.82632 1500 0.164458 0.0616361 1500 1500 1500 0.967509 0.759087 
0.993172 0.738258 1500 6.42946 1500 1500 1500 0.0935429 0.0470655 0.0973968 7.28049 0.369905 0.62931 0.0526646 0.0714482 0.373754 1.21955 0.24977 1500 0.0587381 0.0672528 1500 1500 0.0942297 0.138128 9.48931 1500 1500 1500 0.0517683 
0.99337 0.730452 0.316668 1500 1500 1500 1500 0.0632709 0.0470655 0.722503 5.26874 0.207124 1.4549 0.046954 0.0714482 0.10469 1.21955 0.170883 1500 0.0587381 0.0747584 2.713 1500 0.0489627 0.0616361 0.81444 1500 1500 1500 0.0517683 
0.993116 0.739462 2.77283 0.396283 1500 1500 1500 0.0632709 0.0470655 1500 7.28049 0.465086 0.396919 0.063896 0.0714482 1500 2.74156 0.265122 1500 0.0587381 0.106152 0.0447637 1500 0.0942297 0.0616361 1500 1500 0.0683363 1500 1500 
0.993248 0.736051 1500 0.0441147 1500 1500 1500 0.0632709 0.0470655 0.722503 1500 0.369905 0.396919 0.046954 0.0714482 0.10469 1.21955 0.170883 1500 0.0587381 0.174675 3.82632 1500 0.0942297 0.0616361 1500 1500 1.36165 0.967509 0.0517683 
0.993279 0.735113 0.316668 1500 1500 1500 1500 0.0632709 0.0470655 0.103148 0.231667 0.342544 0.396919 0.0526646 0.0714482 0.10469 11.7421 0.170883 1500 0.0587381 4.52491 2.713 1500 0.0489627 0.0616361 0.788194 1500 1500 2.90896 1500 
0.993173 0.738305 1500 6.42946 1500 1500 1500 0.0935429 0.0470655 0.722503 1500 0.369905 0.62931 0.0526646 0.0714482 0.10469 1.17038 0.24977 1500 0.0587381 1500 3.82632 1500 0.0942297 0.169962 1500 1500 1500 1500 0.0517683 
0.993856 0.694473 1500 1500 1500 1500 0.0579026 1500 0.0470655 1.76407 35.5198 0.9966 3.77927 0.0526646 0.0714482 1500 2.74156 0.605875 0.261422 0.0587381 4.52491 3.82632 1500 0.0942297 0.0616361 1500 1500 4.57976 1500 0.759087 
0.994437 0.653176 1500 1500 1500 1500 0.0579026 1500 0.0470655 0.722503 1500 0.108026 0.396919 0.063896 0.0714482 1500 1500 0.170883 0.261422 0.0587381 4.52491 3.82632 1500 0.0942297 0.0616361 1500 1500 1500 1500 0.759087 
0.994435 0.666982 1500 6.42946 1500 1500 0.0579026 1500 0.0470655 1500 7.28049 0.108026 0.183974 0.072316 0.0714482 0.887661 1500 1.19036 0.261422 0.0587381 1500 3.82632 1500 0.0942297 0.988223 0.81444 1500 1500 8.18079 43.433 
0.99318 0.738032 1500 1500 1500 1500 1500 0.0632709 0.0470655 0.722503 1500 0.465086 0.396919 0.063896 0.0714482 1500 9.42741 0.170883 1500 0.0587381 4.52491 3.82632 1500 0.0942297 0.0616361 1500 1500 1500 43.75 1500 
0.993459 0.726157 1.21229 1500 1500 1500 1500 0.0632709 0.0470655 0.722503 1500 0.108026 1.4549 0.0526646 0.0714482 1500 1500 0.133101 1500 0.0587381 0.0747584 3.82632 1500 0.0489627 0.0616361 4.73066 1500 2.15142 1500 0.0517683 
0.994435 0.668541 1500 0.103799 1500 1500 0.0579026 1500 0.0470655 0.39022 0.100478 0.108026 0.396919 0.0526646 0.0714482 1500 2.68166 1.19036 0.261422 0.0587381 4.52491 1.46347 1500 0.290835 0.0616361 1500 1500 1500 0.967509 0.0517683 
0.993857 0.683875 0.316668 0.113658 1500 1500 0.0579026 1500 0.0470655 1.76407 1500 0.9966 0.183974 0.0526646 0.0714482 0.10469 1500 0.623447 0.261422 0.50941 0.0747584 3.82632 1500 0.0942297 0.0616361 1500 1500 1500 1500 0.0517683 
0.993246 0.736252 1500 6.42946 1500 1500 1500 0.0632709 0.0470655 2.80568 1500 0.369905 0.396919 0.0526646 0.0714482 1500 2.74156 0.170883 1500 0.0587381 1500 3.82632 1500 0.0942297 0.0616361 1500 1500 1500 1500 0.0517683 
0.994437 0.653462 1500 1500 1500 1500 0.0579026 1500 0.0470655 0.39022 1500 0.108026 0.396919 0.0801751 0.0714482 1500 1500 0.170883 0.261422 0.0587381 4.52491 3.82632 1500 0.0942297 0.501476 1500 1500 1500 0.967509 0.759087 
0.993434 0.727269 1500 1500 1500 1500 1500 0.0632709 0.0470655 0.722503 7.28049 0.108026 0.396919 0.0526646 0.0714482 1500 4.05122 0.170883 1500 0.0587381 4.52491 3.82632 1500 0.0489627 0.0616361 1500 1500 1500 1500 0.0517683 
0.994609 0.632998 6.58021 0.113658 1500 1500 0.0579026 1500 0.0470655 2.80568 1500 0.0572557 0.112119 0.0526646 0.0714482 1500 2.74156 0.170883 0.0457008 0.0587381 4.52491 3.82632 1500 0.0942297 0.0616361 1500 1500 2.60064 1500 1500 
0.993108 0.73979 1500 1500 1500 1500 1500 0.0632709 0.0470655 0.722503 1500 0.48517 0.396919 0.0801751 0.0714482 1500 9.42741 0.24977 1500 0.0587381 4.52491 3.82632 1500 0.0942297 1500 1500 1500 1500 1500 0.0517683 
0.994436 0.658709 1500 1500 1500 1500 0.0579026 1500 0.0470655 0.591632 1500 0.108026 1.4549 0.0526646 0.0714482 0.10469 1.21955 0.170883 0.261422 0.707581 4.52491 3.82632 1500 0.0942297 0.0616361 1500 1500 1500 1500 0.0517683 
0.994437 0.659843 1500 1500 1500 1500 0.0579026 1500 0.0470655 0.39022 1500 0.108026 1.4549 0.0526646 0.0714482 1500 1.21955 0.170883 0.261422 0.0587381 4.52491 3.82632 1500 0.0942297 1500 1500 1500 2.60064 1500 0.0517683 
0.994437 0.652937 1500 1500 1500 1500 0.0579026 1500 0.0470655 0.591632 1500 0.108026 0.396919 0.0526646 0.0714482 1500 9.42741 0.170883 0.261422 0.0587381 0.0446939 3.82632 1500 0.0942297 0.0616361 1500 1500 2.60064 1500 0.0517683 
0.994437 0.659838 0.316668 1500 1500 1500 0.0579026 1500 0.0470655 5.13192 1500 0.108026 1.4549 0.0526646 0.0714482 0.86019 1500 0.170883 0.261422 0.0587381 4.52491 2.713 1500 0.0942297 0.0616361 1500 1500 1500 0.967509 0.0517683 
0.995575 0.0281112 3.16201 1500 0.0713456 0.0483504 1500 0.209858 1500 0.498799 1500 1.36916 0.396919 0.0801751 1500 0.64197 1.21955 0.0971697 1500 1500 1500 3.82632 1500 0.234255 0.0616361 0.238365 0.055229 1500 1500 1500 
