0.242002 0.589699 1500 1.55097 1500 
0.233054 0.597858 1500 1.47474 1500 
0.446365 0.114879 1500 7.62026 1500 
0.23839 0.593065 1500 1.51973 1500 
0.30748 0.496449 1500 2.26151 1500 
0.394423 0.282552 1500 4.12753 1500 
0.447728 0.109304 1500 7.85088 1500 
0.198206 0.619858 1500 1.20969 1500 
0.261181 0.56867 1500 1.72833 1500 
0.218444 0.608961 1500 1.35794 1500 
0.256404 0.574302 1500 1.68222 1500 
0.333576 0.442461 1500 2.658 1500 
0.243304 0.588383 1500 1.56238 1500 
0.233054 0.59781 1500 1.47474 1500 
0.364993 0.365205 1500 3.28582 1500 
0.166745 0.626948 1500 1.00426 1500 
0.435918 0.152658 1500 6.38788 1500 
0.409366 0.237556 1500 4.71974 1500 
0.427116 0.181489 1500 5.69874 1500 
0.437 0.148785 1500 6.48915 1500 
0.413206 0.225735 1500 4.90052 1500 
0.261181 0.56851 1500 1.72833 1500 
0.363071 0.370244 1500 3.24112 1500 
0.162524 0.627053 1500 0.978606 1500 
0.403652 0.255002 1500 4.47518 1500 
0.280757 0.541778 1500 1.93282 1500 
0.280745 0.541983 1500 1.9327 1500 
0.242002 0.589538 1500 1.55097 1500 
0.403653 0.254968 1500 4.47518 1500 
0.238389 0.593103 1500 1.51973 1500 
0.394421 0.282815 1500 4.12753 1500 
0.162524 0.627071 1500 0.978606 1500 
0.254435 0.576595 1500 1.66361 1500 
0.318752 0.473974 1500 2.42194 1500 
0.23839 0.593119 1500 1.51973 1500 
0.261181 0.568555 1500 1.72833 1500 
0.356104 0.388259 1500 3.08665 1500 
0.333576 0.442534 1500 2.658 1500 
0.30748 0.49618 1500 2.26151 1500 
0.449895 0.0998774 1500 8.2808 1500 
0.208157 0.615124 1500 1.28078 1500 
0.233054 0.597806 1500 1.47474 1500 
0.364983 0.365309 1500 3.28582 1500 
0.203625 0.617324 1500 1.24799 1500 
0.183414 0.624673 1500 1.10974 1500 
0.447229 0.111496 1500 7.75865 1500 
0.166745 0.627019 1500 1.00426 1500 
0.181367 0.625173 1500 1.0964 1500 
0.388428 0.299939 1500 3.92722 1500 
0.243304 0.588326 1500 1.56238 1500 
0.237005 0.594209 1500 1.50793 1500 
0.242002 0.589545 1500 1.55097 1500 
0.162524 0.627062 1500 0.978606 1500 
0.446378 0.114859 1500 7.62026 1500 
0.181574 0.625081 1500 1.09775 1500 
0.452926 0.0831943 1500 9.208 1500 
0.242002 0.589697 1500 1.55097 1500 
0.447204 0.111497 1500 7.75865 1500 
0.25991 0.570168 1500 1.71593 1500 
0.451224 0.093343 1500 8.61555 1500 
0.185351 0.624225 1500 1.12247 1500 
0.203625 0.617397 1500 1.24799 1500 
0.203625 0.617454 1500 1.24799 1500 
0.243304 0.588277 1500 1.56238 1500 
0.256403 0.574366 1500 1.68222 1500 
0.203625 0.617425 1500 1.24799 1500 
0.162524 0.627064 1500 0.978606 1500 
0.452133 0.0882594 1500 8.89496 1500 
0.414581 0.221375 1500 4.96849 1500 
0.198206 0.619899 1500 1.20969 1500 
0.256404 0.574324 1500 1.68222 1500 
0.45289 0.0835241 1500 9.18732 1500 
0.181366 0.625171 1500 1.0964 1500 
0.333578 0.442257 1500 2.658 1500 
0.405119 0.250699 1500 4.53609 1500 
0.233054 0.597832 1500 1.47474 1500 
0.181574 0.625087 1500 1.09775 1500 
0.453824 0.0757243 1500 9.71691 1500 
0.256404 0.574277 1500 1.68222 1500 
0.261181 0.568618 1500 1.72833 1500 
0.333578 0.442366 1500 2.658 1500 
0.261181 0.568475 1500 1.72833 1500 
0.243305 0.58837 1500 1.56238 1500 
0.435933 0.152628 1500 6.38788 1500 
0.242003 0.58956 1500 1.55097 1500 
0.208157 0.615088 1500 1.28078 1500 
0.312669 0.486464 1500 2.33352 1500 
0.166745 0.627003 1500 1.00426 1500 
0.394666 0.281931 1500 4.13603 1500 
0.203625 0.617458 1500 1.24799 1500 
0.302835 0.505031 1500 2.19953 1500 
0.388423 0.300161 1500 3.92722 1500 
0.242002 0.589625 1500 1.55097 1500 
0.238389 0.593072 1500 1.51973 1500 
0.242002 0.589634 1500 1.55097 1500 
0.356104 0.3883 1500 3.08665 1500 
0.261181 0.568586 1500 1.72833 1500 
0.280755 0.541853 1500 1.93282 1500 
0.382124 0.31831 1500 3.73479 1500 
0.233054 0.597738 1500 1.47474 1500 
0.30748 0.49638 1500 2.26151 1500 
0.243304 0.58839 1500 1.56238 1500 
0.242002 0.589703 1500 1.55097 1500 
0.203625 0.617402 1500 1.24799 1500 
0.385768 0.307695 1500 3.8441 1500 
0.333578 0.44243 1500 2.658 1500 
0.276461 0.54797 1500 1.88564 1500 
0.405127 0.250546 1500 4.53609 1500 
0.181366 0.625174 1500 1.0964 1500 
0.23839 0.592958 1500 1.51973 1500 
0.23839 0.593125 1500 1.51973 1500 
0.25991 0.570125 1500 1.71593 1500 
0.237005 0.594395 1500 1.50793 1500 
0.319367 0.473147 1500 2.43117 1500 
0.183414 0.624702 1500 1.10974 1500 
0.407732 0.242615 1500 4.64803 1500 
0.261181 0.568583 1500 1.72833 1500 
0.181574 0.625097 1500 1.09775 1500 
0.328307 0.453954 1500 2.57048 1500 
0.261181 0.568501 1500 1.72833 1500 
0.181574 0.625126 1500 1.09775 1500 
0.243304 0.588421 1500 1.56238 1500 
0.402913 0.257075 1500 4.44533 1500 
0.446363 0.114885 1500 7.62026 1500 
0.208157 0.61508 1500 1.28078 1500 
0.303013 0.504634 1500 2.20187 1500 
0.242003 0.589737 1500 1.55097 1500 
0.243304 0.588377 1500 1.56238 1500 
0.449202 0.102899 1500 8.13571 1500 
0.394424 0.282604 1500 4.12753 1500 
0.417415 0.212651 1500 5.11511 1500 
0.297871 0.514121 1500 2.13571 1500 
0.453816 0.0757339 1500 9.71691 1500 
0.452692 0.0849687 1500 9.09538 1500 
0.335668 0.437839 1500 2.6939 1500 
0.238389 0.593096 1500 1.51973 1500 
0.259909 0.570013 1500 1.71593 1500 
0.294218 0.520295 1500 2.09025 1500 
0.180788 0.625327 1500 1.09265 1500 
0.341332 0.424663 1500 2.79489 1500 
0.328307 0.454114 1500 2.57048 1500 
0.242002 0.589698 1500 1.55097 1500 
0.335668 0.437757 1500 2.6939 1500 
0.242002 0.589717 1500 1.55097 1500 
0.312784 0.486059 1500 2.33517 1500 
0.243304 0.588311 1500 1.56238 1500 
0.243304 0.588352 1500 1.56238 1500 
0.261181 0.568616 1500 1.72833 1500 
0.446354 0.114922 1500 7.62026 1500 
0.218444 0.608895 1500 1.35794 1500 
0.238389 0.59313 1500 1.51973 1500 
0.208157 0.615102 1500 1.28078 1500 
0.364994 0.364993 1500 3.28582 1500 
0.44986 0.0999258 1500 8.2808 1500 
0.218444 0.6088 1500 1.35794 1500 
0.409818 0.236034 1500 4.74063 1500 
0.238389 0.59296 1500 1.51973 1500 
0.403652 0.255069 1500 4.47518 1500 
0.166745 0.627016 1500 1.00426 1500 
0.39443 0.282378 1500 4.12753 1500 
0.181574 0.625106 1500 1.09775 1500 
0.254435 0.576512 1500 1.66361 1500 
0.203625 0.617417 1500 1.24799 1500 
0.208157 0.615092 1500 1.28078 1500 
0.256403 0.574261 1500 1.68222 1500 
0.44775 0.109269 1500 7.85088 1500 
0.3839 0.312702 1500 3.78735 1500 
0.181367 0.6252 1500 1.0964 1500 
0.203625 0.617442 1500 1.24799 1500 
0.162524 0.627069 1500 0.978606 1500 
0.237005 0.594283 1500 1.50793 1500 
0.233054 0.597697 1500 1.47474 1500 
0.242002 0.589654 1500 1.55097 1500 
0.447752 0.109198 1500 7.85088 1500 
0.233054 0.597884 1500 1.47474 1500 
0.26118 0.568578 1500 1.72833 1500 
0.242003 0.589546 1500 1.55097 1500 
0.233054 0.597787 1500 1.47474 1500 
0.242002 0.589536 1500 1.55097 1500 
0.256404 0.574304 1500 1.68222 1500 
0.453871 0.0753022 1500 9.7458 1500 
0.333578 0.442411 1500 2.658 1500 
0.233054 0.597864 1500 1.47474 1500 
0.451202 0.0933785 1500 8.61555 1500 
0.233054 0.597793 1500 1.47474 1500 
0.242467 0.589167 1500 1.55503 1500 
0.243304 0.588401 1500 1.56238 1500 
0.198206 0.619785 1500 1.20969 1500 
0.180788 0.625266 1500 1.09265 1500 
0.280756 0.541912 1500 1.93282 1500 
0.242002 0.589704 1500 1.55097 1500 
0.45302 0.0825587 1500 9.24244 1500 
0.436787 0.149682 1500 6.4693 1500 
0.413207 0.225783 1500 4.90052 1500 
0.234301 0.596704 1500 1.48514 1500 
0.409368 0.237401 1500 4.71974 1500 
0.198206 0.619903 1500 1.20969 1500 
0.238389 0.593015 1500 1.51973 1500 
0.451964 0.0893712 1500 8.83124 1500 
0.23839 0.592955 1500 1.51973 1500 
0.242003 0.589615 1500 1.55097 1500 
0.381851 0.318793 1500 3.72697 1500 
0.233054 0.597783 1500 1.47474 1500 
0.237005 0.594269 1500 1.50793 1500 
0.233054 0.597814 1500 1.47474 1500 
0.254435 0.576544 1500 1.66361 1500 
0.256403 0.574351 1500 1.68222 1500 
0.432741 0.163358 1500 6.11659 1500 
0.280756 0.541746 1500 1.93282 1500 
0.39443 0.282539 1500 4.12753 1500 
0.261181 0.568555 1500 1.72833 1500 
0.451942 0.0894027 1500 8.83124 1500 
0.203625 0.617467 1500 1.24799 1500 
0.276459 0.548112 1500 1.88564 1500 
0.203625 0.61741 1500 1.24799 1500 
0.233054 0.597819 1500 1.47474 1500 
0.452682 0.0850188 1500 9.09538 1500 
0.238389 0.593104 1500 1.51973 1500 
0.436993 0.1489 1500 6.48915 1500 
0.452944 0.0831551 1500 9.208 1500 
0.243304 0.588367 1500 1.56238 1500 
0.203625 0.617421 1500 1.24799 1500 
0.261181 0.568615 1500 1.72833 1500 
0.237005 0.59433 1500 1.50793 1500 
0.22463 0.604608 1500 1.4063 1500 
0.44656 0.113999 1500 7.65059 1500 
0.261181 0.568594 1500 1.72833 1500 
0.447229 0.111315 1500 7.75865 1500 
0.243304 0.588476 1500 1.56238 1500 
0.276459 0.54819 1500 1.88564 1500 
0.310727 0.490285 1500 2.30624 1500 
0.261181 0.568504 1500 1.72833 1500 
0.312667 0.486552 1500 2.33352 1500 
0.364465 0.366583 1500 3.27348 1500 
0.242002 0.589664 1500 1.55097 1500 
0.166745 0.627003 1500 1.00426 1500 
0.45289 0.0834662 1500 9.18732 1500 
0.238389 0.593129 1500 1.51973 1500 
0.233054 0.59788 1500 1.47474 1500 
0.426061 0.185092 1500 5.62844 1500 
0.436984 0.148933 1500 6.48915 1500 
0.162524 0.627082 1500 0.978606 1500 
0.438545 0.143593 1500 6.64206 1500 
0.25991 0.570135 1500 1.71593 1500 
0.218444 0.608958 1500 1.35794 1500 
0.254435 0.576627 1500 1.66361 1500 
0.261181 0.56864 1500 1.72833 1500 
0.383896 0.313073 1500 3.78735 1500 
0.254435 0.576658 1500 1.66361 1500 
0.242002 0.589688 1500 1.55097 1500 
0.218444 0.608918 1500 1.35794 1500 
0.256404 0.574312 1500 1.68222 1500 
0.181366 0.625194 1500 1.0964 1500 
0.233054 0.597773 1500 1.47474 1500 
0.394667 0.281894 1500 4.13603 1500 
0.425885 0.1856 1500 5.61589 1500 
0.185351 0.624175 1500 1.12247 1500 
0.162524 0.627062 1500 0.978606 1500 
0.451921 0.089456 1500 8.83124 1500 
0.23839 0.593123 1500 1.51973 1500 
0.451202 0.0933602 1500 8.61555 1500 
0.26118 0.568596 1500 1.72833 1500 
0.180788 0.625241 1500 1.09265 1500 
0.318752 0.474259 1500 2.42194 1500 
0.273388 0.552431 1500 1.85273 1500 
0.238389 0.593089 1500 1.51973 1500 
0.421566 0.19948 1500 5.34764 1500 
0.203625 0.617411 1500 1.24799 1500 
0.162524 0.627079 1500 0.978606 1500 
0.417399 0.212719 1500 5.11511 1500 
0.208157 0.61512 1500 1.28078 1500 
0.385298 0.309177 1500 3.82972 1500 
0.261181 0.56854 1500 1.72833 1500 
0.218444 0.60887 1500 1.35794 1500 
0.242002 0.589654 1500 1.55097 1500 
0.242002 0.589494 1500 1.55097 1500 
0.333579 0.442397 1500 2.658 1500 
0.162524 0.627063 1500 0.978606 1500 
0.23839 0.593083 1500 1.51973 1500 
0.162524 0.627059 1500 0.978606 1500 
0.25991 0.570124 1500 1.71593 1500 
0.381852 0.318811 1500 3.72697 1500 
0.162524 0.627053 1500 0.978606 1500 
0.233054 0.597851 1500 1.47474 1500 
0.226713 0.60298 1500 1.42294 1500 
0.181366 0.625174 1500 1.0964 1500 
0.256404 0.574202 1500 1.68222 1500 
0.162524 0.627104 1500 0.978606 1500 
0.243304 0.588243 1500 1.56238 1500 
0.238389 0.593126 1500 1.51973 1500 
0.233054 0.597799 1500 1.47474 1500 
0.333575 0.442538 1500 2.658 1500 
0.340996 0.425388 1500 2.78872 1500 
0.446387 0.114805 1500 7.62026 1500 
0.203625 0.617505 1500 1.24799 1500 
0.385304 0.308984 1500 3.82972 1500 
0.25991 0.569968 1500 1.71593 1500 
0.212945 0.612456 1500 1.31621 1500 
0.256403 0.574327 1500 1.68222 1500 
0.335668 0.437502 1500 2.6939 1500 
0.453887 0.0752954 1500 9.7458 1500 
0.242002 0.589701 1500 1.55097 1500 
0.208157 0.615145 1500 1.28078 1500 
0.242002 0.589627 1500 1.55097 1500 
0.242002 0.589695 1500 1.55097 1500 
0.233054 0.597842 1500 1.47474 1500 
0.335668 0.437697 1500 2.6939 1500 
0.238389 0.593149 1500 1.51973 1500 
0.242002 0.58967 1500 1.55097 1500 
0.256404 0.574226 1500 1.68222 1500 
0.197651 0.620074 1500 1.20582 1500 
0.218444 0.6089 1500 1.35794 1500 
0.243304 0.588437 1500 1.56238 1500 
0.364993 0.365028 1500 3.28582 1500 
0.203625 0.617465 1500 1.24799 1500 
0.312667 0.486544 1500 2.33352 1500 
0.236924 0.594473 1500 1.50724 1500 
0.233054 0.597843 1500 1.47474 1500 
0.256404 0.574305 1500 1.68222 1500 
0.232928 0.597986 1500 1.47369 1500 
0.435819 0.152949 1500 6.3788 1500 
0.203625 0.617426 1500 1.24799 1500 
0.181574 0.625132 1500 1.09775 1500 
0.243305 0.58845 1500 1.56238 1500 
0.294218 0.520235 1500 2.09025 1500 
0.203625 0.617397 1500 1.24799 1500 
0.162524 0.627056 1500 0.978606 1500 
0.238389 0.593024 1500 1.51973 1500 
0.181367 0.625169 1500 1.0964 1500 
0.243304 0.588298 1500 1.56238 1500 
0.294218 0.520197 1500 2.09025 1500 
0.256404 0.574376 1500 1.68222 1500 
0.409358 0.237678 1500 4.71974 1500 
0.162524 0.627061 1500 0.978606 1500 
0.388426 0.300114 1500 3.92722 1500 
0.168903 0.626865 1500 1.01753 1500 
0.162524 0.627082 1500 0.978606 1500 
0.181574 0.625105 1500 1.09775 1500 
0.318751 0.47422 1500 2.42194 1500 
0.335668 0.437695 1500 2.6939 1500 
0.242002 0.589695 1500 1.55097 1500 
0.237005 0.594429 1500 1.50793 1500 
0.203625 0.61748 1500 1.24799 1500 
0.335667 0.43732 1500 2.6939 1500 
0.432747 0.163258 1500 6.11659 1500 
0.280756 0.54182 1500 1.93282 1500 
0.242003 0.589653 1500 1.55097 1500 
0.452128 0.0883809 1500 8.89496 1500 
0.181574 0.625115 1500 1.09775 1500 
0.218444 0.60893 1500 1.35794 1500 
0.233054 0.597865 1500 1.47474 1500 
0.181574 0.625118 1500 1.09775 1500 
0.432747 0.163256 1500 6.11659 1500 
0.30748 0.496516 1500 2.26151 1500 
0.203625 0.617418 1500 1.24799 1500 
0.261181 0.568608 1500 1.72833 1500 
0.243304 0.588331 1500 1.56238 1500 
0.233054 0.597747 1500 1.47474 1500 
0.242002 0.589685 1500 1.55097 1500 
0.166745 0.626987 1500 1.00426 1500 
0.259909 0.570115 1500 1.71593 1500 
0.3853 0.308988 1500 3.82972 1500 
0.29787 0.513936 1500 2.13571 1500 
0.331163 0.447692 1500 2.61741 1500 
0.242002 0.589624 1500 1.55097 1500 
0.256403 0.574376 1500 1.68222 1500 
0.307481 0.496435 1500 2.26151 1500 
0.312669 0.486393 1500 2.33352 1500 
0.23839 0.593118 1500 1.51973 1500 
0.162524 0.627065 1500 0.978606 1500 
0.218444 0.608917 1500 1.35794 1500 
0.242002 0.589723 1500 1.55097 1500 
0.328306 0.454205 1500 2.57048 1500 
0.449565 0.101348 1500 8.21218 1500 
0.233054 0.597664 1500 1.47474 1500 
0.397359 0.273996 1500 4.23227 1500 
0.318752 0.474077 1500 2.42194 1500 
0.261181 0.568629 1500 1.72833 1500 
0.242003 0.589739 1500 1.55097 1500 
0.203625 0.617338 1500 1.24799 1500 
0.233054 0.597871 1500 1.47474 1500 
0.233054 0.597872 1500 1.47474 1500 
0.242002 0.589651 1500 1.55097 1500 
0.181574 0.625098 1500 1.09775 1500 
0.162524 0.627067 1500 0.978606 1500 
0.181574 0.625165 1500 1.09775 1500 
0.224629 0.604504 1500 1.4063 1500 
0.432759 0.163242 1500 6.11659 1500 
0.208157 0.615068 1500 1.28078 1500 
0.242002 0.589716 1500 1.55097 1500 
0.181574 0.625122 1500 1.09775 1500 
0.162524 0.627079 1500 0.978606 1500 
0.181367 0.62517 1500 1.0964 1500 
0.363077 0.370078 1500 3.24112 1500 
0.451239 0.0932943 1500 8.61555 1500 
0.208157 0.615089 1500 1.28078 1500 
0.166745 0.627054 1500 1.00426 1500 
0.243304 0.588494 1500 1.56238 1500 
0.340996 0.425373 1500 2.78872 1500 
0.449601 0.10123 1500 8.21218 1500 
0.218444 0.60887 1500 1.35794 1500 
0.449585 0.101322 1500 8.21218 1500 
0.261181 0.568566 1500 1.72833 1500 
0.162524 0.627059 1500 0.978606 1500 
0.242002 0.58963 1500 1.55097 1500 
0.238389 0.593142 1500 1.51973 1500 
0.44293 0.12795 1500 7.13495 1500 
0.188696 0.623288 1500 1.14469 1500 
0.261181 0.568652 1500 1.72833 1500 
0.333576 0.442523 1500 2.658 1500 
0.233054 0.597764 1500 1.47474 1500 
0.238389 0.593117 1500 1.51973 1500 
0.23839 0.593205 1500 1.51973 1500 
0.208157 0.615049 1500 1.28078 1500 
0.333577 0.442456 1500 2.658 1500 
0.297872 0.513707 1500 2.13571 1500 
0.243304 0.588404 1500 1.56238 1500 
0.243304 0.588338 1500 1.56238 1500 
0.238389 0.59316 1500 1.51973 1500 
0.30748 0.496303 1500 2.26151 1500 
0.261181 0.56854 1500 1.72833 1500 
0.242002 0.589587 1500 1.55097 1500 
0.442939 0.127927 1500 7.13495 1500 
0.233054 0.597754 1500 1.47474 1500 
0.407739 0.242577 1500 4.64803 1500 
0.262365 0.567118 1500 1.73998 1500 
0.198206 0.619855 1500 1.20969 1500 
0.446363 0.114878 1500 7.62026 1500 
0.183414 0.624672 1500 1.10974 1500 
0.330304 0.44971 1500 2.60315 1500 
0.280756 0.541758 1500 1.93282 1500 
0.256404 0.574375 1500 1.68222 1500 
0.25991 0.570129 1500 1.71593 1500 
0.218444 0.608964 1500 1.35794 1500 
0.181574 0.625099 1500 1.09775 1500 
0.233054 0.597766 1500 1.47474 1500 
0.180788 0.625302 1500 1.09265 1500 
0.299127 0.51172 1500 2.15165 1500 
0.392125 0.289058 1500 4.04862 1500 
0.261181 0.568618 1500 1.72833 1500 
0.218444 0.608938 1500 1.35794 1500 
0.242002 0.589736 1500 1.55097 1500 
0.203625 0.617473 1500 1.24799 1500 
0.242002 0.589689 1500 1.55097 1500 
0.333577 0.442405 1500 2.658 1500 
0.453887 0.0752508 1500 9.7458 1500 
0.256403 0.574214 1500 1.68222 1500 
0.435911 0.152682 1500 6.38788 1500 
0.261181 0.568575 1500 1.72833 1500 
0.238389 0.593104 1500 1.51973 1500 
0.162524 0.627075 1500 0.978606 1500 
0.4271 0.181626 1500 5.69874 1500 
0.393792 0.28443 1500 4.10593 1500 
0.243304 0.588258 1500 1.56238 1500 
0.381851 0.318749 1500 3.72697 1500 
0.23839 0.59308 1500 1.51973 1500 
0.452649 0.0850304 1500 9.09538 1500 
0.181367 0.625172 1500 1.0964 1500 
0.166745 0.626987 1500 1.00426 1500 
0.233054 0.597858 1500 1.47474 1500 
0.162524 0.627075 1500 0.978606 1500 
0.25991 0.5701 1500 1.71593 1500 
0.448329 0.106901 1500 7.95706 1500 
0.162524 0.62709 1500 0.978606 1500 
0.280756 0.541838 1500 1.93282 1500 
0.256403 0.574372 1500 1.68222 1500 
0.363071 0.370309 1500 3.24112 1500 
0.254435 0.576517 1500 1.66361 1500 
0.238389 0.59293 1500 1.51973 1500 
0.27646 0.548099 1500 1.88564 1500 
0.166745 0.626996 1500 1.00426 1500 
0.318751 0.474288 1500 2.42194 1500 
0.233054 0.597818 1500 1.47474 1500 
0.243304 0.588395 1500 1.56238 1500 
0.242002 0.589707 1500 1.55097 1500 
0.256404 0.574197 1500 1.68222 1500 
0.180788 0.62527 1500 1.09265 1500 
0.208157 0.615165 1500 1.28078 1500 
0.198206 0.619875 1500 1.20969 1500 
0.440415 0.137085 1500 6.83801 1500 
0.413213 0.225658 1500 4.90052 1500 
0.30748 0.49645 1500 2.26151 1500 
0.261181 0.568587 1500 1.72833 1500 
0.405132 0.250498 1500 4.53609 1500 
0.238389 0.593055 1500 1.51973 1500 
0.29815 0.513413 1500 2.13924 1500 
0.208157 0.615095 1500 1.28078 1500 
0.44295 0.127745 1500 7.13666 1500 
0.25991 0.57015 1500 1.71593 1500 
0.233054 0.597734 1500 1.47474 1500 
0.243304 0.588372 1500 1.56238 1500 
0.181574 0.625124 1500 1.09775 1500 
0.243304 0.588475 1500 1.56238 1500 
0.203625 0.617462 1500 1.24799 1500 
0.198206 0.619851 1500 1.20969 1500 
0.233054 0.597763 1500 1.47474 1500 
0.242467 0.5892 1500 1.55503 1500 
0.333578 0.442163 1500 2.658 1500 
0.181366 0.625181 1500 1.0964 1500 
0.242002 0.589696 1500 1.55097 1500 
0.243304 0.588292 1500 1.56238 1500 
0.242002 0.589696 1500 1.55097 1500 
0.417404 0.212679 1500 5.11511 1500 
0.238389 0.59315 1500 1.51973 1500 
0.181367 0.625167 1500 1.0964 1500 
0.318752 0.474141 1500 2.42194 1500 
0.452875 0.0835499 1500 9.18732 1500 
0.425875 0.185799 1500 5.61589 1500 
0.22463 0.604527 1500 1.4063 1500 
0.18712 0.623723 1500 1.13419 1500 
0.256403 0.574312 1500 1.68222 1500 
0.242466 0.589065 1500 1.55503 1500 
0.233054 0.597881 1500 1.47474 1500 
0.451177 0.0933898 1500 8.61555 1500 
0.203625 0.617376 1500 1.24799 1500 
0.256404 0.574226 1500 1.68222 1500 
0.233054 0.597797 1500 1.47474 1500 
0.256404 0.57421 1500 1.68222 1500 
0.43584 0.152913 1500 6.3788 1500 
0.237005 0.594273 1500 1.50793 1500 
0.303014 0.50481 1500 2.20187 1500 
0.237005 0.594329 1500 1.50793 1500 
0.234301 0.59685 1500 1.48514 1500 
0.243304 0.58845 1500 1.56238 1500 
0.166745 0.626979 1500 1.00426 1500 
0.377018 0.332254 1500 3.59068 1500 
0.233054 0.597809 1500 1.47474 1500 
0.432759 0.163182 1500 6.11659 1500 
0.242002 0.589666 1500 1.55097 1500 
0.256404 0.574302 1500 1.68222 1500 
0.162524 0.627064 1500 0.978606 1500 
0.383898 0.313066 1500 3.78735 1500 
0.256404 0.574195 1500 1.68222 1500 
0.27646 0.548077 1500 1.88564 1500 
0.254435 0.576647 1500 1.66361 1500 
0.233054 0.597838 1500 1.47474 1500 
0.208157 0.615128 1500 1.28078 1500 
0.312783 0.486347 1500 2.33517 1500 
0.243304 0.588286 1500 1.56238 1500 
0.307481 0.496424 1500 2.26151 1500 
0.395243 0.279746 1500 4.1563 1500 
0.432646 0.163636 1500 6.10854 1500 
0.233054 0.597854 1500 1.47474 1500 
0.238389 0.593044 1500 1.51973 1500 
0.242003 0.589645 1500 1.55097 1500 
0.394666 0.281674 1500 4.13603 1500 
0.26118 0.568621 1500 1.72833 1500 
0.238389 0.593035 1500 1.51973 1500 
0.446549 0.114081 1500 7.65059 1500 
0.237005 0.5944 1500 1.50793 1500 
0.318752 0.474171 1500 2.42194 1500 
0.452922 0.0831992 1500 9.208 1500 
0.208157 0.615177 1500 1.28078 1500 
0.208157 0.615069 1500 1.28078 1500 
0.432734 0.163434 1500 6.11659 1500 
0.233054 0.597741 1500 1.47474 1500 
0.208157 0.6152 1500 1.28078 1500 
0.444377 0.122591 1500 7.32649 1500 
0.261181 0.568623 1500 1.72833 1500 
0.432744 0.163358 1500 6.11659 1500 
0.238389 0.593195 1500 1.51973 1500 
0.364465 0.366337 1500 3.27348 1500 
0.383896 0.313212 1500 3.78735 1500 
0.162524 0.627058 1500 0.978606 1500 
0.203625 0.617478 1500 1.24799 1500 
0.238389 0.593052 1500 1.51973 1500 
0.294218 0.520076 1500 2.09025 1500 
0.312784 0.486199 1500 2.33517 1500 
0.381852 0.318958 1500 3.72697 1500 
0.242002 0.58974 1500 1.55097 1500 
0.162524 0.627065 1500 0.978606 1500 
0.208157 0.615139 1500 1.28078 1500 
0.395241 0.280009 1500 4.1563 1500 
0.243304 0.588355 1500 1.56238 1500 
0.233054 0.597796 1500 1.47474 1500 
0.242002 0.589624 1500 1.55097 1500 
0.449896 0.0998544 1500 8.2808 1500 
0.180788 0.625285 1500 1.09265 1500 
0.238389 0.592996 1500 1.51973 1500 
0.237005 0.594428 1500 1.50793 1500 
0.307479 0.496609 1500 2.26151 1500 
0.181574 0.625099 1500 1.09775 1500 
0.254436 0.576452 1500 1.66361 1500 
0.238389 0.592927 1500 1.51973 1500 
0.242467 0.589177 1500 1.55503 1500 
0.261181 0.568551 1500 1.72833 1500 
0.426068 0.185071 1500 5.62844 1500 
0.385766 0.307752 1500 3.8441 1500 
0.256403 0.574284 1500 1.68222 1500 
0.242002 0.589688 1500 1.55097 1500 
0.435738 0.153182 1500 6.37398 1500 
0.181574 0.625145 1500 1.09775 1500 
0.25991 0.569907 1500 1.71593 1500 
0.180788 0.625263 1500 1.09265 1500 
0.261181 0.568615 1500 1.72833 1500 
0.26118 0.568683 1500 1.72833 1500 
0.208157 0.615054 1500 1.28078 1500 
0.181574 0.625113 1500 1.09775 1500 
0.242002 0.589633 1500 1.55097 1500 
0.256403 0.574399 1500 1.68222 1500 
0.242003 0.589654 1500 1.55097 1500 
0.238389 0.593009 1500 1.51973 1500 
0.437008 0.148752 1500 6.48915 1500 
0.203625 0.617348 1500 1.24799 1500 
0.162524 0.627074 1500 0.978606 1500 
0.237005 0.594331 1500 1.50793 1500 
0.203625 0.617441 1500 1.24799 1500 
0.208157 0.615122 1500 1.28078 1500 
0.453774 0.0763411 1500 9.66613 1500 
0.25991 0.570129 1500 1.71593 1500 
0.162524 0.627076 1500 0.978606 1500 
0.242002 0.589682 1500 1.55097 1500 
0.254435 0.576569 1500 1.66361 1500 
0.180788 0.625276 1500 1.09265 1500 
0.208157 0.615138 1500 1.28078 1500 
0.449598 0.101256 1500 8.21218 1500 
0.440425 0.137077 1500 6.83801 1500 
0.238389 0.593075 1500 1.51973 1500 
0.26118 0.56861 1500 1.72833 1500 
0.203625 0.617416 1500 1.24799 1500 
0.254435 0.576668 1500 1.66361 1500 
0.242002 0.589669 1500 1.55097 1500 
0.256404 0.574245 1500 1.68222 1500 
0.297872 0.513888 1500 2.13571 1500 
0.233054 0.597834 1500 1.47474 1500 
0.23839 0.593101 1500 1.51973 1500 
0.208157 0.61513 1500 1.28078 1500 
0.331162 0.447893 1500 2.61741 1500 
0.183414 0.624713 1500 1.10974 1500 
0.273388 0.55253 1500 1.85273 1500 
0.183414 0.624721 1500 1.10974 1500 
0.180788 0.625272 1500 1.09265 1500 
0.218444 0.608945 1500 1.35794 1500 
0.302835 0.505098 1500 2.19953 1500 
0.39524 0.280106 1500 4.1563 1500 
0.318751 0.474371 1500 2.42194 1500 
0.203625 0.61745 1500 1.24799 1500 
0.203625 0.61741 1500 1.24799 1500 
0.261181 0.568456 1500 1.72833 1500 
0.238389 0.593142 1500 1.51973 1500 
0.203625 0.617444 1500 1.24799 1500 
0.444582 0.121645 1500 7.35747 1500 
0.233054 0.597763 1500 1.47474 1500 
0.203625 0.617419 1500 1.24799 1500 
0.307479 0.496598 1500 2.26151 1500 
0.37974 0.324571 1500 3.66643 1500 
0.319367 0.473086 1500 2.43117 1500 
0.243304 0.588408 1500 1.56238 1500 
0.166745 0.626988 1500 1.00426 1500 
0.254436 0.576492 1500 1.66361 1500 
0.26118 0.568731 1500 1.72833 1500 
0.203625 0.617417 1500 1.24799 1500 
0.180788 0.62529 1500 1.09265 1500 
0.162524 0.627072 1500 0.978606 1500 
0.208157 0.615052 1500 1.28078 1500 
0.26118 0.568509 1500 1.72833 1500 
0.364989 0.365263 1500 3.28582 1500 
0.181366 0.625188 1500 1.0964 1500 
0.236924 0.594473 1500 1.50724 1500 
0.180788 0.625268 1500 1.09265 1500 
0.232928 0.597938 1500 1.47369 1500 
0.45302 0.0825971 1500 9.24244 1500 
0.203625 0.617418 1500 1.24799 1500 
0.452991 0.0826525 1500 9.24244 1500 
0.254436 0.576484 1500 1.66361 1500 
0.307481 0.496533 1500 2.26151 1500 
0.198206 0.619875 1500 1.20969 1500 
0.238389 0.593085 1500 1.51973 1500 
0.261181 0.568574 1500 1.72833 1500 
0.243304 0.588279 1500 1.56238 1500 
0.181367 0.62517 1500 1.0964 1500 
0.237005 0.594425 1500 1.50793 1500 
0.256404 0.574242 1500 1.68222 1500 
0.242002 0.58962 1500 1.55097 1500 
0.180788 0.62527 1500 1.09265 1500 
0.449234 0.102841 1500 8.13571 1500 
0.261181 0.568559 1500 1.72833 1500 
0.242003 0.589734 1500 1.55097 1500 
0.181574 0.625096 1500 1.09775 1500 
0.218444 0.608961 1500 1.35794 1500 
0.238389 0.593061 1500 1.51973 1500 
0.208157 0.615092 1500 1.28078 1500 
0.162524 0.627103 1500 0.978606 1500 
0.203625 0.617479 1500 1.24799 1500 
0.446382 0.114825 1500 7.62026 1500 
0.432658 0.163569 1500 6.10854 1500 
0.243304 0.588397 1500 1.56238 1500 
0.242002 0.589671 1500 1.55097 1500 
0.407742 0.242473 1500 4.64803 1500 
0.242002 0.589612 1500 1.55097 1500 
0.364466 0.366468 1500 3.27348 1500 
0.180788 0.625278 1500 1.09265 1500 
0.162524 0.627066 1500 0.978606 1500 
0.242002 0.589723 1500 1.55097 1500 
0.243304 0.588491 1500 1.56238 1500 
0.238389 0.593045 1500 1.51973 1500 
0.440427 0.13698 1500 6.83801 1500 
0.181367 0.625172 1500 1.0964 1500 
0.340996 0.425262 1500 2.78872 1500 
0.254435 0.576603 1500 1.66361 1500 
0.242002 0.589661 1500 1.55097 1500 
0.234301 0.59673 1500 1.48514 1500 
0.198206 0.619847 1500 1.20969 1500 
0.26118 0.568551 1500 1.72833 1500 
0.233054 0.597867 1500 1.47474 1500 
0.198206 0.619819 1500 1.20969 1500 
0.386726 0.304804 1500 3.8738 1500 
0.181574 0.62507 1500 1.09775 1500 
0.403653 0.255031 1500 4.47518 1500 
0.243304 0.58839 1500 1.56238 1500 
0.307481 0.496474 1500 2.26151 1500 
0.243304 0.588298 1500 1.56238 1500 
0.181574 0.625117 1500 1.09775 1500 
0.180788 0.625265 1500 1.09265 1500 
0.41458 0.221595 1500 4.96849 1500 
0.30748 0.496505 1500 2.26151 1500 
0.166745 0.62697 1500 1.00426 1500 
0.256404 0.574143 1500 1.68222 1500 
0.261181 0.568683 1500 1.72833 1500 
0.233054 0.597827 1500 1.47474 1500 
0.452913 0.0834467 1500 9.18732 1500 
0.261181 0.568696 1500 1.72833 1500 
0.391818 0.289896 1500 4.0383 1500 
0.310728 0.490188 1500 2.30624 1500 
0.224629 0.604596 1500 1.4063 1500 
0.180788 0.625253 1500 1.09265 1500 
0.181366 0.62517 1500 1.0964 1500 
0.181574 0.625084 1500 1.09775 1500 
0.162524 0.627087 1500 0.978606 1500 
0.407159 0.244226 1500 4.62274 1500 
0.256404 0.57426 1500 1.68222 1500 
0.233054 0.597761 1500 1.47474 1500 
0.318752 0.474116 1500 2.42194 1500 
0.237005 0.594393 1500 1.50793 1500 
0.388428 0.29998 1500 3.92722 1500 
0.233054 0.597664 1500 1.47474 1500 
0.203625 0.617418 1500 1.24799 1500 
0.181367 0.625174 1500 1.0964 1500 
0.452956 0.0831514 1500 9.208 1500 
0.242002 0.589676 1500 1.55097 1500 
0.226713 0.602959 1500 1.42294 1500 
0.242002 0.589728 1500 1.55097 1500 
0.181574 0.625092 1500 1.09775 1500 
0.312668 0.486397 1500 2.33352 1500 
0.333578 0.442261 1500 2.658 1500 
0.233054 0.597826 1500 1.47474 1500 
0.203625 0.617413 1500 1.24799 1500 
0.243305 0.588454 1500 1.56238 1500 
0.208157 0.615105 1500 1.28078 1500 
0.181574 0.625125 1500 1.09775 1500 
0.432753 0.163247 1500 6.11659 1500 
0.238389 0.593059 1500 1.51973 1500 
0.208157 0.615125 1500 1.28078 1500 
0.242002 0.589678 1500 1.55097 1500 
0.438567 0.143555 1500 6.64206 1500 
0.242002 0.589606 1500 1.55097 1500 
0.243304 0.588404 1500 1.56238 1500 
0.253249 0.578003 1500 1.65249 1500 
0.394422 0.282689 1500 4.12753 1500 
0.181574 0.625129 1500 1.09775 1500 
0.243304 0.588383 1500 1.56238 1500 
0.242002 0.589707 1500 1.55097 1500 
0.181574 0.625081 1500 1.09775 1500 
0.242002 0.589583 1500 1.55097 1500 
0.259909 0.570041 1500 1.71593 1500 
0.203625 0.617429 1500 1.24799 1500 
0.27646 0.548129 1500 1.88564 1500 
0.242002 0.589704 1500 1.55097 1500 
0.256404 0.5742 1500 1.68222 1500 
0.181367 0.625168 1500 1.0964 1500 
0.226714 0.603041 1500 1.42294 1500 
0.333575 0.442464 1500 2.658 1500 
0.261181 0.568585 1500 1.72833 1500 
0.203625 0.617411 1500 1.24799 1500 
0.385767 0.307698 1500 3.8441 1500 
0.297871 0.513986 1500 2.13571 1500 
0.181574 0.625107 1500 1.09775 1500 
0.181574 0.62512 1500 1.09775 1500 
0.218444 0.608921 1500 1.35794 1500 
0.242002 0.589623 1500 1.55097 1500 
0.25991 0.570093 1500 1.71593 1500 
0.256403 0.574228 1500 1.68222 1500 
0.218444 0.608953 1500 1.35794 1500 
0.203625 0.617475 1500 1.24799 1500 
0.162524 0.627067 1500 0.978606 1500 
0.25991 0.570186 1500 1.71593 1500 
0.25991 0.570156 1500 1.71593 1500 
0.185351 0.624201 1500 1.12247 1500 
0.243304 0.58838 1500 1.56238 1500 
0.261181 0.56842 1500 1.72833 1500 
0.302835 0.505074 1500 2.19953 1500 
0.409358 0.237768 1500 4.71974 1500 
0.233054 0.597862 1500 1.47474 1500 
0.382124 0.318183 1500 3.73479 1500 
0.166745 0.626985 1500 1.00426 1500 
0.261181 0.568641 1500 1.72833 1500 
0.242002 0.589599 1500 1.55097 1500 
0.256404 0.574226 1500 1.68222 1500 
0.243304 0.588375 1500 1.56238 1500 
0.26118 0.568505 1500 1.72833 1500 
0.395242 0.280005 1500 4.1563 1500 
0.453828 0.0757045 1500 9.71691 1500 
0.233054 0.5978 1500 1.47474 1500 
0.218444 0.608906 1500 1.35794 1500 
0.312669 0.486435 1500 2.33352 1500 
0.242003 0.5897 1500 1.55097 1500 
0.261181 0.56856 1500 1.72833 1500 
0.242002 0.589708 1500 1.55097 1500 
0.333577 0.442433 1500 2.658 1500 
0.280756 0.541784 1500 1.93282 1500 
0.242002 0.589634 1500 1.55097 1500 
0.312668 0.486454 1500 2.33352 1500 
0.242002 0.589715 1500 1.55097 1500 
0.243304 0.588414 1500 1.56238 1500 
0.162524 0.627062 1500 0.978606 1500 
0.208157 0.615112 1500 1.28078 1500 
0.261181 0.568554 1500 1.72833 1500 
0.237004 0.594331 1500 1.50793 1500 
0.218444 0.608943 1500 1.35794 1500 
0.45432 0.064885 1500 10.5958 1500 
0.237005 0.594369 1500 1.50793 1500 
0.242002 0.58959 1500 1.55097 1500 
0.243304 0.58834 1500 1.56238 1500 
0.233054 0.597899 1500 1.47474 1500 
0.238389 0.593121 1500 1.51973 1500 
0.233054 0.597912 1500 1.47474 1500 
0.238389 0.593044 1500 1.51973 1500 
0.166745 0.627025 1500 1.00426 1500 
0.203625 0.617394 1500 1.24799 1500 
0.233054 0.597799 1500 1.47474 1500 
0.242002 0.5897 1500 1.55097 1500 
0.233054 0.597892 1500 1.47474 1500 
0.23839 0.593133 1500 1.51973 1500 
0.30748 0.496372 1500 2.26151 1500 
0.312668 0.486439 1500 2.33352 1500 
0.233054 0.597787 1500 1.47474 1500 
0.181574 0.625127 1500 1.09775 1500 
0.233054 0.597882 1500 1.47474 1500 
0.243304 0.588337 1500 1.56238 1500 
0.256404 0.574275 1500 1.68222 1500 
0.233053 0.597805 1500 1.47474 1500 
0.238389 0.592998 1500 1.51973 1500 
0.25991 0.570067 1500 1.71593 1500 
0.166745 0.62699 1500 1.00426 1500 
0.256403 0.574381 1500 1.68222 1500 
0.242002 0.589702 1500 1.55097 1500 
0.318752 0.47437 1500 2.42194 1500 
0.256403 0.574366 1500 1.68222 1500 
0.256403 0.574241 1500 1.68222 1500 
0.238389 0.592992 1500 1.51973 1500 
0.425652 0.186267 1500 5.6014 1500 
0.233054 0.597893 1500 1.47474 1500 
0.392123 0.28946 1500 4.04862 1500 
0.218444 0.608942 1500 1.35794 1500 
0.243304 0.58839 1500 1.56238 1500 
0.181574 0.625112 1500 1.09775 1500 
0.23839 0.593043 1500 1.51973 1500 
0.29787 0.513972 1500 2.13571 1500 
0.340993 0.425391 1500 2.78872 1500 
0.226714 0.602941 1500 1.42294 1500 
0.261181 0.568395 1500 1.72833 1500 
0.436979 0.14894 1500 6.48915 1500 
0.22463 0.6046 1500 1.4063 1500 
0.212945 0.612363 1500 1.31621 1500 
0.237005 0.594379 1500 1.50793 1500 
0.435814 0.153084 1500 6.3788 1500 
0.421575 0.199396 1500 5.34897 1500 
0.243304 0.588447 1500 1.56238 1500 
0.166745 0.626984 1500 1.00426 1500 
0.166745 0.626991 1500 1.00426 1500 
0.294218 0.520081 1500 2.09025 1500 
0.26118 0.568629 1500 1.72833 1500 
0.44922 0.102882 1500 8.13571 1500 
0.41147 0.230989 1500 4.81767 1500 
0.238389 0.593012 1500 1.51973 1500 
0.453871 0.0757025 1500 9.71691 1500 
0.333576 0.442506 1500 2.658 1500 
0.162524 0.627056 1500 0.978606 1500 
0.40291 0.257322 1500 4.44533 1500 
0.208157 0.615141 1500 1.28078 1500 
0.208157 0.615063 1500 1.28078 1500 
0.166745 0.626999 1500 1.00426 1500 
0.261181 0.568497 1500 1.72833 1500 
0.218444 0.608944 1500 1.35794 1500 
0.256404 0.574358 1500 1.68222 1500 
0.162524 0.627077 1500 0.978606 1500 
0.394662 0.282052 1500 4.13603 1500 
0.238389 0.592977 1500 1.51973 1500 
0.242002 0.589586 1500 1.55097 1500 
0.233054 0.597857 1500 1.47474 1500 
0.166745 0.626979 1500 1.00426 1500 
0.299128 0.511545 1500 2.15165 1500 
0.23839 0.593049 1500 1.51973 1500 
0.181574 0.625109 1500 1.09775 1500 
0.166745 0.62697 1500 1.00426 1500 
0.238389 0.593041 1500 1.51973 1500 
0.243304 0.588475 1500 1.56238 1500 
0.261181 0.568541 1500 1.72833 1500 
0.166745 0.627012 1500 1.00426 1500 
0.238389 0.593128 1500 1.51973 1500 
0.238389 0.593071 1500 1.51973 1500 
0.198206 0.619871 1500 1.20969 1500 
0.208157 0.615117 1500 1.28078 1500 
0.393804 0.284163 1500 4.10593 1500 
0.162524 0.627072 1500 0.978606 1500 
0.203625 0.617485 1500 1.24799 1500 
0.238389 0.592901 1500 1.51973 1500 
0.233054 0.597794 1500 1.47474 1500 
0.180788 0.625285 1500 1.09265 1500 
0.181366 0.625176 1500 1.0964 1500 
0.181574 0.625077 1500 1.09775 1500 
0.256404 0.57439 1500 1.68222 1500 
0.233054 0.597776 1500 1.47474 1500 
0.233054 0.597833 1500 1.47474 1500 
0.254435 0.576555 1500 1.66361 1500 
0.319369 0.473045 1500 2.43117 1500 
0.243304 0.588345 1500 1.56238 1500 
0.449592 0.101292 1500 8.21218 1500 
0.423609 0.193064 1500 5.47063 1500 
0.162524 0.627075 1500 0.978606 1500 
0.256404 0.57433 1500 1.68222 1500 
0.237005 0.594304 1500 1.50793 1500 
0.203625 0.617394 1500 1.24799 1500 
0.218444 0.608789 1500 1.35794 1500 
0.233054 0.597839 1500 1.47474 1500 
0.242002 0.589689 1500 1.55097 1500 
0.238389 0.593121 1500 1.51973 1500 
0.232928 0.597958 1500 1.47369 1500 
0.243304 0.588306 1500 1.56238 1500 
0.261181 0.568587 1500 1.72833 1500 
0.181574 0.625095 1500 1.09775 1500 
0.198206 0.619788 1500 1.20969 1500 
0.242002 0.58958 1500 1.55097 1500 
0.198206 0.619809 1500 1.20969 1500 
0.3853 0.309119 1500 3.82972 1500 
0.198206 0.619894 1500 1.20969 1500 
0.203625 0.617462 1500 1.24799 1500 
0.180788 0.625271 1500 1.09265 1500 
0.242002 0.589653 1500 1.55097 1500 
0.254435 0.576563 1500 1.66361 1500 
0.23839 0.593005 1500 1.51973 1500 
0.364994 0.364961 1500 3.28582 1500 
0.429599 0.17364 1500 5.87467 1500 
0.208157 0.615054 1500 1.28078 1500 
0.181367 0.625181 1500 1.0964 1500 
0.302835 0.504929 1500 2.19953 1500 
0.256403 0.574206 1500 1.68222 1500 
0.382225 0.317673 1500 3.73801 1500 
0.319368 0.473095 1500 2.43117 1500 
0.435815 0.152995 1500 6.3788 1500 
0.23839 0.5932 1500 1.51973 1500 
0.25991 0.570142 1500 1.71593 1500 
0.238389 0.59309 1500 1.51973 1500 
0.233054 0.597697 1500 1.47474 1500 
0.312668 0.486434 1500 2.33352 1500 
0.203625 0.617461 1500 1.24799 1500 
0.242002 0.589632 1500 1.55097 1500 
0.393098 0.286506 1500 4.08165 1500 
0.218444 0.608952 1500 1.35794 1500 
0.233054 0.597804 1500 1.47474 1500 
0.31875 0.474506 1500 2.42194 1500 
0.276461 0.548059 1500 1.88564 1500 
0.256404 0.574298 1500 1.68222 1500 
0.203625 0.617424 1500 1.24799 1500 
0.242002 0.589699 1500 1.55097 1500 
0.208157 0.615056 1500 1.28078 1500 
0.162524 0.62707 1500 0.978606 1500 
0.242001 0.589753 1500 1.55097 1500 
0.183414 0.624709 1500 1.10974 1500 
0.452685 0.0850045 1500 9.09538 1500 
0.243304 0.588379 1500 1.56238 1500 
0.162524 0.627078 1500 0.978606 1500 
0.256404 0.574278 1500 1.68222 1500 
0.405122 0.250646 1500 4.53609 1500 
0.243304 0.588306 1500 1.56238 1500 
0.242002 0.589666 1500 1.55097 1500 
0.162524 0.627085 1500 0.978606 1500 
0.256404 0.574341 1500 1.68222 1500 
0.432746 0.163285 1500 6.11659 1500 
0.363072 0.3701 1500 3.24112 1500 
0.243304 0.588422 1500 1.56238 1500 
0.203625 0.617383 1500 1.24799 1500 
0.162524 0.627059 1500 0.978606 1500 
0.208157 0.615147 1500 1.28078 1500 
0.212946 0.612382 1500 1.31621 1500 
0.328307 0.454094 1500 2.57048 1500 
0.330304 0.449577 1500 2.60315 1500 
0.218444 0.608951 1500 1.35794 1500 
0.42976 0.173029 1500 5.88738 1500 
0.280756 0.541701 1500 1.93282 1500 
0.356104 0.388004 1500 3.08665 1500 
0.242002 0.589653 1500 1.55097 1500 
0.203625 0.617406 1500 1.24799 1500 
0.218444 0.608924 1500 1.35794 1500 
0.242002 0.58967 1500 1.55097 1500 
0.242002 0.589736 1500 1.55097 1500 
0.162524 0.627055 1500 0.978606 1500 
0.242002 0.589617 1500 1.55097 1500 
0.203625 0.617416 1500 1.24799 1500 
0.242002 0.589775 1500 1.55097 1500 
