0.864108 1.25373
0.871367 1.25371
0.878012 1.25314
0.884093 1.25202
0.889653 1.25035
0.894735 1.24813
0.899377 1.24533
0.903616 1.24195
0.907485 1.23796
0.911015 1.23334
0.914234 1.22806
0.91717 1.2221
0.919846 1.21542
0.922284 1.20798
0.924506 1.19976
0.926531 1.19071
0.928374 1.18079
0.930053 1.16995
0.931581 1.15817
0.932973 1.14539
0.934239 1.13159
0.935392 1.11671
0.936441 1.10074
0.937396 1.08363
0.938264 1.06538
0.939055 1.04595
0.939773 1.02535
0.940427 1.00358
0.941022 0.98065
0.941563 0.956583
0.942055 0.931418
0.942503 0.905207
0.94291 0.878012
0.94328 0.849913
0.943617 0.821001
0.943923 0.791378
0.944201 0.761161
0.944454 0.730473
0.944685 0.699448
0.944894 0.668225
0.945084 0.636945
0.945257 0.60575
0.945415 0.574783
0.945558 0.544179
0.945688 0.514069
0.945806 0.484575
0.945913 0.455807
0.946011 0.427865
0.9461 0.400835
0.946181 0.374789
0.946254 0.349787
0.946321 0.325875
0.946382 0.303082
0.946437 0.28143
0.946487 0.260925
0.946533 0.241565
0.946574 0.223336
0.946612 0.206219
0.946646 0.190184
0.946677 0.1752
0.946706 0.161226
0.946731 0.148222
0.946755 0.136143
0.946776 0.124943
0.946796 0.114575
0.946813 0.104991
0.946829 0.0961442
0.946844 0.0879889
0.946857 0.0804796
0.946869 0.0735728
0.94688 0.0672264
0.94689 0.0614004
0.946899 0.0560566
0.946907 0.0511589
0.946914 0.0466732
0.946921 0.0425676
0.946927 0.0388121
0.946933 0.0353787
0.946938 0.0322413
0.946943 0.0293758
0.946947 0.0267596
0.946951 0.024372
0.946954 0.0221938
0.946957 0.0202072
0.94696 0.0183959
0.946963 0.0167448
0.946965 0.0152402
0.946967 0.0138694
