0.999936 0.466234 0.295057 100000 5.57102 
0.999925 0.48463 0.579927 100000 237.76 
0.999936 0.466234 0.295057 100000 5.57102 
0.999936 0.466234 0.295057 100000 5.57102 
0.999944 0.446835 0.112435 100000 237.76 
0.99994 0.456561 0.198273 100000 0.224298 
0.999936 0.466234 0.295057 100000 0.0489294 
0.999914 0.489398 0.863072 100000 0.18551 
0.999926 0.48396 0.563096 100000 0.224298 
0.999925 0.48463 0.579927 100000 100000 
0.999916 0.489326 0.807918 100000 0.515418 
0.999927 0.482541 0.530918 100000 0.546285 
0.999929 0.48058 0.492079 100000 0.42435 
0.999918 0.488978 0.761855 100000 3.87467 
0.999937 0.464084 0.272087 100000 1.63094 
0.999936 0.466234 0.295057 100000 6.03171 
0.999934 0.471223 0.352978 100000 100000 
0.99994 0.456674 0.199323 100000 100000 
0.999936 0.466234 0.295057 100000 100000 
0.999927 0.482489 0.529808 100000 0.224298 
0.999942 0.45213 0.158189 100000 0.0710265 
0.999936 0.466234 0.295057 100000 5.57102 
0.999936 0.466234 0.295057 100000 3.8824 
0.999935 0.468374 0.319013 100000 3.89353 
0.999925 0.48463 0.579927 100000 0.805229 
0.999936 0.46714 0.305054 100000 1.9454 
0.999946 0.439457 0.0510856 100000 0.224298 
0.999921 0.487651 0.68029 100000 0.787989 
0.99994 0.458459 0.2161 100000 0.224298 
0.999925 0.48463 0.579927 100000 0.0601025 
0.999936 0.46714 0.305054 100000 0.52748 
0.999945 0.442659 0.0774651 100000 1.38019 
0.999928 0.481032 0.500556 100000 0.224298 
0.999937 0.46448 0.276245 100000 4.28768 
0.999935 0.468374 0.319013 100000 0.532547 
0.999936 0.466234 0.295057 100000 100000 
0.999921 0.487651 0.68029 100000 4.46458 
0.999926 0.48396 0.563096 100000 0.656276 
0.999948 0.433594 0.00339681 100000 0.28827 
0.999922 0.48735 0.667258 100000 0.23083 
0.999936 0.466234 0.295057 100000 5.57102 
0.999925 0.48463 0.579927 100000 0.709773 
0.999936 0.466234 0.295057 100000 5.57102 
0.999936 0.466234 0.295057 100000 0.274528 
0.999918 0.488978 0.761855 100000 3.87467 
0.999936 0.466234 0.295057 100000 0.0489294 
0.999918 0.488978 0.761855 100000 0.0669535 
0.999937 0.465953 0.291992 100000 0.473779 
0.999946 0.439457 0.0510856 100000 0.224298 
0.999918 0.488978 0.761855 100000 0.581964 
0.999941 0.455244 0.186153 100000 0.434678 
0.999936 0.466234 0.295057 100000 0.0218395 
0.999936 0.466234 0.295057 100000 1.22219 
0.999925 0.484984 0.58934 100000 0.434678 
0.999925 0.484921 0.587637 100000 237.76 
0.999929 0.48058 0.492079 100000 0.383471 
0.999916 0.489326 0.807918 100000 0.515418 
0.999944 0.446835 0.112435 100000 237.76 
0.999918 0.488978 0.761855 100000 1.23101 
0.999923 0.486441 0.633368 100000 2.8684 
0.999926 0.48396 0.563096 100000 0.224298 
0.999936 0.466234 0.295057 100000 6.03171 
0.999941 0.455244 0.186153 100000 4.46458 
0.999948 0.433594 0.00339681 100000 1.63094 
0.999914 0.489395 0.864661 100000 0.383626 
0.999936 0.466234 0.295057 100000 1.76097 
0.99992 0.488055 0.699764 100000 100000 
0.999926 0.48396 0.563096 100000 0.224298 
0.999921 0.487651 0.68029 100000 0.787989 
0.999941 0.455244 0.186153 100000 100000 
0.999935 0.469282 0.329559 100000 3.31803 
0.999942 0.45213 0.158189 100000 100000 
0.999925 0.48463 0.579927 100000 0.805229 
0.999937 0.464084 0.272087 100000 100000 
0.999942 0.45213 0.158189 100000 0.0710265 
0.999918 0.488839 0.749666 100000 1.13528 
0.999929 0.48058 0.492079 100000 1.73358 
0.999936 0.466234 0.295057 100000 1.06387 
0.999936 0.466234 0.295057 100000 4.33476 
0.999936 0.466234 0.295057 100000 6.03171 
0.999936 0.46714 0.305054 100000 0.165084 
0.999923 0.486441 0.633368 100000 5.57102 
0.999936 0.466234 0.295057 100000 0.758451 
0.99994 0.458459 0.2161 100000 2.42374 
0.999916 0.489326 0.807918 100000 0.367578 
0.999934 0.472103 0.364039 100000 0.146751 
0.999936 0.466234 0.295057 100000 1.24858 
0.999936 0.466234 0.295057 100000 6.03171 
0.999929 0.48058 0.492079 100000 0.00175368 
0.999926 0.48396 0.563096 100000 0.0355224 
0.999947 0.436161 0.0241975 100000 0.140546 
0.999937 0.464084 0.272087 100000 2.70616 
0.999936 0.466234 0.295057 100000 5.57102 
0.999925 0.48463 0.579927 100000 1.23101 
0.999947 0.437194 0.032596 100000 1.47702 
0.999935 0.468374 0.319013 100000 0.0414782 
0.999936 0.46714 0.305054 100000 3.87467 
0.999934 0.471476 0.356131 100000 0.455244 
0.99994 0.458459 0.2161 100000 0.224298 
0.999934 0.471476 0.356131 100000 11.5126 
0.999937 0.46448 0.276245 100000 4.28768 
0.999929 0.48058 0.492079 100000 1.59403 
0.999927 0.48266 0.533454 100000 0.432316 
0.99994 0.456561 0.198273 100000 0.2789 
0.999918 0.488978 0.761855 100000 0.224298 
0.99992 0.488081 0.701096 100000 4.46458 
0.999936 0.466438 0.297282 100000 0.787989 
0.999946 0.439457 0.0510856 100000 103.965 
0.999936 0.466234 0.295057 100000 6.03171 
0.999934 0.471223 0.352978 100000 100000 
0.999946 0.439457 0.0510856 100000 0.432737 
0.999941 0.455244 0.186153 100000 0.237879 
0.999937 0.465953 0.291992 100000 100000 
0.999925 0.484921 0.587637 100000 237.76 
0.999946 0.441184 0.0652738 100000 8.24384 
0.999933 0.474286 0.392864 100000 0.262414 
0.999945 0.442659 0.0774651 100000 0.747969 
0.999925 0.48463 0.579927 100000 3.82849 
0.999925 0.484984 0.58934 100000 0.159441 
0.999927 0.482541 0.530918 100000 0.546285 
0.999918 0.488978 0.761855 100000 0.0669535 
0.999918 0.488978 0.761855 100000 0.581964 
0.999945 0.443928 0.0880085 100000 0.96335 
0.999944 0.446745 0.111668 100000 1.27077 
0.999925 0.484984 0.58934 100000 0.224298 
0.999927 0.482541 0.530918 100000 1.02178 
0.999925 0.48463 0.579927 100000 100000 
0.999921 0.487791 0.686725 100000 0.224298 
0.999937 0.465953 0.291992 100000 0.0993163 
0.999948 0.433594 0.00339681 100000 0.28827 
0.999925 0.48463 0.579927 100000 100000 
0.999928 0.481032 0.500556 100000 0.224298 
0.999918 0.488978 0.761855 100000 3.28551 
0.999914 0.489395 0.864661 100000 0.165084 
0.999925 0.48463 0.579927 100000 100000 
0.999936 0.466234 0.295057 100000 7.24086 
0.999946 0.439457 0.0510856 100000 1.38019 
0.999926 0.48396 0.563096 100000 1.02273 
0.999936 0.466234 0.295057 100000 0.274528 
0.999925 0.484984 0.58934 100000 0.301039 
0.999937 0.465953 0.291992 100000 0.530226 
0.999923 0.486582 0.638217 100000 0.647656 
0.999935 0.468374 0.319013 100000 2.28607 
0.999947 0.436161 0.0241975 100000 3.89353 
0.999936 0.46714 0.305054 100000 0.0201464 
0.999936 0.466234 0.295057 100000 0.192949 
0.999935 0.469442 0.331441 100000 0.110346 
0.999924 0.485685 0.609327 100000 3.89353 
0.999936 0.46714 0.305054 100000 0.52748 
0.999925 0.48463 0.579927 100000 100000 
0.999941 0.455244 0.186153 100000 0.28827 
0.999936 0.466234 0.295057 100000 100000 
0.999918 0.488978 0.761855 100000 0.805229 
0.999925 0.48463 0.579927 100000 1.09846 
0.999936 0.46714 0.305054 100000 3.87467 
0.999916 0.489364 0.817079 100000 0.383626 
0.999914 0.489398 0.863072 100000 0.18551 
0.999935 0.468374 0.319013 100000 0.532547 
0.999925 0.48463 0.579927 100000 100000 
0.999936 0.466234 0.295057 100000 0.0218395 
0.999936 0.466234 0.295057 100000 1.13307 
0.999925 0.48463 0.579927 100000 1.69965 
0.999925 0.485104 0.592645 100000 1.63094 
0.999925 0.484921 0.587637 100000 237.76 
0.999927 0.482489 0.529808 100000 0.101554 
0.999936 0.466234 0.295057 100000 100000 
0.999923 0.486441 0.633368 100000 0.550073 
0.99993 0.47879 0.460661 100000 0.227022 
0.999935 0.468374 0.319013 100000 3.89353 
0.999941 0.455244 0.186153 100000 2.77554 
0.999941 0.455697 0.190293 100000 0.656276 
0.999934 0.470764 0.347321 100000 0.312679 
0.999929 0.48058 0.492079 100000 0.42435 
0.999914 0.489395 0.864661 100000 0.796336 
0.999925 0.484921 0.587637 100000 0.28827 
0.999927 0.482541 0.530918 100000 0.455244 
0.999941 0.455244 0.186153 100000 1.21939 
0.999936 0.466234 0.295057 100000 0.931396 
0.999918 0.488978 0.761855 100000 3.87467 
0.999925 0.48463 0.579927 100000 237.76 
0.999918 0.488978 0.761855 100000 0.0865645 
0.999948 0.433594 0.00339681 100000 1.20091 
0.999918 0.488988 0.76278 100000 2.84082 
0.999933 0.474157 0.391096 100000 2.09392 
0.999936 0.466234 0.295057 100000 0.0218395 
0.999918 0.488978 0.761855 100000 3.87467 
0.999929 0.48058 0.492079 100000 0.42435 
0.999918 0.488978 0.761855 100000 0.537228 
0.999941 0.45484 0.182468 100000 100000 
0.999926 0.48396 0.563096 100000 0.165084 
0.999941 0.455244 0.186153 100000 1.21366 
0.999937 0.464981 0.281544 100000 1.99113 
0.999936 0.466234 0.295057 100000 100000 
0.999936 0.466234 0.295057 100000 6.03171 
0.99992 0.488274 0.711668 100000 0.227022 
0.999925 0.48463 0.579927 100000 100000 
0.99992 0.488081 0.701096 100000 0.224298 
0.999925 0.48463 0.579927 100000 237.76 
0.999918 0.488978 0.761855 100000 0.390154 
0.999925 0.484406 0.574154 100000 0.332173 
0.999937 0.46448 0.276245 100000 4.28768 
0.999937 0.464084 0.272087 100000 0.103548 
0.99992 0.488081 0.701096 100000 4.46458 
0.999926 0.48396 0.563096 100000 0.863454 
0.999918 0.488978 0.761855 100000 0.224298 
0.999942 0.450575 0.144545 100000 100000 
0.999934 0.471223 0.352978 100000 100000 
0.999927 0.482541 0.530918 100000 4.46458 
0.999929 0.48058 0.492079 100000 0.474883 
0.999925 0.484921 0.587637 100000 0.42435 
0.999941 0.455244 0.186153 100000 4.46458 
0.999945 0.442659 0.0774651 100000 0.274528 
0.999936 0.46714 0.305054 100000 5.57102 
0.999936 0.46714 0.305054 100000 0.219068 
0.999937 0.464084 0.272087 100000 1.21475 
0.999936 0.466234 0.295057 100000 0.262414 
0.999925 0.484984 0.58934 100000 0.434678 
0.999936 0.46714 0.305054 100000 0.159441 
0.999936 0.46714 0.305054 100000 0.165084 
0.999948 0.433594 0.00339681 100000 100000 
0.999916 0.489367 0.818005 100000 3.87467 
0.999934 0.471223 0.352978 100000 100000 
0.999937 0.465516 0.287269 100000 0.0414782 
0.999926 0.48396 0.563096 100000 0.0669535 
0.999927 0.482541 0.530918 100000 2.24105 
0.999936 0.466234 0.295057 100000 0.218926 
0.999934 0.471476 0.356131 100000 0.455244 
0.999933 0.474286 0.392864 100000 4.28768 
0.999932 0.475341 0.407618 100000 100000 
0.999914 0.489398 0.863072 100000 0.18551 
0.999943 0.448053 0.122798 100000 0.0983219 
0.999936 0.466234 0.295057 100000 1.22219 
0.999948 0.433594 0.00339681 100000 1.63094 
0.999944 0.444563 0.0933093 100000 100000 
0.999935 0.468374 0.319013 100000 2.05901 
0.999935 0.469345 0.330298 100000 1.13528 
0.999929 0.48058 0.492079 100000 0.00175368 
0.999933 0.474157 0.391096 100000 0.100395 
0.999921 0.487824 0.688302 100000 4.46458 
0.999918 0.488978 0.761855 100000 1.9454 
0.999925 0.48463 0.579927 100000 237.76 
0.999916 0.489326 0.807918 100000 1.26995 
0.999936 0.466438 0.297282 100000 0.580929 
0.999936 0.466234 0.295057 100000 1.52097 
0.999946 0.44004 0.055868 100000 1.09869 
0.999933 0.474157 0.391096 100000 1.02178 
0.99994 0.456674 0.199323 100000 0.589428 
0.999936 0.466438 0.297282 100000 0.787989 
0.999942 0.452017 0.157194 100000 3.28551 
0.999936 0.466234 0.295057 100000 5.57102 
0.999918 0.488978 0.761855 100000 0.224298 
0.99994 0.458459 0.2161 100000 1.03797 
0.99992 0.488081 0.701096 100000 0.224298 
0.999936 0.466234 0.295057 100000 6.03171 
0.999921 0.487651 0.68029 100000 0.237879 
0.999918 0.488978 0.761855 100000 0.581964 
0.999924 0.485685 0.609327 100000 0.535928 
0.999916 0.489326 0.807918 100000 0.515418 
0.999937 0.46422 0.273508 100000 0.367578 
0.999936 0.466234 0.295057 100000 1.15803 
0.999927 0.48266 0.533454 100000 0.432316 
0.999928 0.481032 0.500556 100000 0.1096 
0.99994 0.456561 0.198273 100000 100000 
0.999918 0.488978 0.761855 100000 3.87467 
0.999925 0.484984 0.58934 100000 0.159441 
0.999918 0.488978 0.761855 100000 100000 
0.999948 0.433594 0.00339681 100000 1.63094 
0.99992 0.488055 0.699764 100000 100000 
0.999925 0.48463 0.579927 100000 0.842301 
0.999925 0.48463 0.579927 100000 2.84082 
0.999936 0.466234 0.295057 100000 3.23383 
0.999918 0.488978 0.761855 100000 3.28551 
0.999936 0.466234 0.295057 100000 2.70616 
0.999948 0.434666 0.0120699 100000 0.819011 
0.999919 0.488456 0.722521 100000 0.305457 
0.999934 0.472103 0.364039 100000 0.146751 
0.999945 0.443739 0.0864327 100000 0.515418 
0.999936 0.466234 0.295057 100000 0.558309 
0.999933 0.473538 0.382748 100000 0.0601025 
0.999935 0.469282 0.329559 100000 100000 
0.999925 0.484627 0.579853 100000 0.827357 
0.999925 0.48463 0.579927 100000 1.61095 
0.999946 0.439457 0.0510856 100000 22.181 
0.999926 0.48396 0.563096 100000 0.165084 
0.999936 0.466234 0.295057 100000 0.362824 
0.999916 0.489326 0.807918 100000 1.61095 
0.99994 0.458459 0.2161 100000 0.224298 
0.999918 0.488978 0.761855 100000 0.0669535 
0.999933 0.47356 0.383042 100000 3.82849 
0.999918 0.488978 0.761855 100000 0.224298 
0.999927 0.482489 0.529808 100000 0.851367 
0.999936 0.466234 0.295057 100000 0.224298 
0.999916 0.489326 0.807918 100000 5.57102 
0.999945 0.442659 0.0774651 100000 0.108334 
0.999914 0.489398 0.863072 100000 237.76 
0.999937 0.465953 0.291992 100000 2.70616 
0.999936 0.46714 0.305054 100000 0.224298 
0.999935 0.468374 0.319013 100000 4.28768 
0.999936 0.466234 0.295057 100000 0.546285 
0.999918 0.488978 0.761855 100000 0.274528 
0.999945 0.443928 0.0880085 100000 3.87467 
0.999916 0.489326 0.807918 100000 0.367578 
0.999936 0.466234 0.295057 100000 1.22219 
0.999945 0.442659 0.0774651 100000 1.38019 
0.999936 0.466234 0.295057 100000 0.531659 
0.999925 0.48463 0.579927 100000 0.0601025 
0.999936 0.466234 0.295057 100000 5.57102 
0.999935 0.468998 0.326236 100000 5.57102 
0.999923 0.486582 0.638217 100000 100000 
0.999946 0.439457 0.0510856 100000 1.96161 
0.999936 0.466234 0.295057 100000 5.57102 
0.999933 0.473538 0.382748 100000 0.787989 
0.999936 0.466234 0.295057 100000 5.57102 
0.999929 0.48058 0.492079 100000 0.383471 
0.999942 0.45213 0.158189 100000 100000 
0.999926 0.483566 0.553735 100000 0.172009 
0.999928 0.481344 0.506557 100000 0.455244 
0.999944 0.446888 0.112885 100000 9.77826 
0.99993 0.47917 0.467068 100000 0.454119 
0.999934 0.472103 0.364039 100000 0.758451 
0.999945 0.442659 0.0774651 100000 1.38019 
0.999928 0.481632 0.512228 100000 100000 
0.999944 0.446835 0.112435 100000 100000 
0.999936 0.466234 0.295057 100000 0.599773 
0.999942 0.45213 0.158189 100000 0.968477 
0.999946 0.439457 0.0510856 100000 0.2789 
0.999934 0.471223 0.352978 100000 100000 
0.999915 0.489379 0.821871 100000 0.0355224 
0.999936 0.466234 0.295057 100000 1.47702 
0.999948 0.433594 0.00339681 100000 0.0355224 
0.999937 0.465953 0.291992 100000 3.87467 
0.999936 0.466234 0.295057 100000 2.8684 
0.999925 0.484984 0.58934 100000 0.159441 
0.999914 0.489395 0.864661 100000 0.383626 
0.999944 0.444948 0.0965376 100000 0.42435 
0.999936 0.466234 0.295057 100000 3.31803 
0.999918 0.488978 0.761855 100000 3.28551 
0.999948 0.434352 0.00952733 100000 5.57102 
0.999923 0.486441 0.633368 100000 0.224298 
0.999918 0.488988 0.76278 100000 2.84082 
0.999936 0.466234 0.295057 100000 0.141556 
0.999921 0.487657 0.680527 100000 1.23101 
0.999942 0.45213 0.158189 100000 0.2235 
0.999925 0.48463 0.579927 100000 100000 
0.999937 0.464084 0.272087 100000 2.70616 
0.999925 0.48463 0.579927 100000 2.28467 
0.999925 0.48463 0.579927 100000 1.27077 
0.999946 0.439457 0.0510856 100000 100000 
0.999934 0.471223 0.352978 100000 100000 
0.99994 0.456674 0.199323 100000 2.38042 
0.999925 0.48463 0.579927 100000 0.169268 
0.999937 0.464084 0.272087 100000 100000 
0.999945 0.443928 0.0880085 100000 100000 
0.999935 0.468374 0.319013 100000 3.42444 
0.999926 0.48396 0.563096 100000 1.46062 
0.999936 0.466234 0.295057 100000 0.262414 
0.999925 0.48463 0.579927 100000 0.805229 
0.999926 0.48396 0.563096 100000 0.224298 
0.999938 0.462321 0.253966 100000 100000 
0.999926 0.48396 0.563096 100000 0.224298 
0.999936 0.466234 0.295057 100000 0.367578 
0.999925 0.48463 0.579927 100000 2.0627 
0.999936 0.466234 0.295057 100000 1.13307 
0.999944 0.444563 0.0933093 100000 1.68549 
0.999921 0.487824 0.688302 100000 4.46458 
0.99994 0.456561 0.198273 100000 0.224298 
0.999918 0.488978 0.761855 100000 0.839157 
0.999941 0.455773 0.190991 100000 0.274528 
0.999936 0.466234 0.295057 100000 3.8824 
0.999914 0.489395 0.864661 100000 0.165084 
0.999941 0.455244 0.186153 100000 100000 
0.999937 0.465953 0.291992 100000 0.473779 
0.999914 0.489398 0.863072 100000 0.274528 
0.999915 0.48937 0.818942 100000 0.0888871 
0.999918 0.488978 0.761855 100000 0.0669535 
0.999925 0.48463 0.579927 100000 0.0601025 
0.999936 0.46714 0.305054 100000 0.108334 
0.999925 0.484984 0.58934 100000 0.581964 
0.999945 0.443214 0.0820646 100000 237.76 
0.999925 0.484921 0.587637 100000 1.24858 
0.999922 0.48735 0.667258 100000 6.03171 
0.999923 0.486441 0.633368 100000 0.550073 
0.999936 0.466234 0.295057 100000 5.57102 
0.999929 0.48058 0.492079 100000 0.42435 
0.99994 0.456674 0.199323 100000 4.33476 
0.999926 0.48396 0.563096 100000 1.9454 
0.999936 0.46714 0.305054 100000 0.219068 
0.999925 0.48463 0.579927 100000 3.87467 
0.999925 0.48463 0.579927 100000 6.03171 
0.999935 0.468374 0.319013 100000 100000 
0.999948 0.433594 0.00339681 100000 1.27894 
0.999936 0.466234 0.295057 100000 1.13307 
0.999929 0.48058 0.492079 100000 5.57102 
0.999937 0.464084 0.272087 100000 100000 
0.999948 0.434545 0.0110927 100000 0.758451 
0.999935 0.468374 0.319013 100000 2.05901 
0.999921 0.48749 0.673202 100000 1.11842 
0.999942 0.452254 0.159283 100000 0.0669535 
0.999946 0.441184 0.0652738 100000 0.224298 
0.999925 0.48463 0.579927 100000 1.23101 
0.99992 0.488081 0.701096 100000 4.46458 
0.999937 0.465516 0.287269 100000 0.537228 
0.999946 0.439457 0.0510856 100000 0.432737 
0.999925 0.484921 0.587637 100000 1.13307 
0.999934 0.471476 0.356131 100000 11.5126 
0.999933 0.474286 0.392864 100000 9.95316 
0.999925 0.484984 0.58934 100000 1.39291 
0.999926 0.483182 0.544927 100000 2.8684 
0.999918 0.488978 0.761855 100000 0.101554 
0.999939 0.459392 0.225043 100000 0.655747 
0.999935 0.468374 0.319013 100000 1.73358 
0.999948 0.433594 0.00339681 100000 1.06387 
0.999927 0.482541 0.530918 100000 0.165084 
0.999937 0.465953 0.291992 100000 0.0993163 
0.999935 0.468374 0.319013 100000 2.12992 
0.999936 0.466234 0.295057 100000 2.28607 
0.999918 0.488978 0.761855 100000 0.0669535 
0.999934 0.472103 0.364039 100000 0.110504 
0.999936 0.466234 0.295057 100000 0.656276 
0.999929 0.48058 0.492079 100000 0.42435 
0.999936 0.466234 0.295057 100000 2.02177 
0.999918 0.488978 0.761855 100000 0.101554 
0.999936 0.466234 0.295057 100000 5.57102 
0.999929 0.48058 0.492079 100000 0.855831 
0.99994 0.456674 0.199323 100000 0.0983219 
0.999936 0.466234 0.295057 100000 100000 
0.999942 0.452407 0.16064 100000 0.383471 
0.999936 0.467796 0.312425 100000 1.99113 
0.99992 0.488081 0.701096 100000 4.46458 
0.999948 0.434938 0.0142716 100000 0.165084 
0.999918 0.488988 0.76278 100000 1.09869 
0.999936 0.466234 0.295057 100000 4.46458 
0.999918 0.488978 0.761855 100000 4.73924 
0.999948 0.433594 0.00339681 100000 1.63094 
0.999935 0.469442 0.331441 100000 0.192949 
0.999935 0.469345 0.330298 100000 0.0669535 
0.999928 0.480921 0.498457 100000 0.513481 
0.999936 0.466234 0.295057 100000 6.03171 
0.999923 0.486441 0.633368 100000 2.8684 
0.999937 0.464084 0.272087 100000 0.103548 
0.999925 0.484921 0.587637 100000 0.28827 
0.999942 0.452568 0.162067 100000 0.419947 
0.999942 0.45213 0.158189 100000 0.175531 
0.999946 0.439457 0.0510856 100000 1.52097 
0.999921 0.487651 0.68029 100000 0.312679 
0.999936 0.466234 0.295057 100000 0.825932 
0.999941 0.455244 0.186153 100000 0.28827 
0.999937 0.464084 0.272087 100000 0.103548 
0.999944 0.444563 0.0933093 100000 0.101554 
0.999936 0.466234 0.295057 100000 0.0218395 
0.999933 0.474157 0.391096 100000 0.855831 
0.999925 0.48463 0.579927 100000 0.28827 
0.999925 0.48463 0.579927 100000 1.09846 
0.999936 0.466234 0.295057 100000 0.0218395 
0.999928 0.481032 0.500556 100000 0.855831 
0.999934 0.470764 0.347321 100000 0.312679 
0.999936 0.466234 0.295057 100000 1.22219 
0.999933 0.473471 0.381851 100000 0.224298 
0.999918 0.488978 0.761855 100000 1.9454 
0.999936 0.46714 0.305054 100000 2.77554 
0.999921 0.487651 0.68029 100000 0.000726006 
0.99994 0.456674 0.199323 100000 0.390154 
0.999936 0.466234 0.295057 100000 2.42374 
0.999946 0.44004 0.055868 100000 1.09869 
0.999925 0.48463 0.579927 100000 100000 
0.999916 0.489367 0.818005 100000 3.87467 
0.999927 0.48266 0.533454 100000 0.432316 
0.999935 0.468374 0.319013 100000 0.206171 
0.999933 0.474286 0.392864 100000 1.48373 
0.999941 0.453981 0.174699 100000 0.156369 
0.999926 0.48396 0.563096 100000 0.224298 
0.999925 0.48463 0.579927 100000 3.82849 
0.999941 0.455244 0.186153 100000 4.28768 
0.999916 0.489364 0.817079 100000 0.383626 
0.999926 0.48396 0.563096 100000 0.218926 
0.999945 0.443928 0.0880085 100000 0.96335 
0.999934 0.470764 0.347321 100000 0.312679 
0.999925 0.484984 0.58934 100000 0.530226 
0.999936 0.466234 0.295057 100000 3.87467 
0.999936 0.466234 0.295057 100000 2.84082 
0.999936 0.466234 0.295057 100000 0.224298 
0.999941 0.45484 0.182468 100000 100000 
0.999945 0.442659 0.0774651 100000 0.805229 
0.999941 0.455244 0.186153 100000 1.21939 
0.999936 0.466234 0.295057 100000 0.0218395 
0.999918 0.488978 0.761855 100000 0.805229 
0.999947 0.436161 0.0241975 100000 0.140546 
0.999936 0.466234 0.295057 100000 4.3809 
0.999936 0.466234 0.295057 100000 0.224298 
0.999937 0.46448 0.276245 100000 4.28768 
0.999941 0.453391 0.169402 100000 3.89353 
0.999918 0.488978 0.761855 100000 0.224298 
0.999916 0.489326 0.807918 100000 0.882971 
0.999927 0.482541 0.530918 100000 1.38019 
0.999925 0.484984 0.58934 100000 2.77554 
0.999946 0.439457 0.0510856 100000 0.383626 
0.999937 0.464084 0.272087 100000 0.101554 
0.999936 0.466234 0.295057 100000 1.27077 
0.999946 0.439457 0.0510856 100000 0.224298 
0.999936 0.46714 0.305054 100000 0.52748 
0.999922 0.48735 0.667258 100000 0.0774544 
0.999936 0.466234 0.295057 100000 5.84229 
0.999925 0.48463 0.579927 100000 237.76 
0.999924 0.485685 0.609327 100000 3.89353 
0.999935 0.469442 0.331441 100000 0.110346 
0.999927 0.482572 0.531566 100000 6.03171 
0.999935 0.468374 0.319013 100000 3.89353 
0.999925 0.484984 0.58934 100000 1.72988 
0.999921 0.48749 0.673202 100000 0.581964 
0.999948 0.433594 0.00339681 100000 1.63094 
0.999947 0.436161 0.0241975 100000 0.237879 
0.999918 0.488988 0.76278 100000 2.84082 
0.999925 0.48463 0.579927 100000 100000 
0.999916 0.489326 0.807918 100000 0.787989 
0.999935 0.468374 0.319013 100000 3.89353 
0.999942 0.450575 0.144545 100000 100000 
0.99992 0.488055 0.699764 100000 100000 
0.999941 0.455244 0.186153 100000 0.434678 
0.999936 0.46714 0.305054 100000 1.99113 
0.999933 0.474286 0.392864 100000 0.262414 
0.999927 0.482541 0.530918 100000 0.855831 
0.999933 0.473231 0.378673 100000 0.224298 
0.999937 0.46439 0.275298 100000 0.110504 
0.999925 0.48463 0.579927 100000 100000 
0.999927 0.482651 0.533255 100000 0.855831 
0.999925 0.48463 0.579927 100000 237.76 
0.999935 0.468374 0.319013 100000 0.332173 
0.999936 0.466234 0.295057 100000 0.0218395 
0.999934 0.471476 0.356131 100000 6.29142 
0.999926 0.48396 0.563096 100000 100000 
0.999918 0.488978 0.761855 100000 1.23101 
0.999924 0.485736 0.610849 100000 0.0355224 
0.999936 0.466234 0.295057 100000 100000 
0.999925 0.48463 0.579927 100000 3.82849 
0.999945 0.441717 0.0696695 100000 3.28551 
0.999916 0.489367 0.818005 100000 3.87467 
0.999928 0.481632 0.512228 100000 1.72988 
0.99992 0.488055 0.699764 100000 100000 
0.999918 0.488978 0.761855 100000 0.383626 
0.99992 0.488081 0.701096 100000 6.03171 
0.99994 0.458459 0.2161 100000 0.224298 
0.999919 0.488456 0.722521 100000 1.61095 
0.999925 0.484406 0.574154 100000 0.796336 
0.999929 0.48058 0.492079 100000 0.42435 
0.99992 0.488081 0.701096 100000 4.46458 
0.99994 0.458459 0.2161 100000 0.432316 
0.999921 0.487651 0.68029 100000 4.46458 
0.999925 0.484984 0.58934 100000 1.76097 
0.999926 0.48396 0.563096 100000 0.152165 
0.999946 0.441184 0.0652738 100000 4.46458 
0.999936 0.466234 0.295057 100000 100000 
0.999945 0.443928 0.0880085 100000 0.0489294 
0.999948 0.433594 0.00339681 100000 0.28827 
0.99992 0.488081 0.701096 100000 1.63094 
0.999921 0.487791 0.686725 100000 0.68158 
0.999925 0.484921 0.587637 100000 0.224298 
0.999934 0.471223 0.352978 100000 100000 
0.999929 0.48058 0.492079 100000 0.787989 
0.999923 0.486607 0.6391 100000 1.87069 
0.999934 0.470764 0.347321 100000 2.09392 
0.999937 0.464084 0.272087 100000 0.0983219 
0.999929 0.48058 0.492079 100000 3.28551 
0.999947 0.437987 0.0390635 100000 1.13528 
0.999936 0.466234 0.295057 100000 1.24858 
0.999937 0.464084 0.272087 100000 0.296351 
0.999927 0.482541 0.530918 100000 2.24105 
0.999948 0.433594 0.00339681 100000 2.05901 
0.999947 0.436161 0.0241975 100000 0.140546 
0.999946 0.441184 0.0652738 100000 0.656276 
0.999918 0.488978 0.761855 100000 0.0758956 
0.999941 0.455542 0.188879 100000 2.8684 
0.999941 0.455244 0.186153 100000 100000 
0.999935 0.47001 0.338199 100000 0.359571 
0.999925 0.48463 0.579927 100000 2.91388 
0.999918 0.488978 0.761855 100000 0.0218679 
0.999936 0.466234 0.295057 100000 0.787989 
0.999946 0.439457 0.0510856 100000 0.432737 
0.999945 0.442659 0.0774651 100000 1.38019 
0.999916 0.489367 0.818005 100000 1.9454 
0.999936 0.466234 0.295057 100000 0.141556 
0.999936 0.466234 0.295057 100000 1.31468 
0.999923 0.486441 0.633368 100000 0.233536 
0.999936 0.466234 0.295057 100000 1.06387 
0.999929 0.48058 0.492079 100000 0.383471 
0.999934 0.471223 0.352978 100000 100000 
0.999925 0.484627 0.579853 100000 0.827357 
0.999936 0.466234 0.295057 100000 5.57102 
0.999941 0.455244 0.186153 100000 100000 
0.999933 0.474157 0.391096 100000 0.656276 
0.999918 0.488978 0.761855 100000 0.165084 
0.999937 0.465953 0.291992 100000 0.796336 
0.999944 0.446835 0.112435 100000 100000 
0.99994 0.456561 0.198273 100000 100000 
0.999924 0.4857 0.609769 100000 0.219068 
0.999936 0.466234 0.295057 100000 0.262414 
0.999936 0.466438 0.297282 100000 2.84082 
0.999936 0.466234 0.295057 100000 0.758451 
0.999921 0.487651 0.68029 100000 0.0958328 
0.999937 0.464981 0.281544 100000 1.99113 
0.999918 0.488978 0.761855 100000 2.09392 
0.99994 0.456561 0.198273 100000 100000 
0.999925 0.48463 0.579927 100000 1.9454 
0.999936 0.46714 0.305054 100000 5.57102 
0.999925 0.484921 0.587637 100000 0.18551 
0.999914 0.489398 0.863072 100000 2.84082 
0.999925 0.48463 0.579927 100000 2.28467 
0.999918 0.488978 0.761855 100000 0.537228 
0.999933 0.47356 0.383042 100000 0.500149 
0.999942 0.45213 0.158189 100000 0.774024 
0.999921 0.487791 0.686725 100000 0.224298 
0.999927 0.482541 0.530918 100000 0.455244 
0.999941 0.455773 0.190991 100000 0.274528 
0.999936 0.466438 0.297282 100000 0.473779 
0.999948 0.434352 0.00952733 100000 5.57102 
0.999935 0.469282 0.329559 100000 3.31803 
0.999926 0.48396 0.563096 100000 7.24086 
0.999918 0.488978 0.761855 100000 0.0358021 
0.999928 0.481632 0.512228 100000 100000 
0.999925 0.485104 0.592645 100000 1.63094 
0.999918 0.488978 0.761855 100000 1.9454 
0.999945 0.443928 0.0880085 100000 0.96335 
0.999935 0.468374 0.319013 100000 3.25216 
0.999918 0.488978 0.761855 100000 0.383626 
0.999925 0.484921 0.587637 100000 0.780865 
0.999918 0.488978 0.761855 100000 0.390154 
0.999937 0.465038 0.282153 100000 0.383626 
0.999936 0.466234 0.295057 100000 0.367578 
0.999933 0.474157 0.391096 100000 1.22219 
0.999946 0.439457 0.0510856 100000 0.432737 
0.999947 0.437194 0.032596 100000 4.94182 
0.999914 0.489395 0.864661 100000 0.796336 
0.999918 0.488978 0.761855 100000 1.09846 
0.999936 0.466234 0.295057 100000 1.47702 
0.999935 0.468374 0.319013 100000 0.532547 
0.999944 0.444563 0.0933093 100000 1.63094 
0.999927 0.482541 0.530918 100000 0.787989 
0.999925 0.48463 0.579927 100000 0.28827 
0.999941 0.455244 0.186153 100000 1.21643 
0.999941 0.455244 0.186153 100000 0.0669535 
0.999933 0.474157 0.391096 100000 100000 
0.999936 0.466234 0.295057 100000 0.647656 
0.999927 0.482541 0.530918 100000 0.383626 
0.999921 0.487824 0.688302 100000 4.46458 
0.999948 0.433594 0.00339681 100000 0.599773 
0.999918 0.488978 0.761855 100000 7.24086 
0.999941 0.455244 0.186153 100000 5.57102 
0.999925 0.48463 0.579927 100000 100000 
0.999918 0.488978 0.761855 100000 3.87467 
0.999916 0.489364 0.817079 100000 1.13528 
0.999914 0.489398 0.863072 100000 100000 
0.999935 0.468374 0.319013 100000 0.165084 
0.999941 0.455244 0.186153 100000 0.790474 
0.999929 0.48058 0.492079 100000 100000 
0.999928 0.481414 0.507934 100000 100000 
0.999936 0.466234 0.295057 100000 0.0218395 
0.999936 0.466234 0.295057 100000 6.03171 
0.999935 0.469282 0.329559 100000 1.20091 
0.999923 0.486441 0.633368 100000 0.550073 
0.999934 0.471223 0.352978 100000 0.110346 
0.999936 0.466234 0.295057 100000 0.215154 
0.999943 0.448053 0.122798 100000 1.08065 
0.999937 0.465516 0.287269 100000 0.0414782 
0.999923 0.486441 0.633368 100000 2.8684 
0.999936 0.466234 0.295057 100000 1.61095 
0.999926 0.48396 0.563096 100000 1.02273 
0.999936 0.466234 0.295057 100000 5.57102 
0.999925 0.48463 0.579927 100000 2.28467 
0.999947 0.437194 0.032596 100000 1.47702 
0.999937 0.465953 0.291992 100000 3.87467 
0.999926 0.483348 0.548695 100000 9.77826 
0.999914 0.489395 0.864661 100000 0.931396 
0.999918 0.488978 0.761855 100000 0.224298 
0.999936 0.46714 0.305054 100000 0.219068 
0.99992 0.488081 0.701096 100000 1.76097 
0.999921 0.487657 0.680527 100000 5.57102 
0.999936 0.466438 0.297282 100000 2.84082 
0.999936 0.466234 0.295057 100000 100000 
0.999925 0.484921 0.587637 100000 1.00174 
0.999921 0.487651 0.68029 100000 0.237879 
0.999936 0.46714 0.305054 100000 0.367578 
0.999937 0.465953 0.291992 100000 4.46458 
0.999918 0.488839 0.749666 100000 1.13528 
0.999933 0.47338 0.380635 100000 2.05901 
0.999914 0.489395 0.864661 100000 0.219068 
0.999925 0.484921 0.587637 100000 0.0414782 
0.999936 0.466234 0.295057 100000 0.767348 
0.999921 0.487791 0.686725 100000 0.224298 
0.999935 0.469282 0.329559 100000 0.931396 
0.999932 0.475341 0.407618 100000 100000 
0.999936 0.466234 0.295057 100000 7.24086 
0.999935 0.468374 0.319013 100000 100000 
0.999916 0.489326 0.807918 100000 3.89353 
0.999936 0.466234 0.295057 100000 100000 
0.999921 0.487824 0.688302 100000 0.301039 
0.999929 0.48058 0.492079 100000 0.2235 
0.999918 0.488978 0.761855 100000 3.87467 
0.99994 0.456561 0.198273 100000 6.03171 
0.999935 0.468374 0.319013 100000 3.42444 
0.99994 0.456561 0.198273 100000 0.367578 
0.99992 0.488081 0.701096 100000 0.224298 
0.999935 0.468374 0.319013 100000 100000 
0.99992 0.488143 0.704416 100000 6.03171 
0.999935 0.468374 0.319013 100000 0.0414782 
0.999926 0.48396 0.563096 100000 0.863454 
0.999934 0.471223 0.352978 100000 0.530226 
0.999916 0.489326 0.807918 100000 0.515418 
0.999936 0.466438 0.297282 100000 1.76097 
0.999918 0.488978 0.761855 100000 0.224298 
0.999925 0.484982 0.58928 100000 0.23083 
0.999937 0.46448 0.276245 100000 4.28768 
0.999946 0.439457 0.0510856 100000 221.81 
0.999925 0.48463 0.579927 100000 1.23101 
0.999934 0.471476 0.356131 100000 0.455244 
0.999925 0.48463 0.579927 100000 100000 
0.999936 0.466234 0.295057 100000 5.57102 
0.99992 0.488081 0.701096 100000 0.262414 
0.999937 0.464084 0.272087 100000 1.63094 
0.999944 0.446745 0.111668 100000 1.27077 
0.999936 0.466234 0.295057 100000 278.171 
0.999936 0.466234 0.295057 100000 4.28768 
0.999925 0.48463 0.579927 100000 100000 
0.999936 0.466234 0.295057 100000 6.03171 
0.999936 0.466234 0.295057 100000 5.57102 
0.999942 0.45213 0.158189 100000 0.219068 
0.999936 0.466234 0.295057 100000 0.0218395 
0.999945 0.443739 0.0864327 100000 0.515418 
0.999935 0.468374 0.319013 100000 100000 
0.999948 0.433594 0.00339681 100000 100000 
0.999935 0.468374 0.319013 100000 3.89353 
0.999916 0.489326 0.807918 100000 5.57102 
0.999925 0.48463 0.579927 100000 100000 
0.999925 0.484984 0.58934 100000 0.224298 
0.999936 0.466234 0.295057 100000 0.595815 
0.99992 0.488081 0.701096 100000 1.21475 
0.999926 0.48396 0.563096 100000 115.126 
0.999934 0.471476 0.356131 100000 0.515418 
0.999935 0.469442 0.331441 100000 5.57102 
0.999936 0.466234 0.295057 100000 1.22219 
0.99992 0.488055 0.699764 100000 100000 
0.999916 0.489326 0.807918 100000 0.42435 
0.999925 0.484921 0.587637 100000 100000 
0.999925 0.484984 0.58934 100000 4.33476 
0.999935 0.468374 0.319013 100000 2.84082 
0.999929 0.48058 0.492079 100000 6.37769 
0.999918 0.488978 0.761855 100000 2.91388 
0.999925 0.48463 0.579927 100000 0.274528 
0.999914 0.489395 0.864661 100000 0.306357 
0.999918 0.488978 0.761855 100000 1.23101 
0.999947 0.436161 0.0241975 100000 0.0669535 
0.999937 0.465516 0.287269 100000 4.46458 
0.999925 0.485104 0.592645 100000 2.41848 
0.999946 0.439457 0.0510856 100000 0.0710265 
0.999936 0.466234 0.295057 100000 3.79339 
0.999925 0.48463 0.579927 100000 100000 
0.999945 0.443214 0.0820646 100000 0.842301 
0.999926 0.48396 0.563096 100000 0.790803 
0.999934 0.471223 0.352978 100000 100000 
0.999933 0.474286 0.392864 100000 0.224298 
0.999925 0.484921 0.587637 100000 3.03185 
0.999925 0.484984 0.58934 100000 0.301039 
0.999926 0.483566 0.553735 100000 0.172009 
0.999941 0.455244 0.186153 100000 1.21366 
0.999935 0.469282 0.329559 100000 0.191824 
0.999926 0.48396 0.563096 100000 1.02273 
0.999936 0.466234 0.295057 100000 2.70616 
0.999914 0.489395 0.864661 100000 0.383626 
0.999926 0.48396 0.563096 100000 0.656276 
0.999925 0.484984 0.58934 100000 0.159441 
0.999941 0.455244 0.186153 100000 0.184932 
0.999925 0.48463 0.579927 100000 0.842301 
0.999925 0.484984 0.58934 100000 237.76 
0.999935 0.469345 0.330298 100000 1.13528 
0.999936 0.466234 0.295057 100000 0.349631 
0.999936 0.466234 0.295057 100000 0.931396 
0.999925 0.48463 0.579927 100000 0.383626 
0.999937 0.465953 0.291992 100000 0.473779 
0.999928 0.481032 0.500556 100000 0.1096 
0.999928 0.481032 0.500556 100000 0.107738 
0.999935 0.468374 0.319013 100000 100000 
0.999946 0.441184 0.0652738 100000 8.24384 
0.999932 0.475341 0.407618 100000 1.13528 
0.999937 0.46448 0.276245 100000 4.28768 
0.999942 0.45213 0.158189 100000 100000 
0.999925 0.484984 0.58934 100000 0.301039 
0.999936 0.466234 0.295057 100000 3.23383 
0.999934 0.472019 0.362964 100000 1.13307 
0.999921 0.487651 0.68029 100000 0.787989 
0.999934 0.470665 0.34611 100000 3.87467 
0.999914 0.489395 0.864661 100000 3.06064 
0.99994 0.456674 0.199323 100000 4.33476 
0.999933 0.474157 0.391096 100000 0.0489294 
0.999925 0.48463 0.579927 100000 1.66473 
0.999945 0.442659 0.0774651 100000 1.38019 
0.999936 0.466234 0.295057 100000 0.224298 
0.999925 0.484406 0.574154 100000 0.332173 
0.999935 0.468374 0.319013 100000 2.05901 
0.999946 0.439457 0.0510856 100000 103.965 
0.999941 0.455244 0.186153 100000 1.09869 
0.999937 0.464084 0.272087 100000 5.57102 
0.999914 0.489398 0.863072 100000 0.18551 
0.999923 0.486441 0.633368 100000 0.224298 
0.999927 0.482541 0.530918 100000 0.747969 
0.999934 0.471476 0.356131 100000 3.82849 
0.999936 0.466234 0.295057 100000 1.63094 
0.999936 0.466234 0.295057 100000 4.38484 
0.999925 0.48463 0.579927 100000 1.27077 
0.999918 0.488978 0.761855 100000 1.66473 
0.999933 0.474157 0.391096 100000 2.09392 
0.999948 0.433594 0.00339681 100000 100000 
0.999937 0.465516 0.287269 100000 100000 
0.999927 0.482541 0.530918 100000 0.455244 
0.999947 0.436161 0.0241975 100000 3.89353 
0.999926 0.48396 0.563096 100000 0.550073 
0.999934 0.471223 0.352978 100000 3.93942 
0.999936 0.466234 0.295057 100000 100000 
0.999936 0.466234 0.295057 100000 1.15803 
0.999918 0.488978 0.761855 100000 0.0669535 
0.999936 0.466234 0.295057 100000 0.00979737 
0.999934 0.471223 0.352978 100000 1.15535 
0.999923 0.486441 0.633368 100000 0.684203 
0.999946 0.439457 0.0510856 100000 22.181 
0.999925 0.484921 0.587637 100000 100000 
0.999929 0.479858 0.479015 100000 0.159441 
0.999945 0.442659 0.0774651 100000 0.455244 
0.999935 0.468374 0.319013 100000 1.05283 
0.999942 0.45213 0.158189 100000 2.24105 
0.999938 0.462321 0.253966 100000 100000 
0.999934 0.472103 0.364039 100000 0.101554 
0.999933 0.474286 0.392864 100000 1.63094 
0.999925 0.48463 0.579927 100000 5.57102 
0.999937 0.464084 0.272087 100000 100000 
0.999916 0.489326 0.807918 100000 0.224298 
0.999925 0.48463 0.579927 100000 1.27077 
0.999925 0.484984 0.58934 100000 0.0414782 
0.999936 0.466234 0.295057 100000 6.03171 
0.999925 0.48463 0.579927 100000 100000 
0.999916 0.489367 0.818005 100000 3.87467 
0.999927 0.482541 0.530918 100000 2.24105 
0.999948 0.433594 0.00339681 100000 100000 
0.999936 0.466234 0.295057 100000 5.59153 
0.999937 0.464084 0.272087 100000 2.70616 
0.999918 0.488988 0.76278 100000 2.84082 
0.999936 0.466234 0.295057 100000 1.91361 
0.999925 0.484984 0.58934 100000 0.535928 
0.999936 0.466234 0.295057 100000 100000 
0.999936 0.466234 0.295057 100000 0.312679 
0.999936 0.466234 0.295057 100000 1.61095 
0.999925 0.48463 0.579927 100000 6.03171 
0.999916 0.489326 0.807918 100000 3.87467 
0.999916 0.489326 0.807918 100000 0.515418 
0.999929 0.48058 0.492079 100000 0.855831 
0.999921 0.487824 0.688302 100000 4.46458 
0.999925 0.48463 0.579927 100000 3.8824 
0.999945 0.442659 0.0774651 100000 0.108334 
0.999927 0.48266 0.533454 100000 0.110504 
0.99994 0.458459 0.2161 100000 100000 
0.999914 0.489395 0.864661 100000 0.383626 
0.99992 0.488055 0.699764 100000 100000 
0.999948 0.433594 0.00339681 100000 1.20091 
0.999914 0.489395 0.864661 100000 1.27077 
0.999937 0.465968 0.292155 100000 5.57102 
0.999934 0.471476 0.356131 100000 115.126 
0.999945 0.443928 0.0880085 100000 100000 
0.999942 0.451611 0.153618 100000 1.22219 
0.999946 0.439457 0.0510856 100000 2.02177 
0.999948 0.433594 0.00339681 100000 1.63094 
0.999925 0.48463 0.579927 100000 3.87467 
0.999942 0.452568 0.162067 100000 0.419947 
0.999936 0.466234 0.295057 100000 1.09228 
0.99994 0.458459 0.2161 100000 0.968477 
0.999936 0.466234 0.295057 100000 5.57102 
0.999918 0.488978 0.761855 100000 100000 
0.999936 0.466234 0.295057 100000 2.70616 
0.999923 0.486441 0.633368 100000 4.28768 
0.999936 0.46714 0.305054 100000 0.159441 
0.999948 0.433594 0.00339681 100000 0.28827 
0.999945 0.442659 0.0774651 100000 0.274528 
0.999921 0.487791 0.686725 100000 0.787989 
0.999942 0.45213 0.158189 100000 0.0710265 
0.999914 0.489395 0.864661 100000 4.95826 
0.999936 0.4663 0.295772 100000 0.532547 
0.999929 0.48058 0.492079 100000 1.73358 
0.999936 0.466234 0.295057 100000 2.7571 
0.999937 0.464084 0.272087 100000 2.70616 
0.999927 0.482438 0.52872 100000 1.27077 
0.999936 0.466234 0.295057 100000 3.89353 
0.999925 0.484921 0.587637 100000 0.688804 
0.999926 0.48396 0.563096 100000 0.165084 
0.999941 0.453981 0.174699 100000 3.89353 
0.999927 0.48266 0.533454 100000 0.96335 
0.999918 0.488978 0.761855 100000 1.63094 
0.999945 0.442659 0.0774651 100000 5.57102 
0.999934 0.471223 0.352978 100000 100000 
0.999925 0.48463 0.579927 100000 100000 
0.999936 0.466234 0.295057 100000 0.224298 
0.999929 0.48058 0.492079 100000 1.22219 
0.999925 0.48463 0.579927 100000 2.34214 
0.999946 0.439457 0.0510856 100000 0.180584 
0.99994 0.456674 0.199323 100000 0.0218395 
0.999945 0.442659 0.0774651 100000 11.4903 
0.99992 0.488081 0.701096 100000 100000 
0.999936 0.466234 0.295057 100000 1.13307 
0.999945 0.44223 0.0739072 100000 0.262414 
0.999936 0.466234 0.295057 100000 0.787989 
0.999941 0.45484 0.182468 100000 9.95316 
0.999936 0.466234 0.295057 100000 7.24086 
0.999925 0.484921 0.587637 100000 1.24858 
0.999935 0.468374 0.319013 100000 2.56162 
0.999933 0.474157 0.391096 100000 0.100395 
0.999925 0.48463 0.579927 100000 3.82849 
0.999936 0.46714 0.305054 100000 3.91373 
0.999925 0.484406 0.574154 100000 0.312679 
0.999941 0.45484 0.182468 100000 100000 
0.999935 0.468374 0.319013 100000 0.532547 
0.999937 0.464084 0.272087 100000 1.09869 
0.999928 0.481032 0.500556 100000 0.52748 
0.999934 0.471223 0.352978 100000 100000 
0.999936 0.466234 0.295057 100000 4.3809 
0.999929 0.48058 0.492079 100000 0.383471 
0.999936 0.466234 0.295057 100000 1.13307 
0.999918 0.488978 0.761855 100000 4.89351 
0.999936 0.466234 0.295057 100000 1.23101 
0.999936 0.466234 0.295057 100000 0.141556 
0.999936 0.466234 0.295057 100000 3.42444 
0.999928 0.481344 0.506557 100000 0.455244 
0.999946 0.439457 0.0510856 100000 0.2789 
0.999916 0.489367 0.818005 100000 4.46458 
0.999934 0.471223 0.352978 100000 1.02178 
0.999946 0.439457 0.0510856 100000 1.52097 
0.999942 0.450575 0.144545 100000 100000 
0.999927 0.482541 0.530918 100000 0.455244 
0.999925 0.48463 0.579927 100000 1.58524 
0.999936 0.466234 0.295057 100000 100000 
0.999936 0.466438 0.297282 100000 0.787989 
0.999936 0.46714 0.305054 100000 0.224298 
0.999918 0.488988 0.76278 100000 0.309214 
0.999942 0.452017 0.157194 100000 3.8824 
0.999937 0.464084 0.272087 100000 2.8684 
0.999918 0.488978 0.761855 100000 0.581964 
0.999944 0.446835 0.112435 100000 237.76 
0.999933 0.474286 0.392864 100000 2.8684 
0.999945 0.443928 0.0880085 100000 3.87467 
0.999914 0.489398 0.863072 100000 1.27077 
0.999944 0.444563 0.0933093 100000 0.218926 
0.999921 0.48749 0.673202 100000 1.11842 
0.999937 0.466082 0.293392 100000 0.0669535 
0.999922 0.487056 0.655539 100000 2.77554 
0.999926 0.48396 0.563096 100000 6.03171 
0.999936 0.466234 0.295057 100000 0.455244 
0.999936 0.466234 0.295057 100000 0.546285 
0.999936 0.466234 0.295057 100000 0.825932 
0.999935 0.469554 0.332759 100000 1.06387 
0.999936 0.466438 0.297282 100000 3.31803 
0.999936 0.466234 0.295057 100000 0.455244 
0.999928 0.481032 0.500556 100000 0.224298 
0.999927 0.482541 0.530918 100000 2.24105 
0.999918 0.488978 0.761855 100000 100000 
0.999937 0.464084 0.272087 100000 0.0218395 
0.999944 0.444563 0.0933093 100000 100000 
0.99993 0.47917 0.467068 100000 0.454119 
0.999937 0.465953 0.291992 100000 9.77826 
0.999935 0.469345 0.330298 100000 0.121552 
0.999948 0.433594 0.00339681 100000 1.77461 
0.999936 0.466234 0.295057 100000 100000 
0.999946 0.439457 0.0510856 100000 0.312679 
0.999936 0.466234 0.295057 100000 3.87467 
0.999945 0.443928 0.0880085 100000 0.52748 
0.999935 0.469345 0.330298 100000 1.49166 
0.999936 0.46714 0.305054 100000 56.8849 
0.999929 0.48058 0.492079 100000 5.57102 
0.99994 0.458459 0.2161 100000 0.224298 
0.999936 0.466234 0.295057 100000 3.87467 
0.999925 0.48463 0.579927 100000 0.101554 
0.999931 0.476587 0.425842 100000 0.96335 
0.999925 0.48463 0.579927 100000 1.23101 
0.999925 0.48463 0.579927 100000 0.219068 
0.999942 0.45213 0.158189 100000 0.968477 
0.999934 0.471476 0.356131 100000 2.66704 
0.999928 0.481032 0.500556 100000 0.224298 
0.999948 0.433594 0.00339681 100000 1.63094 
0.999941 0.455244 0.186153 100000 0.237879 
0.999923 0.486582 0.638217 100000 100000 
0.999914 0.489395 0.864661 100000 0.224298 
0.999946 0.439457 0.0510856 100000 1.52097 
0.999926 0.48396 0.563096 100000 0.399776 
0.999921 0.487824 0.688302 100000 4.46458 
0.999936 0.466234 0.295057 100000 0.224298 
0.999938 0.462969 0.260563 100000 0.546285 
0.999936 0.466234 0.295057 100000 1.76097 
0.999928 0.481032 0.500556 100000 2.25784 
0.999918 0.488978 0.761855 100000 2.70616 
0.999937 0.465953 0.291992 100000 5.57102 
0.999935 0.468374 0.319013 100000 3.89353 
0.999936 0.46714 0.305054 100000 3.37173 
0.999937 0.46448 0.276245 100000 4.28768 
0.999936 0.466234 0.295057 100000 5.57102 
0.999936 0.46714 0.305054 100000 221.81 
0.999937 0.46448 0.276245 100000 4.28768 
0.999941 0.455244 0.186153 100000 0.192949 
0.999937 0.46448 0.276245 100000 4.28768 
