0.996642 0.780529 0.107029 4.74675 2.41348 1500 1500 1500 1500 1500 0.0698321 2.24352 1500 0.0460404 0.0462741 6.00284 0.0606918 
0.996642 0.780522 0.107029 4.74675 2.41348 1500 1500 1500 1500 1500 0.0698321 1500 1500 0.0460404 0.0462741 6.00284 0.0606918 
0.996107 0.786302 0.107029 1500 2.41348 1500 1500 1500 1500 1500 0.0698321 1500 1500 0.0460404 0.0462741 6.00284 0.0606918 
0.996642 0.780386 0.107029 4.74675 2.41348 1500 1500 1500 1500 1500 0.0698321 24.6463 1500 0.0460404 0.0462741 6.00284 0.0606918 
0.996642 0.78049 0.0693483 4.74675 2.41348 1500 1500 1500 1500 1500 0.0698321 2.24352 1500 0.0460404 0.120378 6.00284 0.0606918 
0.996586 0.784449 0.0693483 45.153 2.41348 1500 1500 1500 1500 1500 0.0967794 1500 1500 0.0550296 0.120378 6.00284 0.0606918 
0.996642 0.780564 0.0693483 4.74675 2.41348 1500 1500 1500 1500 1500 0.0698321 2.24352 1500 0.0460404 1500 6.00284 0.0606918 
0.996065 0.789998 0.0693483 1500 2.41348 1500 1500 1500 1500 1500 0.135082 1500 1500 0.0460404 0.0462741 6.00284 0.0606918 
0.996064 0.790083 0.107029 1500 2.41348 1500 1500 1500 1500 1500 0.135082 1500 1500 0.0460404 0.0462741 6.00284 0.0606918 
0.996642 0.780506 0.107029 4.74675 2.41348 1500 1500 1500 1500 1500 0.0698321 0.0478485 1500 0.0460404 0.0462741 6.00284 0.0606918 
0.996642 0.780582 0.107029 4.74675 2.41348 1500 1500 1500 1500 1500 0.0698321 2.24352 1500 0.0460404 0.0462741 6.00284 0.0606918 
0.996639 0.784144 0.0693483 4.74675 2.41348 1500 1500 1500 1500 1500 0.0698321 1.85872 1500 0.0460404 0.120378 0.729695 0.0606918 
0.996642 0.780556 0.0693483 4.74675 2.41348 1500 1500 1500 1500 1500 0.0698321 2.24352 1500 0.0460404 0.120378 6.00284 0.0606918 
0.996001 0.790461 0.107029 1500 2.41348 1500 1500 1500 1500 1500 0.135082 1500 1500 0.0460404 0.0462741 0.65729 0.0606918 
0.996065 0.789954 0.107029 1500 2.41348 1500 1500 1500 1500 1500 0.135082 1500 1500 0.0460404 0.0462741 6.00284 0.0606918 
0.996107 0.786223 0.0693483 1500 2.41348 1500 1500 1500 1500 1500 0.0698321 1500 1500 0.0460404 0.120378 6.00284 0.0606918 
0.996061 0.79009 0.107029 1500 2.41348 1500 1500 1500 1500 1500 0.135082 2.24352 1500 0.0460404 0.0462741 6.00284 0.0606918 
0.996642 0.780544 0.0693483 4.74675 2.41348 1500 1500 1500 1500 1500 0.0698321 0.128435 1500 0.0460404 1500 6.00284 0.0606918 
0.996586 0.784571 0.0693483 45.153 2.41348 1500 1500 1500 1500 1500 0.0967794 1500 1500 0.0550296 0.120378 6.00284 0.0606918 
0.996639 0.78319 0.0693483 4.74675 2.41348 1500 1500 1500 1500 1500 0.0698321 2.24352 1500 0.0460404 0.0462741 0.601923 0.0606918 
0.996642 0.78056 0.107029 4.74675 2.41348 1500 1500 1500 1500 1500 0.0698321 2.24352 1500 0.0460404 0.0462741 6.00284 0.0606918 
0.996642 0.778859 0.107029 4.74675 1.7702 1500 1500 1500 1500 1500 0.0698321 0.0478485 1500 0.0460404 0.0462741 6.00284 0.0606918 
0.996098 0.788643 0.0693483 1500 2.41348 1500 1500 1500 1500 1500 0.0967794 1500 1500 0.0460404 1.40569 6.00284 0.0606918 
0.996064 0.789995 0.107029 1500 2.41348 1500 1500 1500 1500 1500 0.135082 1500 1500 0.0460404 0.0462741 6.00284 0.0606918 
0.996642 0.780608 0.0693483 4.74675 2.41348 1500 1500 1500 1500 1500 0.0698321 13.0418 1500 0.0460404 0.120378 6.00284 0.0606918 
0.996642 0.780544 0.107029 4.74675 2.41348 1500 1500 1500 1500 1500 0.0698321 2.24352 1500 0.0460404 0.120378 6.00284 0.0606918 
0.996066 0.78988 0.107029 1500 2.41348 1500 1500 1500 1500 1500 0.135082 1500 1500 0.0460404 0.0462741 6.00284 0.0606918 
0.996642 0.780448 0.0693483 4.74675 2.41348 1500 1500 1500 1500 1500 0.0698321 3.69118 1500 0.0460404 1500 6.00284 0.0606918 
0.996104 0.786383 0.107029 1500 2.41348 1500 1500 1500 1500 1500 0.0698321 1500 1500 0.0460404 0.0462741 6.00284 0.0606918 
0.996106 0.78635 0.107029 1500 2.41348 1500 1500 1500 1500 1500 0.0698321 2.24352 1500 0.0460404 0.102685 6.00284 0.0606918 
