0.0543017 0.256852 0.42721 0.859544
0.0594047 0.25732 0.444408 0.85525
0.0649538 0.257778 0.460862 0.850429
0.0709815 0.258218 0.476637 0.845023
0.0775215 0.258632 0.491787 0.838969
0.0846082 0.259009 0.506356 0.832198
0.0922768 0.259337 0.520385 0.824636
0.100563 0.259604 0.533908 0.8162
0.109501 0.259793 0.546956 0.806804
0.119127 0.259889 0.559554 0.796353
0.129474 0.259872 0.571728 0.784745
0.140573 0.259723 0.583499 0.771873
0.152453 0.259419 0.594887 0.757625
0.16514 0.258937 0.60591 0.741882
0.178655 0.258252 0.616585 0.724526
0.193015 0.257337 0.626926 0.705439
0.208228 0.256164 0.636949 0.684509
0.224299 0.254706 0.646667 0.661632
0.241222 0.252934 0.656091 0.636726
0.258982 0.250821 0.665233 0.609732
0.277556 0.248341 0.674105 0.580629
0.29691 0.24547 0.682716 0.549444
0.317001 0.242186 0.691076 0.516266
0.337771 0.238473 0.699194 0.481254
0.359156 0.234317 0.707078 0.444655
0.381079 0.229711 0.714738 0.406806
0.403455 0.224656 0.72218 0.36814
0.426189 0.219159 0.729412 0.32918
0.449179 0.213232 0.736441 0.290523
0.472317 0.206899 0.743273 0.252814
0.495493 0.200187 0.749916 0.21671
0.518592 0.193135 0.756374 0.182833
0.541499 0.185784 0.762655 0.151723
0.564102 0.178183 0.768763 0.123794
0.586291 0.170385 0.774705 0.0992991
0.607961 0.162445 0.780484 0.0783223
0.629015 0.154421 0.786107 0.0607795
0.649362 0.14637 0.791578 0.0464459
0.668919 0.138348 0.796901 0.034993
0.687615 0.130408 0.802082 0.0260318
0.705384 0.122599 0.807123 0.0191542
0.722173 0.114966 0.81203 0.0139661
0.737938 0.107548 0.816806 0.010111
0.752641 0.100378 0.821456 0.0072828
0.766254 0.0934832 0.825982 0.00522924
0.778757 0.0868857 0.830388 0.00375002
0.790134 0.0806007 0.834678 0.00269056
0.800376 0.0746385 0.838856 0.00193442
0.809478 0.0690044 0.842923 0.00139561
0.817437 0.0636994 0.846884 0.00101159
