0.464132 0.143995 59.1983 
0.40329 0.395982 14.6143 
0.326402 0.545654 6.8785 
0.476478 0.067117 138.624 
0.441083 0.260288 28.0722 
0.421129 0.338939 19.0131 
0.482146 0.0276309 351.017 
0.455003 0.19385 41.3151 
0.434931 0.286437 24.5238 
0.443878 0.247792 30.0272 
0.455221 0.192723 41.6179 
0.334222 0.535826 7.31032 
0.47685 0.0646182 144.373 
0.483867 0.0150626 652.203 
0.266255 0.592279 4.56295 
0.35657 0.501904 8.82705 
0.471384 0.100267 89.4583 
0.291164 0.578678 5.3541 
0.466338 0.131099 66.0283 
0.477619 0.0593985 157.942 
0.482832 0.0226574 430.252 
0.448884 0.224379 34.267 
0.277792 0.586902 4.90684 
0.385831 0.442041 11.8233 
0.482448 0.0254475 381.988 
0.481341 0.0334162 288.52 
0.483726 0.0160998 609.547 
0.478411 0.0539703 174.835 
0.438339 0.272179 26.376 
0.316947 0.556257 6.40868 
0.465884 0.13378 64.5002 
0.277835 0.586879 4.9082 
0.475278 0.0751189 122.787 
0.476755 0.065254 142.869 
0.282333 0.584355 5.05239 
0.430751 0.303199 22.5639 
0.443964 0.247397 30.0922 
0.453795 0.200053 39.7107 
0.482729 0.0234036 416.218 
0.480996 0.0358783 268.037 
0.467206 0.12593 69.1574 
0.463659 0.146713 57.9115 
0.476238 0.0687308 135.133 
0.42246 0.334222 19.44 
0.450903 0.214545 36.3204 
0.478857 0.0508964 185.999 
0.404548 0.392314 14.8614 
0.36819 0.480443 9.84009 
0.448131 0.227984 33.5582 
0.482352 0.0261395 371.612 
0.483553 0.0173761 564.044 
0.422229 0.335043 19.3649 
0.435105 0.285721 24.6125 
0.469857 0.109801 80.8107 
0.371881 0.473016 10.2047 
0.296849 0.574504 5.56263 
0.323609 0.548928 6.73414 
0.483326 0.0190394 513.901 
0.479298 0.0478307 198.562 
0.467997 0.121175 72.2705 
0.279971 0.585711 4.97591 
0.478131 0.0558988 168.458 
0.462876 0.151182 55.8963 
0.477006 0.063561 146.941 
0.483084 0.0208141 469.237 
0.483253 0.0195784 499.479 
0.460462 0.16469 50.467 
0.462002 0.156118 53.8039 
0.311685 0.56158 6.16885 
0.449367 0.222044 34.7383 
0.483929 0.0146005 673.16 
0.483853 0.0151653 647.723 
0.330297 0.540882 7.08827 
0.483139 0.0204104 478.714 
0.468796 0.116323 75.7098 
0.470486 0.105899 84.1619 
0.482686 0.0237165 410.594 
0.361456 0.493223 9.23025 
0.37096 0.474899 10.1115 
0.480894 0.0366012 262.546 
0.2607 0.594323 4.40931 
0.474218 0.082088 111.507 
0.481912 0.0293222 330.196 
0.461983 0.156224 53.7601 
0.47124 0.101174 88.5656 
0.475282 0.0750922 122.834 
0.47766 0.0591172 158.741 
0.482743 0.0233038 418.042 
0.477746 0.0585313 160.43 
0.360789 0.494438 9.1733 
0.470727 0.10439 85.5248 
0.472851 0.0909352 99.6768 
0.481953 0.0290249 333.68 
0.483396 0.0185289 528.334 
0.322534 0.550156 6.67988 
0.482934 0.0219105 445.257 
0.382554 0.449749 11.4041 
0.433642 0.291689 23.8862 
0.393992 0.421598 12.9966 
0.427769 0.314687 21.3379 
0.266505 0.592178 4.57005 
0.448843 0.224576 34.2278 
0.44292 0.25212 29.3286 
0.428618 0.311455 21.674 
0.476513 0.0668861 139.138 
0.373218 0.47025 10.3426 
0.301955 0.570393 5.76058 
0.482748 0.0232664 418.73 
0.457811 0.179087 45.5783 
0.480469 0.0396154 241.81 
0.292357 0.577837 5.39686 
0.483335 0.0189766 515.634 
0.251022 0.597064 4.15802 
0.352454 0.508847 8.51006 
0.478576 0.0528393 178.791 
0.355828 0.50318 8.76846 
0.481395 0.0330337 291.977 
0.472281 0.0945871 95.4381 
0.437363 0.276319 25.8189 
0.47806 0.0563846 166.92 
0.433412 0.292617 23.7757 
0.457846 0.178901 45.6365 
0.481159 0.034714 277.361 
0.437272 0.276702 25.7681 
0.258983 0.594884 4.36327 
0.370707 0.475412 10.0862 
0.478181 0.0555526 169.57 
0.273467 0.589099 4.77378 
0.341517 0.525741 7.75453 
0.421364 0.338113 19.087 
0.374437 0.467691 10.4712 
0.47965 0.0453762 209.843 
0.466933 0.127566 68.1393 
0.450462 0.216711 35.8523 
0.408156 0.381508 15.6145 
0.472114 0.0956453 94.2704 
0.456633 0.185339 43.6905 
0.46381 0.145844 58.3178 
0.228264 0.599541 3.63672 
0.436482 0.280013 25.3354 
0.395519 0.417566 13.2396 
0.477804 0.0581397 161.579 
0.460503 0.164467 50.5493 
0.283218 0.58383 5.08149 
0.474778 0.0784162 117.2 
0.396794 0.41415 13.4486 
0.482321 0.0263694 368.286 
0.311591 0.561672 6.16471 
0.368933 0.478973 9.91165 
0.31891 0.554167 6.50195 
0.395675 0.417152 13.2648 
0.483822 0.0153897 638.131 
0.449685 0.220505 35.0543 
0.444136 0.246615 30.2214 
0.48353 0.017545 558.519 
0.425157 0.32444 20.3629 
0.468549 0.117825 74.6154 
0.36355 0.489354 9.4127 
0.46427 0.143196 59.5857 
0.332864 0.537604 7.2322 
0.431823 0.298976 23.0376 
0.482053 0.0283 342.483 
0.351839 0.509856 8.46435 
0.45966 0.169097 48.8826 
0.416537 0.354705 17.665 
0.43015 0.305546 22.3062 
0.424534 0.326724 20.1427 
0.361514 0.493119 9.23515 
0.474462 0.0804898 113.921 
0.474452 0.0805589 113.815 
0.476847 0.0646387 144.324 
0.466158 0.132165 65.4131 
0.441782 0.257202 28.5378 
0.483315 0.0191228 511.618 
0.309388 0.56378 6.06852 
0.463259 0.148998 56.8662 
0.457116 0.182789 44.4449 
0.481188 0.0345101 279.059 
0.451082 0.213661 36.5141 
0.447818 0.229476 33.2714 
0.482205 0.0272041 356.68 
0.447454 0.231204 32.9436 
0.480269 0.0410256 233.155 
0.480718 0.03785 253.555 
0.285912 0.582171 5.17159 
0.478337 0.0544796 173.107 
0.338358 0.53022 7.55684 
0.479601 0.0457207 208.187 
0.366952 0.482865 9.72288 
0.450442 0.216811 35.8309 
0.483598 0.0170458 575.167 
0.474861 0.0778759 118.083 
0.386689 0.439974 11.9378 
0.482618 0.0242123 401.983 
0.477066 0.0631556 147.949 
0.28356 0.583624 5.09279 
0.482535 0.0248134 392.005 
0.37421 0.468171 10.447 
0.470672 0.104737 85.2086 
0.370496 0.475839 10.0651 
0.473289 0.0881197 103.184 
0.479607 0.0456724 208.417 
0.295487 0.575541 5.51159 
0.479021 0.0497561 190.491 
0.460224 0.166005 49.9854 
0.447648 0.230285 33.1173 
0.469178 0.113983 77.4728 
0.478399 0.0540535 174.551 
0.481321 0.0335593 287.248 
0.483887 0.0149159 658.718 
0.467923 0.121623 71.967 
0.466236 0.131705 65.6771 
0.473686 0.0855479 106.59 
0.478377 0.0542088 174.022 
0.419742 0.343786 18.5861 
0.396058 0.416128 13.3273 
0.473539 0.0865046 105.299 
0.482818 0.0227563 428.339 
0.387613 0.43773 12.063 
0.431454 0.300435 22.8725 
0.461272 0.160201 52.1698 
0.474545 0.0799521 114.755 
0.476944 0.0639773 145.92 
0.403343 0.39583 14.6245 
0.48044 0.0398207 240.512 
0.482084 0.0280785 345.262 
0.37889 0.458047 10.9656 
0.482473 0.0252665 384.796 
0.481407 0.0329453 292.787 
0.440319 0.263634 27.5798 
0.483412 0.018414 531.693 
0.401942 0.399859 14.3577 
0.334315 0.535703 7.31573 
0.396355 0.415332 13.376 
0.479547 0.0460971 206.405 
0.386812 0.439678 11.9542 
0.393145 0.423806 12.8653 
0.483866 0.0150672 652.002 
0.481264 0.0339673 283.678 
0.450731 0.215391 36.1366 
0.483393 0.0185521 527.662 
0.473817 0.0846972 107.762 
0.472453 0.0934838 96.6838 
0.408032 0.381887 15.5874 
0.483816 0.0154369 636.149 
0.47399 0.0835721 109.348 
0.482661 0.0239028 407.316 
0.429733 0.307164 22.1307 
0.461608 0.158328 52.9089 
0.329827 0.541472 7.06237 
0.358615 0.498331 8.99204 
0.43782 0.274384 26.0772 
0.422615 0.333667 19.4909 
0.482096 0.0279921 346.359 
0.471607 0.0988594 90.8765 
0.478254 0.0550553 171.192 
0.465794 0.13431 64.2052 
0.48188 0.0295469 327.609 
0.468255 0.119613 73.3476 
0.301993 0.570361 5.76208 
0.473318 0.0879323 103.426 
0.292357 0.577837 5.39686 
0.438339 0.272179 26.376 
0.483139 0.0204104 478.714 
0.463659 0.146713 57.9115 
0.311685 0.56158 6.16885 
0.47766 0.0591172 158.741 
0.478576 0.0528393 178.791 
0.476238 0.0687308 135.133 
0.482235 0.0269869 359.631 
0.291164 0.578678 5.3541 
0.483853 0.0151653 647.723 
0.301955 0.570393 5.76058 
0.2607 0.594323 4.40931 
0.485866 9.9723e-05 100000 
0.484193 0.0126507 778.44 
0.323609 0.548928 6.73414 
0.326402 0.545654 6.8785 
0.311685 0.56158 6.16885 
0.485866 9.9723e-05 100000 
0.462876 0.151182 55.8963 
0.485866 9.9723e-05 100000 
0.473318 0.0879323 103.426 
0.462876 0.151182 55.8963 
0.482146 0.0276309 351.017 
0.465884 0.13378 64.5002 
0.437363 0.276319 25.8189 
0.480811 0.0371959 258.189 
0.485866 9.9723e-05 100000 
0.316947 0.556257 6.40868 
0.485866 9.9723e-05 100000 
0.481395 0.0330337 291.977 
0.341692 0.525487 7.76577 
0.474874 0.0777848 118.233 
0.483253 0.0195784 499.479 
0.443878 0.247792 30.0272 
0.480544 0.0390834 245.238 
0.483853 0.0151653 647.723 
0.230369 0.599541 3.68135 
0.47685 0.0646182 144.373 
0.485866 9.9723e-05 100000 
0.438339 0.272179 26.376 
0.485866 9.9723e-05 100000 
0.47769 0.0589163 159.316 
0.316947 0.556257 6.40868 
0.355828 0.50318 8.76846 
0.484145 0.0130027 757.098 
0.449228 0.222718 34.6014 
0.266505 0.592178 4.57005 
0.40329 0.395982 14.6143 
0.47315 0.0890132 102.047 
0.485866 9.9723e-05 100000 
0.292357 0.577837 5.39686 
0.485866 9.9723e-05 100000 
0.467997 0.121175 72.2705 
0.485866 9.9723e-05 100000 
0.44292 0.25212 29.3286 
0.482832 0.0226574 430.252 
0.485866 9.9723e-05 100000 
0.476513 0.0668861 139.138 
0.301955 0.570393 5.76058 
0.453795 0.200053 39.7107 
0.484344 0.0115276 855.248 
0.37096 0.474899 10.1115 
0.482051 0.0283164 342.278 
0.478857 0.0508964 185.999 
0.476478 0.067117 138.624 
0.47315 0.0890132 102.047 
0.360789 0.494438 9.1733 
0.301955 0.570393 5.76058 
0.483867 0.0150626 652.203 
0.476755 0.065254 142.869 
0.483867 0.0150626 652.203 
0.430751 0.303199 22.5639 
0.484063 0.0136131 722.705 
0.482686 0.0237165 410.594 
0.479298 0.0478307 198.562 
0.443964 0.247397 30.0922 
0.471384 0.100267 89.4583 
0.479752 0.0446578 213.379 
0.478215 0.0553192 170.328 
0.483396 0.0185289 528.334 
0.481415 0.0328911 293.286 
0.485866 9.9723e-05 100000 
0.433796 0.291066 23.9606 
0.280561 0.585379 4.99486 
0.316947 0.556257 6.40868 
0.373218 0.47025 10.3426 
0.453795 0.200053 39.7107 
0.485866 9.9723e-05 100000 
0.485866 9.9723e-05 100000 
0.485866 9.9723e-05 100000 
0.478857 0.0508964 185.999 
0.483439 0.0182153 537.601 
0.484396 0.0111362 885.656 
0.465884 0.13378 64.5002 
0.483981 0.0142173 691.574 
0.413424 0.364947 16.8483 
0.480083 0.0423343 225.639 
0.485866 9.9723e-05 100000 
0.483726 0.0160998 609.547 
0.481912 0.0293222 330.196 
0.465884 0.13378 64.5002 
0.485866 9.9723e-05 100000 
0.485866 9.9723e-05 100000 
0.443878 0.247792 30.0272 
0.480917 0.0364389 263.76 
0.37096 0.474899 10.1115 
0.484508 0.010303 958.081 
0.448884 0.224379 34.267 
0.463659 0.146713 57.9115 
0.418773 0.347127 18.2985 
0.427769 0.314687 21.3379 
0.480917 0.0364389 263.76 
0.485866 9.9723e-05 100000 
0.482686 0.0237165 410.594 
0.266505 0.592178 4.57005 
0.483326 0.0190394 513.901 
0.478812 0.051207 184.81 
0.36819 0.480443 9.84009 
0.485866 9.9723e-05 100000 
0.478857 0.0508964 185.999 
0.322534 0.550156 6.67988 
0.431823 0.298976 23.0376 
0.48229 0.0265904 365.141 
0.482473 0.0252665 384.796 
0.485866 9.9723e-05 100000 
0.483867 0.0150626 652.203 
0.361456 0.493223 9.23025 
0.474979 0.0770973 119.378 
0.334315 0.535703 7.31573 
0.481216 0.0343126 280.722 
0.457116 0.182789 44.4449 
0.393145 0.423806 12.8653 
0.473034 0.0897593 101.115 
0.461983 0.156224 53.7601 
0.36819 0.480443 9.84009 
0.469178 0.113983 77.4728 
0.478857 0.0508964 185.999 
0.472114 0.0956453 94.2704 
0.485866 9.9723e-05 100000 
0.485866 9.9723e-05 100000 
0.481923 0.0292382 331.173 
0.47124 0.101174 88.5656 
0.351147 0.510983 8.41342 
0.483953 0.0144266 681.393 
0.361456 0.493223 9.23025 
0.373218 0.47025 10.3426 
0.473817 0.0846972 107.762 
0.35657 0.501904 8.82705 
0.473442 0.0871307 104.47 
0.279971 0.585711 4.97591 
0.455221 0.192723 41.6179 
0.485866 9.9723e-05 100000 
0.455003 0.19385 41.3151 
0.441083 0.260288 28.0722 
0.483161 0.0202545 482.477 
0.485866 9.9723e-05 100000 
0.464132 0.143995 59.1983 
0.483822 0.0153897 638.131 
0.477746 0.0585313 160.43 
0.485866 9.9723e-05 100000 
0.401942 0.399859 14.3577 
0.483953 0.0144266 681.393 
0.485866 9.9723e-05 100000 
0.322534 0.550156 6.67988 
0.457116 0.182789 44.4449 
0.485866 9.9723e-05 100000 
0.485866 9.9723e-05 100000 
0.470727 0.10439 85.5248 
0.366952 0.482865 9.72288 
0.485866 9.9723e-05 100000 
0.395519 0.417566 13.2396 
0.481133 0.0349039 275.798 
0.408032 0.381887 15.5874 
0.483891 0.014881 660.283 
0.472851 0.0909352 99.6768 
0.368933 0.478973 9.91165 
0.467997 0.121175 72.2705 
0.449367 0.222044 34.7383 
0.395675 0.417152 13.2648 
0.479158 0.0488046 194.4 
0.479847 0.0439959 216.74 
0.483929 0.0146005 673.16 
0.485866 9.9723e-05 100000 
0.483853 0.0151653 647.723 
0.483084 0.0208141 469.237 
0.483629 0.0168156 583.178 
0.470672 0.104737 85.2086 
0.485866 9.9723e-05 100000 
0.371881 0.473016 10.2047 
0.437272 0.276702 25.7681 
0.483853 0.0151653 647.723 
0.479752 0.0446578 213.379 
0.296849 0.574504 5.56263 
0.431823 0.298976 23.0376 
0.485866 9.9723e-05 100000 
0.482743 0.0233038 418.042 
0.355828 0.50318 8.76846 
0.450442 0.216811 35.8309 
0.480563 0.038948 246.125 
0.483335 0.0189766 515.634 
0.360789 0.494438 9.1733 
0.483084 0.0208141 469.237 
0.485866 9.9723e-05 100000 
0.447818 0.229476 33.2714 
0.475298 0.0749883 123.018 
0.344404 0.521493 7.94282 
0.48058 0.038829 246.91 
0.483393 0.0185521 527.662 
0.430751 0.303199 22.5639 
0.444136 0.246615 30.2214 
0.481291 0.0337718 285.378 
0.485866 9.9723e-05 100000 
0.483439 0.0182153 537.601 
0.361514 0.493119 9.23515 
0.485866 9.9723e-05 100000 
0.485866 9.9723e-05 100000 
0.283218 0.58383 5.08149 
0.352454 0.508847 8.51006 
0.374437 0.467691 10.4712 
0.483084 0.0208141 469.237 
0.37889 0.458047 10.9656 
0.283218 0.58383 5.08149 
0.448843 0.224576 34.2278 
0.481546 0.0319504 302.214 
0.472114 0.0956453 94.2704 
0.416537 0.354705 17.665 
0.484521 0.0102107 966.838 
0.285912 0.582171 5.17159 
0.382554 0.449749 11.4041 
0.311685 0.56158 6.16885 
0.476964 0.0638443 146.245 
0.485866 9.9723e-05 100000 
0.485866 9.9723e-05 100000 
0.266255 0.592279 4.56295 
0.476238 0.0687308 135.133 
0.273467 0.589099 4.77378 
0.368933 0.478973 9.91165 
0.481415 0.0328911 293.286 
