0.239362 0.622072 1500 1500 1.05275 0.098609 10.2393 1500 
0.221793 0.643723 1500 1500 0.900515 0.098609 10.2393 1500 
0.367725 0.256972 1500 1500 2.88658 0.0946481 46.8231 1500 
0.281595 0.546873 1500 1500 1.55588 0.098609 10.2393 1500 
0.372844 0.255019 1500 1500 3.19965 0.167354 36.9742 1500 
0.229744 0.635267 1500 1500 0.900515 11.8934 14.9904 1500 
0.221794 0.643718 1500 1500 0.900515 1500 10.2393 1500 
0.126055 0.701936 1500 1500 0.319197 1500 36.9742 1500 
0.221793 0.643674 1500 1500 0.900515 0.098609 10.2393 1500 
0.221793 0.643677 1500 1500 0.900515 1500 10.2393 1500 
0.221794 0.643603 1500 1500 0.900515 0.098609 10.2393 1500 
0.367722 0.257002 1500 1500 2.88658 0.0946481 46.8231 1500 
0.239362 0.622084 1500 1500 1.05275 0.098609 10.2393 1500 
0.391533 0.177199 1500 1500 3.99541 78.9627 52.2809 1500 
0.126055 0.701763 1500 1500 0.319197 0.650408 36.9742 1500 
0.239362 0.622115 1500 1500 1.05275 0.098609 10.2393 1500 
0.221793 0.643703 1500 1500 0.900515 0.124422 10.2393 1500 
0.239362 0.621954 1500 1500 1.05275 4.07855 10.2393 1500 
0.380547 0.232332 1500 1500 3.88035 1500 27.0283 1500 
0.281595 0.546969 1500 1500 1.55588 0.098609 10.2393 1500 
0.258722 0.585297 1500 1500 1.33459 1500 8.17107 1500 
0.390351 0.185585 1500 1500 3.99541 0.0946481 46.8231 1500 
0.38054 0.232437 1500 1500 3.88035 1500 27.0283 1500 
0.190891 0.671265 1500 1500 0.683549 1500 10.2393 1500 
0.239362 0.6221 1500 1500 1.05275 1500 10.2393 1500 
0.221793 0.643657 1500 1500 0.900515 4.07855 10.2393 1500 
0.343052 0.376024 1500 1500 2.50666 1500 19.7855 1500 
0.281594 0.546862 1500 1500 1.55588 0.098609 10.2393 1500 
0.221793 0.643635 1500 1500 0.900515 1500 10.2393 1500 
0.239362 0.621986 1500 1500 1.05275 0.098609 10.2393 1500 
0.170766 0.683267 1500 1500 0.568138 1.06503 10.2393 1500 
0.221793 0.643631 1500 1500 0.900515 1500 10.2393 1500 
0.265453 0.579987 1500 1500 1.33459 1500 10.2393 1500 
0.0864218 0.714224 1500 1500 0.200854 0.055949 27.0283 1500 
0.387344 0.203405 1500 1500 3.99541 1500 36.9742 1500 
0.229744 0.635111 1500 1500 0.900515 0.430159 14.9904 1500 
0.406386 0.121462 1500 1500 5.76418 1.54879 46.8231 1500 
0.296644 0.509836 1500 1500 1.80906 0.430159 10.2393 1500 
0.126055 0.701827 1500 1500 0.319197 1.27677 36.9742 1500 
0.389235 0.196031 1500 1500 4.13396 61.298 36.9742 1500 
0.258722 0.585301 1500 1500 1.33459 0.167354 8.17107 1500 
0.221794 0.643725 1500 1500 0.900515 0.098609 10.2393 1500 
0.309724 0.456424 1500 1500 2.27451 1500 8.17107 1500 
0.231636 0.631046 1500 1500 0.900515 4.07855 16.7291 1500 
0.415269 0.0544658 1500 1500 8.41083 0.098609 94.6199 1500 
0.127459 0.701123 1500 1500 0.324015 0.837187 36.9742 1500 
0.379682 0.235485 1500 1500 3.88035 1500 25.8239 1500 
0.221793 0.643686 1500 1500 0.900515 0.137104 10.2393 1500 
0.225921 0.639038 1500 1500 0.934081 48.1468 10.2393 1500 
0.239362 0.622051 1500 1500 1.05275 1500 10.2393 1500 
0.150577 0.691357 1500 1500 0.467848 1500 10.2393 1500 
0.209357 0.653636 1500 1500 0.828309 0.077524 9.03908 1500 
0.124886 0.705629 1500 1500 0.319197 0.077524 30.0063 1500 
0.281595 0.546923 1500 1500 1.55588 0.167354 10.2393 1500 
0.309017 0.482234 1500 1500 1.80906 0.055949 16.5873 1500 
0.239362 0.622014 1500 1500 1.05275 1500 10.2393 1500 
0.221793 0.643695 1500 1500 0.900515 0.055949 10.2393 1500 
0.170766 0.683231 1500 1500 0.568138 11.9513 10.2393 1500 
0.281593 0.547039 1500 1500 1.55588 0.098609 10.2393 1500 
0.231636 0.631068 1500 1500 0.900515 0.124422 16.7291 1500 
0.367722 0.256988 1500 1500 2.88658 0.0946481 46.8231 1500 
0.258722 0.585292 1500 1500 1.33459 0.167354 8.17107 1500 
0.170766 0.683241 1500 1500 0.568138 0.055949 10.2393 1500 
0.126055 0.701867 1500 1500 0.319197 1.27677 36.9742 1500 
0.239362 0.621962 1500 1500 1.05275 1500 10.2393 1500 
0.343426 0.365518 1500 1500 2.36013 1.06503 27.0283 1500 
0.325571 0.418199 1500 1500 2.50666 0.098609 10.2393 1500 
0.236052 0.623807 1500 1500 1.05275 0.098609 9.03908 1500 
0.221793 0.643636 1500 1500 0.900515 4.07855 10.2393 1500 
0.181488 0.677327 1500 1500 0.627482 1500 10.2393 1500 
0.258722 0.585235 1500 1500 1.33459 1500 8.17107 1500 
0.406381 0.121483 1500 1500 5.76418 1.54879 46.8231 1500 
0.221793 0.643687 1500 1500 0.900515 0.098609 10.2393 1500 
0.221793 0.643613 1500 1500 0.900515 4.07855 10.2393 1500 
0.221793 0.643621 1500 1500 0.900515 11.8934 10.2393 1500 
0.239362 0.622115 1500 1500 1.05275 1.06503 10.2393 1500 
0.221793 0.643596 1500 1500 0.900515 1500 10.2393 1500 
0.221794 0.643542 1500 1500 0.900515 0.137104 10.2393 1500 
0.239362 0.622054 1500 1500 1.05275 0.098609 10.2393 1500 
0.221793 0.643664 1500 1500 0.900515 4.66619 10.2393 1500 
0.206533 0.65882 1500 1500 0.78643 0.555589 10.2393 1500 
0.221793 0.64372 1500 1500 0.900515 0.430159 10.2393 1500 
0.221793 0.643678 1500 1500 0.900515 0.098609 10.2393 1500 
0.309724 0.456536 1500 1500 2.27451 4.07855 8.17107 1500 
0.306771 0.489362 1500 1500 1.80906 1500 14.9904 1500 
0.126055 0.701821 1500 1500 0.319197 0.098609 36.9742 1500 
0.319225 0.441182 1500 1500 2.32023 48.1468 10.2393 1500 
0.401982 0.142215 1500 1500 5.06097 1500 46.8231 1500 
0.0864218 0.714179 1500 1500 0.200854 0.055949 27.0283 1500 
0.349297 0.346797 1500 1500 2.52278 1500 27.0283 1500 
0.32557 0.418324 1500 1500 2.50666 0.0477738 10.2393 1500 
0.209357 0.653612 1500 1500 0.828309 0.098609 9.03908 1500 
0.239362 0.622065 1500 1500 1.05275 1500 10.2393 1500 
0.124886 0.705662 1500 1500 0.319197 0.077524 30.0063 1500 
0.239362 0.622089 1500 1500 1.05275 0.098609 10.2393 1500 
0.239362 0.622099 1500 1500 1.05275 0.098609 10.2393 1500 
0.0857699 0.714685 1500 1500 0.195361 1500 36.9742 1500 
0.247627 0.602832 1500 1500 1.21283 1.83943 7.9376 1500 
0.385632 0.209683 1500 1500 3.88035 1500 36.9742 1500 
0.170766 0.683231 1500 1500 0.568138 1.06503 10.2393 1500 
0.25158 0.601017 1500 1500 1.21283 4.07855 9.03908 1500 
0.32557 0.418441 1500 1500 2.50666 0.098609 10.2393 1500 
0.258722 0.585247 1500 1500 1.33459 0.167354 8.17107 1500 
0.236052 0.623801 1500 1500 1.05275 1500 9.03908 1500 
0.257783 0.585822 1500 1500 1.33459 1500 7.9376 1500 
0.247628 0.602792 1500 1500 1.21283 4.07855 7.9376 1500 
0.247628 0.60277 1500 1500 1.21283 0.821675 7.9376 1500 
0.231636 0.631063 1500 1500 0.900515 0.055949 16.7291 1500 
0.41173 0.0871938 1500 1500 5.76418 0.098609 94.6199 1500 
0.18217 0.676935 1500 1500 0.631417 0.0946481 10.2393 1500 
0.25158 0.601071 1500 1500 1.21283 1500 9.03908 1500 
0.170766 0.683257 1500 1500 0.568138 0.098609 10.2393 1500 
0.247578 0.602952 1500 1500 1.21283 4.07855 7.92502 1500 
0.195871 0.667623 1500 1500 0.714927 4.07855 10.2393 1500 
0.281595 0.546665 1500 1500 1.55588 1.06503 10.2393 1500 
0.239362 0.622029 1500 1500 1.05275 1500 10.2393 1500 
0.239362 0.622026 1500 1500 1.05275 0.0946481 10.2393 1500 
0.281336 0.547569 1500 1500 1.55197 0.543802 10.2393 1500 
0.221793 0.643621 1500 1500 0.900515 4.07855 10.2393 1500 
0.190891 0.67123 1500 1500 0.683549 1500 10.2393 1500 
0.239362 0.622055 1500 1500 1.05275 1500 10.2393 1500 
0.221794 0.643684 1500 1500 0.900515 0.098609 10.2393 1500 
0.406387 0.121432 1500 1500 5.76418 1.54879 46.8231 1500 
0.348743 0.348649 1500 1500 2.50666 38.4631 27.0283 1500 
0.255061 0.598354 1500 1500 1.21283 0.055949 10.2393 1500 
0.296643 0.510005 1500 1500 1.80906 0.650408 10.2393 1500 
0.25158 0.601039 1500 1500 1.21283 1.06503 9.03908 1500 
0.236052 0.62383 1500 1500 1.05275 4.07855 9.03908 1500 
0.247627 0.602801 1500 1500 1.21283 0.055949 7.9376 1500 
0.258722 0.585269 1500 1500 1.33459 1500 8.17107 1500 
0.233157 0.624545 1500 1500 1.05275 1500 8.17107 1500 
0.380549 0.232329 1500 1500 3.88035 1500 27.0283 1500 
0.209357 0.653596 1500 1500 0.828309 1.83943 9.03908 1500 
0.247627 0.602738 1500 1500 1.21283 1.83943 7.9376 1500 
0.221793 0.643594 1500 1500 0.900515 1.83943 10.2393 1500 
0.221793 0.643692 1500 1500 0.900515 0.256409 10.2393 1500 
0.221794 0.643627 1500 1500 0.900515 0.098609 10.2393 1500 
0.379692 0.235332 1500 1500 3.88035 1500 25.8239 1500 
0.239362 0.622047 1500 1500 1.05275 0.430159 10.2393 1500 
0.258722 0.585177 1500 1500 1.33459 0.167354 8.17107 1500 
0.181488 0.677366 1500 1500 0.627482 1500 10.2393 1500 
0.258722 0.585302 1500 1500 1.33459 0.167354 8.17107 1500 
0.221793 0.643677 1500 1500 0.900515 0.326563 10.2393 1500 
0.323501 0.431611 1500 1500 2.36013 1.06503 11.2055 1500 
0.34874 0.348767 1500 1500 2.50666 1500 27.0283 1500 
0.385629 0.209832 1500 1500 3.88035 1500 36.9742 1500 
0.170766 0.683254 1500 1500 0.568138 1.06503 10.2393 1500 
0.221793 0.643632 1500 1500 0.900515 0.293758 10.2393 1500 
0.124886 0.705575 1500 1500 0.319197 0.077524 30.0063 1500 
0.239362 0.622112 1500 1500 1.05275 0.098609 10.2393 1500 
0.296645 0.509823 1500 1500 1.80906 0.055949 10.2393 1500 
0.281594 0.546892 1500 1500 1.55588 0.0946481 10.2393 1500 
0.248538 0.602545 1500 1500 1.21283 1500 8.17107 1500 
0.221794 0.643699 1500 1500 0.900515 9.91879 10.2393 1500 
0.319226 0.441151 1500 1500 2.32023 48.1468 10.2393 1500 
0.239362 0.622025 1500 1500 1.05275 0.098609 10.2393 1500 
0.258722 0.585254 1500 1500 1.33459 0.167354 8.17107 1500 
0.265453 0.580103 1500 1500 1.33459 1500 10.2393 1500 
0.293575 0.520841 1500 1500 1.55588 0.124422 16.7291 1500 
0.258722 0.585257 1500 1500 1.33459 1.06503 8.17107 1500 
0.247628 0.602809 1500 1500 1.21283 4.07855 7.9376 1500 
0.247627 0.602787 1500 1500 1.21283 1500 7.9376 1500 
0.0864218 0.714261 1500 1500 0.200854 0.055949 27.0283 1500 
0.281595 0.546816 1500 1500 1.55588 9.42775 10.2393 1500 
0.221793 0.64372 1500 1500 0.900515 2.95849 10.2393 1500 
0.385632 0.209791 1500 1500 3.88035 1500 36.9742 1500 
0.170766 0.683235 1500 1500 0.568138 1500 10.2393 1500 
0.221794 0.643614 1500 1500 0.900515 52.3748 10.2393 1500 
0.281336 0.54745 1500 1500 1.55197 0.098609 10.2393 1500 
0.296644 0.509996 1500 1500 1.80906 1500 10.2393 1500 
0.25158 0.601043 1500 1500 1.21283 1500 9.03908 1500 
0.221793 0.643708 1500 1500 0.900515 0.055949 10.2393 1500 
0.255061 0.5983 1500 1500 1.21283 1500 10.2393 1500 
0.265453 0.580028 1500 1500 1.33459 0.167354 10.2393 1500 
0.375315 0.249139 1500 1500 3.88035 1500 20.9432 1500 
0.391524 0.177337 1500 1500 3.99541 1500 52.2809 1500 
0.25158 0.60096 1500 1500 1.21283 1500 9.03908 1500 
0.127459 0.701145 1500 1500 0.324015 1.06503 36.9742 1500 
0.239362 0.621998 1500 1500 1.05275 0.098609 10.2393 1500 
0.127459 0.701009 1500 1500 0.324015 0.837187 36.9742 1500 
0.247628 0.60292 1500 1500 1.21283 1500 7.9376 1500 
0.221793 0.64364 1500 1500 0.900515 0.098609 10.2393 1500 
0.258722 0.585265 1500 1500 1.33459 0.167354 8.17107 1500 
0.309724 0.456528 1500 1500 2.27451 27.4994 8.17107 1500 
0.239362 0.622031 1500 1500 1.05275 1500 10.2393 1500 
0.402859 0.133032 1500 1500 5.76418 1.83943 36.6381 1500 
0.221793 0.643718 1500 1500 0.900515 1500 10.2393 1500 
0.258722 0.585298 1500 1500 1.33459 0.0895299 8.17107 1500 
0.415244 0.054478 1500 1500 8.41083 2.89624 94.6199 1500 
0.258722 0.585241 1500 1500 1.33459 1.54879 8.17107 1500 
0.258722 0.585308 1500 1500 1.33459 1500 8.17107 1500 
0.221794 0.643714 1500 1500 0.900515 0.098609 10.2393 1500 
0.343051 0.375994 1500 1500 2.50666 1500 19.7855 1500 
0.126055 0.701908 1500 1500 0.319197 1.27677 36.9742 1500 
0.277825 0.550995 1500 1500 1.55588 0.124422 9.03908 1500 
0.229459 0.635806 1500 1500 0.900515 1.06503 14.7562 1500 
0.221793 0.643603 1500 1500 0.900515 0.293758 10.2393 1500 
0.221794 0.64372 1500 1500 0.900515 1.54879 10.2393 1500 
0.239362 0.622019 1500 1500 1.05275 0.098609 10.2393 1500 
0.248538 0.602474 1500 1500 1.21283 1.83943 8.17107 1500 
0.382199 0.225132 1500 1500 3.99541 0.055949 27.0283 1500 
0.265453 0.580028 1500 1500 1.33459 0.167354 10.2393 1500 
0.258723 0.585245 1500 1500 1.33459 1500 8.17107 1500 
0.277569 0.551603 1500 1500 1.55197 1500 9.03908 1500 
0.239362 0.621971 1500 1500 1.05275 1500 10.2393 1500 
0.247628 0.60287 1500 1500 1.21283 0.821675 7.9376 1500 
0.247628 0.602781 1500 1500 1.21283 1.83943 7.9376 1500 
0.170766 0.683204 1500 1500 0.568138 1.54879 10.2393 1500 
0.239362 0.622123 1500 1500 1.05275 0.098609 10.2393 1500 
0.247628 0.60278 1500 1500 1.21283 0.0477738 7.9376 1500 
0.124886 0.705606 1500 1500 0.319197 0.077524 30.0063 1500 
0.258722 0.585329 1500 1500 1.33459 0.167354 8.17107 1500 
0.25158 0.601098 1500 1500 1.21283 4.07855 9.03908 1500 
0.317536 0.446777 1500 1500 2.27451 1500 10.2393 1500 
0.265453 0.580028 1500 1500 1.33459 1500 10.2393 1500 
0.221793 0.643687 1500 1500 0.900515 1500 10.2393 1500 
0.221793 0.643611 1500 1500 0.900515 0.098609 10.2393 1500 
0.170766 0.683276 1500 1500 0.568138 1.06503 10.2393 1500 
0.236052 0.623849 1500 1500 1.05275 0.098609 9.03908 1500 
0.247628 0.602719 1500 1500 1.21283 0.167354 7.9376 1500 
0.170766 0.683268 1500 1500 0.568138 0.321988 10.2393 1500 
0.233157 0.624539 1500 1500 1.05275 0.098609 8.17107 1500 
0.38563 0.209848 1500 1500 3.88035 1500 36.9742 1500 
0.231636 0.631055 1500 1500 0.900515 4.07855 16.7291 1500 
0.239362 0.622045 1500 1500 1.05275 1.54879 10.2393 1500 
0.247628 0.602868 1500 1500 1.21283 0.167354 7.9376 1500 
0.255061 0.598445 1500 1500 1.21283 1.83943 10.2393 1500 
0.391528 0.177299 1500 1500 3.99541 1500 52.2809 1500 
0.239362 0.62202 1500 1500 1.05275 1.83943 10.2393 1500 
0.239363 0.621947 1500 1500 1.05275 0.098609 10.2393 1500 
0.239362 0.622098 1500 1500 1.05275 1500 10.2393 1500 
0.239362 0.622063 1500 1500 1.05275 0.098609 10.2393 1500 
0.348744 0.348748 1500 1500 2.50666 38.4631 27.0283 1500 
0.209357 0.653578 1500 1500 0.828309 0.098609 9.03908 1500 
0.221793 0.643679 1500 1500 0.900515 1500 10.2393 1500 
0.359633 0.313338 1500 1500 2.88658 0.0946481 25.8865 1500 
0.277825 0.551086 1500 1500 1.55588 0.098609 9.03908 1500 
0.221793 0.643668 1500 1500 0.900515 1.83943 10.2393 1500 
0.221794 0.643636 1500 1500 0.900515 11.8934 10.2393 1500 
0.281335 0.547653 1500 1500 1.55197 0.098609 10.2393 1500 
0.258722 0.585299 1500 1500 1.33459 0.167354 8.17107 1500 
0.258722 0.585276 1500 1500 1.33459 1500 8.17107 1500 
0.258722 0.585353 1500 1500 1.33459 0.167354 8.17107 1500 
0.236052 0.623913 1500 1500 1.05275 0.098609 9.03908 1500 
0.239362 0.622112 1500 1500 1.05275 1.92775 10.2393 1500 
0.233157 0.624563 1500 1500 1.05275 9.42775 8.17107 1500 
0.221794 0.643652 1500 1500 0.900515 0.098609 10.2393 1500 
0.233157 0.624496 1500 1500 1.05275 1500 8.17107 1500 
0.265453 0.580051 1500 1500 1.33459 0.098609 10.2393 1500 
0.281594 0.547021 1500 1500 1.55588 1500 10.2393 1500 
0.25158 0.601126 1500 1500 1.21283 4.07855 9.03908 1500 
0.265453 0.580172 1500 1500 1.33459 0.167354 10.2393 1500 
0.233157 0.624472 1500 1500 1.05275 0.098609 8.17107 1500 
0.124886 0.705705 1500 1500 0.319197 0.077524 30.0063 1500 
0.221793 0.643686 1500 1500 0.900515 1500 10.2393 1500 
0.239362 0.621974 1500 1500 1.05275 0.098609 10.2393 1500 
0.266021 0.569997 1500 1500 1.44467 0.055949 7.9376 1500 
0.366474 0.268358 1500 1500 2.88658 0.0946481 41.772 1500 
0.391534 0.177146 1500 1500 3.99541 1500 52.2809 1500 
0.239362 0.622075 1500 1500 1.05275 1500 10.2393 1500 
0.383374 0.220758 1500 1500 3.88035 1500 31.8563 1500 
0.258723 0.585248 1500 1500 1.33459 1500 8.17107 1500 
0.343423 0.365573 1500 1500 2.36013 2.13765 27.0283 1500 
0.257783 0.585646 1500 1500 1.33459 1500 7.9376 1500 
0.221794 0.643687 1500 1500 0.900515 4.66619 10.2393 1500 
0.181488 0.677384 1500 1500 0.627482 1500 10.2393 1500 
0.255061 0.598365 1500 1500 1.21283 0.098609 10.2393 1500 
0.239362 0.62207 1500 1500 1.05275 0.098609 10.2393 1500 
0.229744 0.635233 1500 1500 0.900515 1500 14.9904 1500 
0.239362 0.622043 1500 1500 1.05275 1.06503 10.2393 1500 
0.239362 0.62208 1500 1500 1.05275 0.098609 10.2393 1500 
0.221794 0.643629 1500 1500 0.900515 1500 10.2393 1500 
0.231636 0.631035 1500 1500 0.900515 0.167354 16.7291 1500 
0.367724 0.256921 1500 1500 2.88658 0.0946481 46.8231 1500 
0.403018 0.132616 1500 1500 5.76418 1.54879 36.9742 1500 
0.236052 0.623771 1500 1500 1.05275 1.06503 9.03908 1500 
0.309723 0.456591 1500 1500 2.27451 4.07855 8.17107 1500 
0.170766 0.683241 1500 1500 0.568138 1500 10.2393 1500 
0.347995 0.352996 1500 1500 2.50666 1500 25.8239 1500 
0.239362 0.622023 1500 1500 1.05275 76.8204 10.2393 1500 
0.258722 0.585195 1500 1500 1.33459 1.54879 8.17107 1500 
0.25158 0.601 1500 1500 1.21283 1500 9.03908 1500 
0.239362 0.62212 1500 1500 1.05275 1500 10.2393 1500 
0.329623 0.40284 1500 1500 2.63981 0.650408 10.2393 1500 
0.281336 0.547346 1500 1500 1.55197 1500 10.2393 1500 
0.124886 0.705664 1500 1500 0.319197 0.077524 30.0063 1500 
0.258722 0.585296 1500 1500 1.33459 1500 8.17107 1500 
0.247628 0.602757 1500 1500 1.21283 9.42775 7.9376 1500 
0.239362 0.621966 1500 1500 1.05275 1500 10.2393 1500 
0.239362 0.622063 1500 1500 1.05275 1500 10.2393 1500 
0.248539 0.60248 1500 1500 1.21283 1500 8.17107 1500 
0.247628 0.602804 1500 1500 1.21283 0.055949 7.9376 1500 
0.309724 0.456465 1500 1500 2.27451 4.07855 8.17107 1500 
0.239362 0.621966 1500 1500 1.05275 0.0946481 10.2393 1500 
0.309197 0.481737 1500 1500 1.80906 0.124422 16.7291 1500 
0.239362 0.621994 1500 1500 1.05275 0.280846 10.2393 1500 
0.236051 0.623841 1500 1500 1.05275 4.07855 9.03908 1500 
0.221793 0.643634 1500 1500 0.900515 0.430159 10.2393 1500 
0.247628 0.602799 1500 1500 1.21283 0.0644174 7.9376 1500 
0.247628 0.602845 1500 1500 1.21283 0.098609 7.9376 1500 
0.247628 0.602748 1500 1500 1.21283 1500 7.9376 1500 
0.239362 0.62205 1500 1500 1.05275 0.098609 10.2393 1500 
0.281336 0.547396 1500 1500 1.55197 0.098609 10.2393 1500 
0.239362 0.622126 1500 1500 1.05275 0.055949 10.2393 1500 
0.221794 0.64365 1500 1500 0.900515 1500 10.2393 1500 
0.281594 0.546693 1500 1500 1.55588 0.098609 10.2393 1500 
0.233157 0.624593 1500 1500 1.05275 1500 8.17107 1500 
0.281336 0.547479 1500 1500 1.55197 1500 10.2393 1500 
0.25158 0.601025 1500 1500 1.21283 1500 9.03908 1500 
0.277569 0.551582 1500 1500 1.55197 1.06503 9.03908 1500 
0.291264 0.528123 1500 1500 1.55588 1500 14.9904 1500 
0.393723 0.173957 1500 1500 4.24361 0.0946481 46.8231 1500 
0.258722 0.585223 1500 1500 1.33459 0.077524 8.17107 1500 
0.257783 0.585711 1500 1500 1.33459 0.098609 7.9376 1500 
0.221793 0.643736 1500 1500 0.900515 0.555589 10.2393 1500 
0.221794 0.643653 1500 1500 0.900515 0.14976 10.2393 1500 
0.229744 0.635275 1500 1500 0.900515 0.124422 14.9904 1500 
0.187397 0.673643 1500 1500 0.662248 0.167354 10.2393 1500 
0.229744 0.635212 1500 1500 0.900515 11.8934 14.9904 1500 
0.221794 0.643652 1500 1500 0.900515 0.124422 10.2393 1500 
0.221793 0.643641 1500 1500 0.900515 0.098609 10.2393 1500 
0.25158 0.601054 1500 1500 1.21283 0.055949 9.03908 1500 
0.293575 0.520717 1500 1500 1.55588 1500 16.7291 1500 
0.247628 0.602781 1500 1500 1.21283 1500 7.9376 1500 
0.258722 0.585373 1500 1500 1.33459 1500 8.17107 1500 
0.236052 0.623808 1500 1500 1.05275 0.124422 9.03908 1500 
0.126055 0.70185 1500 1500 0.319197 1500 36.9742 1500 
0.239363 0.622047 1500 1500 1.05275 1500 10.2393 1500 
0.372845 0.254687 1500 1500 3.19965 0.167354 36.9742 1500 
0.247628 0.602846 1500 1500 1.21283 0.055949 7.9376 1500 
0.247628 0.602863 1500 1500 1.21283 0.055949 7.9376 1500 
0.182171 0.676932 1500 1500 0.631417 18.2402 10.2393 1500 
0.25158 0.601058 1500 1500 1.21283 0.261444 9.03908 1500 
0.247628 0.602806 1500 1500 1.21283 1.83943 7.9376 1500 
0.170766 0.683224 1500 1500 0.568138 0.124422 10.2393 1500 
0.239362 0.621985 1500 1500 1.05275 0.543802 10.2393 1500 
0.212369 0.653426 1500 1500 0.828309 52.3748 10.2393 1500 
0.239362 0.622105 1500 1500 1.05275 0.648919 10.2393 1500 
0.232661 0.628171 1500 1500 1.02103 1500 9.03908 1500 
0.236052 0.623842 1500 1500 1.05275 0.098609 9.03908 1500 
0.127459 0.7011 1500 1500 0.324015 1500 36.9742 1500 
0.239362 0.622109 1500 1500 1.05275 1.06503 10.2393 1500 
0.258722 0.585194 1500 1500 1.33459 1500 8.17107 1500 
0.22912 0.636431 1500 1500 0.900515 1500 14.4864 1500 
0.221794 0.643702 1500 1500 0.900515 0.098609 10.2393 1500 
0.221794 0.643696 1500 1500 0.900515 1.06503 10.2393 1500 
0.221793 0.643753 1500 1500 0.900515 1500 10.2393 1500 
0.390345 0.18569 1500 1500 3.99541 0.0946481 46.8231 1500 
0.229744 0.63517 1500 1500 0.900515 11.8934 14.9904 1500 
0.258722 0.585223 1500 1500 1.33459 0.167354 8.17107 1500 
0.239362 0.622124 1500 1500 1.05275 0.0638717 10.2393 1500 
0.313353 0.452377 1500 1500 2.27451 11.8934 9.03908 1500 
0.258722 0.585183 1500 1500 1.33459 0.167354 8.17107 1500 
0.320654 0.436306 1500 1500 2.36013 1.06503 10.2393 1500 
0.231636 0.631052 1500 1500 0.900515 1.83943 16.7291 1500 
0.339362 0.3887 1500 1500 2.50666 4.07855 16.7291 1500 
0.221793 0.643619 1500 1500 0.900515 0.098609 10.2393 1500 
0.281336 0.547514 1500 1500 1.55197 0.098609 10.2393 1500 
0.195871 0.667544 1500 1500 0.714927 4.07855 10.2393 1500 
0.309017 0.482363 1500 1500 1.80906 0.167354 16.5873 1500 
0.239362 0.62214 1500 1500 1.05275 1500 10.2393 1500 
0.258722 0.585241 1500 1500 1.33459 0.098609 8.17107 1500 
0.239362 0.621954 1500 1500 1.05275 9.91879 10.2393 1500 
0.170766 0.683232 1500 1500 0.568138 1500 10.2393 1500 
0.126055 0.701872 1500 1500 0.319197 1.83943 36.9742 1500 
0.239362 0.622056 1500 1500 1.05275 0.0946481 10.2393 1500 
0.221793 0.643669 1500 1500 0.900515 1500 10.2393 1500 
0.221794 0.643588 1500 1500 0.900515 52.3748 10.2393 1500 
0.231636 0.631076 1500 1500 0.900515 0.055949 16.7291 1500 
0.124228 0.706929 1500 1500 0.319197 1.27677 27.0283 1500 
0.247628 0.602839 1500 1500 1.21283 1500 7.9376 1500 
0.257783 0.585762 1500 1500 1.33459 1.89641 7.9376 1500 
0.281594 0.546875 1500 1500 1.55588 1500 10.2393 1500 
0.25158 0.601061 1500 1500 1.21283 1500 9.03908 1500 
0.195871 0.667557 1500 1500 0.714927 0.167354 10.2393 1500 
0.281336 0.547334 1500 1500 1.55197 1500 10.2393 1500 
0.190891 0.671196 1500 1500 0.683549 1500 10.2393 1500 
0.281594 0.546853 1500 1500 1.55588 0.0868412 10.2393 1500 
0.239362 0.622029 1500 1500 1.05275 1500 10.2393 1500 
0.26396 0.583622 1500 1500 1.21283 1500 14.9904 1500 
0.248538 0.602439 1500 1500 1.21283 4.07855 8.17107 1500 
0.258722 0.585177 1500 1500 1.33459 0.167354 8.17107 1500 
0.339161 0.389341 1500 1500 2.50666 0.055949 16.5873 1500 
0.247628 0.602815 1500 1500 1.21283 1500 7.9376 1500 
0.239362 0.622063 1500 1500 1.05275 0.543802 10.2393 1500 
0.281595 0.546822 1500 1500 1.55588 1.06503 10.2393 1500 
0.221794 0.643689 1500 1500 0.900515 0.098609 10.2393 1500 
0.265453 0.580027 1500 1500 1.33459 1500 10.2393 1500 
0.258722 0.585287 1500 1500 1.33459 0.167354 8.17107 1500 
0.221794 0.643526 1500 1500 0.900515 11.8934 10.2393 1500 
0.221793 0.643656 1500 1500 0.900515 1500 10.2393 1500 
0.385629 0.209796 1500 1500 3.88035 1500 36.9742 1500 
0.239362 0.622002 1500 1500 1.05275 1500 10.2393 1500 
0.239362 0.622031 1500 1500 1.05275 1500 10.2393 1500 
0.221794 0.643711 1500 1500 0.900515 0.324206 10.2393 1500 
0.258722 0.585245 1500 1500 1.33459 1500 8.17107 1500 
0.247628 0.602816 1500 1500 1.21283 4.07855 7.9376 1500 
0.281595 0.546921 1500 1500 1.55588 0.098609 10.2393 1500 
0.181488 0.677403 1500 1500 0.627482 1500 10.2393 1500 
0.325567 0.418479 1500 1500 2.50666 33.0572 10.2393 1500 
0.221793 0.643667 1500 1500 0.900515 4.66619 10.2393 1500 
0.221793 0.64358 1500 1500 0.900515 0.098609 10.2393 1500 
0.221793 0.643611 1500 1500 0.900515 1.83943 10.2393 1500 
0.258722 0.585252 1500 1500 1.33459 4.66619 8.17107 1500 
0.258722 0.585288 1500 1500 1.33459 1500 8.17107 1500 
0.221793 0.643651 1500 1500 0.900515 4.66619 10.2393 1500 
0.265453 0.580059 1500 1500 1.33459 1500 10.2393 1500 
0.277569 0.551687 1500 1500 1.55197 6.17817 9.03908 1500 
0.221793 0.643648 1500 1500 0.900515 1.54879 10.2393 1500 
0.275822 0.555428 1500 1500 1.52561 1500 9.03908 1500 
0.258722 0.58525 1500 1500 1.33459 18.2402 8.17107 1500 
0.221794 0.643671 1500 1500 0.900515 1500 10.2393 1500 
0.325563 0.418552 1500 1500 2.50666 1500 10.2393 1500 
0.239362 0.622096 1500 1500 1.05275 0.098609 10.2393 1500 
0.319224 0.441265 1500 1500 2.32023 1500 10.2393 1500 
0.221793 0.64366 1500 1500 0.900515 4.07855 10.2393 1500 
0.247628 0.602819 1500 1500 1.21283 4.07855 7.9376 1500 
0.25158 0.601061 1500 1500 1.21283 1500 9.03908 1500 
0.21951 0.646177 1500 1500 0.882473 4.66619 10.2393 1500 
0.27282 0.561694 1500 1500 1.48169 1.70674 9.03908 1500 
0.170766 0.683251 1500 1500 0.568138 0.055949 10.2393 1500 
0.281594 0.546974 1500 1500 1.55588 0.0946481 10.2393 1500 
0.248538 0.602434 1500 1500 1.21283 1500 8.17107 1500 
0.236051 0.623865 1500 1500 1.05275 0.098609 9.03908 1500 
0.170766 0.683219 1500 1500 0.568138 0.098609 10.2393 1500 
0.258722 0.585287 1500 1500 1.33459 1500 8.17107 1500 
0.239362 0.622097 1500 1500 1.05275 4.07855 10.2393 1500 
0.319226 0.440902 1500 1500 2.32023 1.54879 10.2393 1500 
0.296644 0.509864 1500 1500 1.80906 0.430159 10.2393 1500 
0.282841 0.529656 1500 1500 1.33459 18.2402 23.978 1500 
0.406374 0.121504 1500 1500 5.76418 9.91879 46.8231 1500 
0.255061 0.598269 1500 1500 1.21283 1500 10.2393 1500 
0.247628 0.60271 1500 1500 1.21283 0.055949 7.9376 1500 
0.221793 0.643662 1500 1500 0.900515 0.098609 10.2393 1500 
0.309723 0.456393 1500 1500 2.27451 18.6521 8.17107 1500 
0.236052 0.623812 1500 1500 1.05275 0.098609 9.03908 1500 
0.221794 0.643705 1500 1500 0.900515 0.098609 10.2393 1500 
0.233157 0.624634 1500 1500 1.05275 1500 8.17107 1500 
0.258722 0.585241 1500 1500 1.33459 1500 8.17107 1500 
0.255061 0.59835 1500 1500 1.21283 1.83943 10.2393 1500 
0.221793 0.643648 1500 1500 0.900515 0.167354 10.2393 1500 
0.343422 0.36552 1500 1500 2.36013 1500 27.0283 1500 
0.221793 0.643685 1500 1500 0.900515 0.098609 10.2393 1500 
0.221794 0.643662 1500 1500 0.900515 0.098609 10.2393 1500 
0.258721 0.585345 1500 1500 1.33459 4.07855 8.17107 1500 
0.258722 0.585238 1500 1500 1.33459 0.167354 8.17107 1500 
0.379687 0.23542 1500 1500 3.88035 1.83943 25.8239 1500 
0.296643 0.510041 1500 1500 1.80906 0.098609 10.2393 1500 
0.126055 0.701645 1500 1500 0.319197 1500 36.9742 1500 
0.239362 0.622076 1500 1500 1.05275 0.098609 10.2393 1500 
0.221794 0.643595 1500 1500 0.900515 0.167354 10.2393 1500 
0.247627 0.602768 1500 1500 1.21283 0.055949 7.9376 1500 
0.390346 0.185644 1500 1500 3.99541 11.9513 46.8231 1500 
0.247627 0.6028 1500 1500 1.21283 1500 7.9376 1500 
0.313074 0.452595 1500 1500 2.27451 0.450824 8.96761 1500 
0.221793 0.643635 1500 1500 0.900515 1500 10.2393 1500 
0.239362 0.622138 1500 1500 1.05275 31.7248 10.2393 1500 
0.221793 0.643599 1500 1500 0.900515 0.055949 10.2393 1500 
0.204308 0.662149 1500 1500 0.714927 4.07855 16.2173 1500 
0.248539 0.6025 1500 1500 1.21283 1500 8.17107 1500 
0.110652 0.708367 1500 1500 0.285403 0.055949 16.7291 1500 
0.258722 0.585235 1500 1500 1.33459 0.167354 8.17107 1500 
0.221793 0.643642 1500 1500 0.900515 1.06503 10.2393 1500 
0.181489 0.677348 1500 1500 0.627482 1500 10.2393 1500 
0.150577 0.691399 1500 1500 0.467848 2.93038 10.2393 1500 
0.309724 0.456362 1500 1500 2.27451 4.07855 8.17107 1500 
0.126055 0.701808 1500 1500 0.319197 0.0946481 36.9742 1500 
0.402658 0.137477 1500 1500 4.95409 1500 53.841 1500 
0.239362 0.622065 1500 1500 1.05275 0.430159 10.2393 1500 
0.317534 0.446992 1500 1500 2.27451 1500 10.2393 1500 
0.221793 0.643551 1500 1500 0.900515 11.8934 10.2393 1500 
0.221794 0.643723 1500 1500 0.900515 9.91879 10.2393 1500 
0.349593 0.340903 1500 1500 2.48504 4.07855 30.0063 1500 
0.221793 0.64366 1500 1500 0.900515 0.098609 10.2393 1500 
0.221793 0.643699 1500 1500 0.900515 1500 10.2393 1500 
0.25158 0.600996 1500 1500 1.21283 1.06503 9.03908 1500 
0.265453 0.579961 1500 1500 1.33459 0.167354 10.2393 1500 
0.309015 0.482395 1500 1500 1.80906 0.055949 16.5873 1500 
0.127459 0.7012 1500 1500 0.324015 1.06503 36.9742 1500 
0.221793 0.643673 1500 1500 0.900515 1500 10.2393 1500 
0.239362 0.622068 1500 1500 1.05275 0.098609 10.2393 1500 
0.258723 0.585238 1500 1500 1.33459 0.055949 8.17107 1500 
0.258722 0.585171 1500 1500 1.33459 4.07855 8.17107 1500 
0.236052 0.623898 1500 1500 1.05275 0.098609 9.03908 1500 
0.258722 0.585324 1500 1500 1.33459 1500 8.17107 1500 
0.247628 0.602892 1500 1500 1.21283 0.098609 7.9376 1500 
0.282749 0.539663 1500 1500 1.63385 0.098609 9.03908 1500 
0.265452 0.580095 1500 1500 1.33459 0.0543178 10.2393 1500 
0.265453 0.579893 1500 1500 1.33459 0.105466 10.2393 1500 
0.233157 0.62453 1500 1500 1.05275 0.167354 8.17107 1500 
0.190891 0.671208 1500 1500 0.683549 1500 10.2393 1500 
0.221793 0.643695 1500 1500 0.900515 0.098609 10.2393 1500 
0.25158 0.601082 1500 1500 1.21283 4.07855 9.03908 1500 
0.221793 0.643651 1500 1500 0.900515 4.07855 10.2393 1500 
0.239362 0.622166 1500 1500 1.05275 1500 10.2393 1500 
0.221793 0.643713 1500 1500 0.900515 0.430159 10.2393 1500 
0.258722 0.585197 1500 1500 1.33459 0.256409 8.17107 1500 
0.233157 0.62454 1500 1500 1.05275 0.167354 8.17107 1500 
0.26588 0.578396 1500 1500 1.21283 0.0946481 16.5485 1500 
0.233157 0.62454 1500 1500 1.05275 0.167354 8.17107 1500 
