0.94887 0.213006 0.233876 1000 2.66371 
0.94887 0.324756 0.233876 1000 2.66371 
0.94887 1.57794e-06 5.41246 1000 2.66371 
0.94887 1.04871e-15 1000 1000 1000 
0.94887 0.324756 0.233876 1000 2.66371 
0.94887 3.44496e-15 1000 1000 566.074 
0.94887 0.373777 0.233876 1000 1000 
0.94887 0.655895 0.233876 1000 0.495604 
0.94887 4.09743e-06 5.41246 1000 2.66371 
0.94887 0.324756 0.233876 1000 0.1 
0.94887 0.569874 0.233876 1000 235.2 
0.94887 1.14802e-06 5.41246 1000 2.66371 
0.94887 1 0.1 1000 1000 
0.94887 2.98106e-06 5.41246 1000 0.538588 
0.94887 6.24379e-15 1000 1000 0.745535 
0.94887 1 0.233876 1000 0.538588 
0.94887 0.7549 0.233876 1000 2.66371 
0.94887 3.44496e-15 1000 1000 0.134951 
0.94887 0.324756 0.233876 1000 1000 
0.94887 2.98106e-06 5.41246 1000 1000 
0.94887 6.24379e-15 1000 1000 2.66371 
0.94887 0.495135 0.233876 1000 0.134951 
0.94887 0.324756 0.233876 1000 2.66371 
0.94887 0.495135 0.233876 1000 2.66371 
0.94887 3.99265e-05 3.19651 1000 1000 
0.94887 0.00587402 1.42042 1000 1000 
0.94887 0.7075 0.101088 1000 12.2648 
0.94887 0.245158 0.233876 1000 431.656 
0.94887 0.14019 0.443929 1000 0.1 
0.94887 0.773193 0.1 1000 2.66371 
0.94887 3.44496e-15 1000 1000 0.538588 
0.94887 0.86885 0.233876 1000 23.9528 
0.94887 0.569874 0.233876 1000 0.1 
0.94887 0.655895 0.233876 1000 0.538588 
0.94887 0.282164 0.233876 1000 2.66371 
0.94887 5.78615e-16 1000 1000 566.074 
0.94887 0.282164 0.233876 1000 2.66371 
0.94887 0.569874 0.233876 1000 2.66371 
0.94887 0.324756 0.233876 1000 2.66371 
0.94887 4.42106e-07 5.41246 1000 1.89058 
0.94887 1.78312e-05 3.10254 1000 0.745535 
0.94887 1.70257e-07 5.41246 1000 2.66371 
0.94887 6.0767e-07 5.41246 1000 2.66371 
0.94887 0.373777 0.233876 1000 1.78734 
0.94887 0.373777 0.233876 1000 0.495604 
0.94887 0.495135 0.233876 1000 2.66371 
0.94887 0.7549 0.233876 1000 2.66371 
0.94887 6.0767e-07 5.41246 1000 2.66371 
0.94887 0.443623 0.15774 1000 566.074 
0.94887 2.34016e-07 5.41246 1000 0.745535 
