0.883837 0.000285673 455.101 44.1127 0.23245 
0.348653 0.389393 153.51 0.1 0.1 
0.916973 3.46189e-05 1000 157.21 0.314512 
0.746093 0.00545525 119.483 2.42186 0.222793 
0.348653 0.462235 3.27415 0.1 0.1 
0.757397 0.00177793 3.35822 2.8587 0.314512 
0.348653 0.424254 0.542728 0.1 0.1 
0.520085 0.0830906 101.737 0.259289 0.314512 
0.94887 6.33359e-07 1000 1000 0.1 
0.348653 0.424254 257.822 0.1 0.1 
0.520085 0.0850317 101.737 0.259289 0.314512 
0.936673 6.90242e-06 455.101 441.127 0.259994 
0.916973 0.000211517 1000 157.21 0.1 
0.779363 0.00104045 119.483 4.04535 0.561663 
0.573741 0.0772311 1000 0.386579 0.1 
0.936673 2.19318e-05 1000 441.127 0.561663 
0.348653 0.357397 1000 0.1 0.1 
0.348653 0.291974 1000 0.1 0.109221 
0.348653 0.548704 6.61114 0.1 0.1 
0.348653 0.424254 153.51 0.1 0.1 
0.348653 0.32803 0.1 0.1 0.1 
0.936673 4.59419e-06 455.101 441.127 0.23245 
0.348653 0.32803 6.12555 0.1 0.1 
0.746093 0.0108203 119.483 2.42186 0.222793 
0.348653 0.301923 2.45566 0.1 0.14306 
0.348653 0.424254 119.483 0.1 0.1 
0.746093 0.00475384 1000 2.42186 0.222793 
0.348653 0.462235 101.737 0.1 0.1 
0.520085 0.286935 4.08827 0.259289 0.109221 
0.746093 0.0738192 119.483 2.42186 0.222793 
0.746093 0.00626015 11.9483 2.42186 0.222793 
0.936673 6.93421e-06 455.101 441.127 0.23245 
0.757397 0.00244049 455.101 2.8587 0.314512 
0.916973 6.04395e-05 1000 157.21 0.1 
0.746093 0.00824375 119.483 2.42186 0.222793 
0.937188 3.90062e-06 455.101 1000 0.23245 
0.757397 0.00471212 1000 2.8587 0.314512 
0.746093 0.00546122 119.483 2.42186 0.222793 
0.348653 0.424254 3.27415 0.1 0.1 
0.348653 0.301076 1000 0.1 0.1 
0.348653 0.462235 1000 0.1 0.1 
0.348653 0.32803 6.61114 0.1 0.1 
0.94887 2.94382e-07 1000 1000 0.1 
0.520085 0.09848 1000 0.259289 0.314512 
0.348653 0.357397 6.61114 0.1 0.1 
0.348653 0.389393 3.27415 0.1 0.1 
0.348653 0.389393 6.61114 0.1 0.1 
0.94887 2.97228e-08 1000 1000 0.1 
0.348653 0.301076 1000 0.1 0.1 
0.94887 9.55229e-07 1000 1000 0.109221 
