0.21295 0.25088 0.116193 1.10108 1000 
0.20875 0.251023 0.116193 1.10108 1000 
0.041 0.046236 0.116193 3.72858 1000 
0.00105 0.0203252 0.362782 3.72858 0.341441 
0.0802 0.119104 0.116193 1.10108 1000 
0.00615 0.0315571 0.362782 1.10108 0.341441 
0.06795 0.0860991 0.116193 0.536973 1000 
0.00775 0.00771605 5.7604 1.10108 1000 
0.0036 0.0171233 1.1151 0.936416 0.599383 
0.00145 0.0191467 0.1 1.10108 0.187964 
0.07085 0.0913981 0.116193 1.10108 1000 
0.0999 0.125128 0.116193 1.10108 1000 
0.01415 0.0898838 0.1 1.84927 0.599383 
0.0287 0.0682971 0.553278 0.174574 1000 
0.0084 0.0247525 0.911138 0.547022 0.599383 
0.13455 0.151674 0.116193 1.10108 1000 
0.02955 0.0474904 0.362782 1.10108 1000 
0.04565 0.0596603 0.553278 2.68893 6.22069 
0 0 1.1151 1.10108 0.599383 
0.0083 0.0249369 0.116193 1.84927 0.599383 
0.02085 0.0290361 0.553278 2.41831 2.18925 
0 0 0.217196 1000 0.599383 
0.02205 0.0248837 0.362782 2.16868 6.22069 
0.00445 0.0236152 1.1151 1.10108 0.599383 
0 0 0.553278 2.68893 0.599383 
0.004 0.00631313 0.911138 0.547022 0.599383 
0.00205 0.0284756 0.553278 1.10108 0.601047 
0.0321 0.0477581 0.362782 1.10108 1000 
0 0 0.116193 1.10108 0.187964 
0 0 0.116193 1000 0.125375 
0.0879 0.0966842 0.362782 1.10108 1000 
0.0024 0.0707839 0.116193 1.10108 0.303547 
0.0267 0.0267942 0.553278 1.10108 1000 
0.00165 0.0471072 0.116193 1.10108 0.436265 
0 0 133.901 1.32518 1000 
0 0 0.217196 1000 0.125375 
0 0 0.217196 1000 0.125375 
0.01145 0.0761834 0.116193 0.547022 0.599383 
0.1002 0.125429 0.116193 1.10108 1000 
0.1001 0.136901 0.116193 1.10108 1000 
0.02925 0.0363341 0.553278 0.536973 1000 
0.12315 0.15407 0.116193 3.72858 1000 
0.0084 0.0213464 0.231132 0.936416 0.599383 
0.1406 0.1607 0.116193 1.10108 1000 
0.00445 0.0254942 0.911138 1.10108 0.599383 
0 0 0.911138 0.547022 0.599383 
0.0564 0.0630894 0.217196 1000 1000 
0.0073 0.00735294 2.06968 3.72858 1000 
0 0 89.641 2.68893 7.17971 
0.02555 0.0678777 0.116193 1.10108 2.29209 
0.0105 0.100083 0.116193 1.84927 0.599383 
0.01445 0.0570825 0.116193 1.10108 0.599383 
0 0 0.553278 1.84927 0.125375 
0.03425 0.0405292 0.362782 1.10108 14.4946 
0.0948 0.10446 0.116193 1.10108 1000 
0.1602 0.176092 0.116193 3.72858 1000 
0.0034 0.0128866 0.217196 1000 2.43939 
0.00495 0.0401036 0.116193 0.936416 0.599383 
0.00445 0.0470634 0.116193 1.10108 0.303547 
0.0011 0.00880282 0.553278 2.68893 0.191147 
