0.799708 0.47451 0.177148 100000 8.4329 
0.814178 0.459444 0.0970847 100000 8.48364 
0.991459 0.0450197 0.0447012 100000 216.133 
0.91586 0.311674 0.0915814 100000 20.3399 
0.568198 0.572084 0.407886 100000 3.67478 
0.617926 0.56156 0.362274 100000 4.28128 
0.994485 0.0261512 0.0468091 100000 383.416 
0.987874 0.0644251 0.12054 100000 159.669 
0.935124 0.263447 0.066739 100000 26.0781 
0.982069 0.0936642 0.1085 100000 104.025 
0.919519 0.299544 0.223997 100000 24.4084 
0.994738 0.0242873 0.0495433 100000 415.468 
0.895738 0.352251 0.166438 100000 17.4556 
0.982787 0.0903475 0.0636125 100000 103.246 
0.568198 0.572084 0.407886 100000 3.67478 
0.414889 0.589694 0.698831 100000 2.48328 
0.991459 0.0450197 0.0447012 100000 216.133 
0.676562 0.539924 0.181327 100000 4.63057 
0.946107 0.231854 0.105792 100000 33.0786 
0.568198 0.572084 0.407886 100000 3.67478 
0.982069 0.0936642 0.1085 100000 104.025 
0.992551 0.0386166 0.066739 100000 261.468 
0.963322 0.173243 0.079825 100000 47.9831 
0.983005 0.0892823 0.0919616 100000 108.044 
0.898507 0.343344 0.245221 100000 19.3951 
0.995727 0.0144464 0.0444537 100000 704.504 
0.799708 0.47451 0.177148 100000 8.4329 
0.766418 0.498688 0.276414 100000 7.68176 
0.414889 0.589694 0.698831 100000 2.48328 
0.556094 0.573455 0.556891 100000 3.88926 
0.85597 0.415181 0.155029 100000 12.0702 
0.848849 0.422467 0.230801 100000 12.3042 
0.995583 0.0158609 0.0788491 100000 667.458 
0.955821 0.199612 0.0493264 100000 38.2165 
0.960061 0.184651 0.0468091 100000 42.3147 
0.301195 0.592874 1.57675 100000 0.965333 
0.954886 0.203144 0.0617242 100000 37.9267 
0.792024 0.480631 0.223997 100000 8.4329 
0.919519 0.299544 0.223997 100000 24.4084 
0.568198 0.572084 0.407886 100000 3.67478 
0.292576 0.593599 1.35339 100000 1.33322 
0.982787 0.0903475 0.0636125 100000 103.246 
0.589444 0.568138 0.411261 100000 3.98686 
0.617926 0.56156 0.362274 100000 4.28128 
0.895738 0.352251 0.166438 100000 17.4556 
0.772587 0.4923 0.115935 100000 6.8031 
0.995551 0.0159968 609.824 100000 0.0613052 
0.983057 0.0889023 0.1085 100000 110.382 
0.975827 0.122209 0.0509232 100000 71.4814 
0.568198 0.572084 0.407886 100000 3.67478 
0.995727 0.0144511 0.0447012 100000 704.504 
0.576492 0.570509 0.479476 100000 3.98686 
0.556094 0.573455 0.556891 100000 3.88926 
0.985172 0.0780041 0.14167 100000 131.683 
0.988834 0.059135 0.135177 100000 177.538 
0.766418 0.498688 0.276414 100000 7.68176 
0.982069 0.0936642 0.1085 100000 104.025 
0.995766 0.0131245 0.0470272 100000 779.902 
0.995574 0.015992 0.0788491 100000 661.846 
0.969643 0.148445 0.0636125 100000 57.3048 
0.676562 0.539924 0.181327 100000 4.63057 
0.994738 0.0242873 0.0495433 100000 415.468 
0.984459 0.0820249 0.107096 100000 120.702 
0.556094 0.573455 0.556891 100000 3.88926 
0.956997 0.19597 0.114181 100000 42.235 
0.960061 0.184651 0.0468091 100000 42.3147 
0.929379 0.271911 0.276414 100000 29.4486 
0.983016 0.0892643 0.084735 100000 107.241 
0.994461 0.0263175 0.0493264 100000 382.165 
0.701064 0.534017 0.32136 100000 5.83032 
0.992551 0.0386166 0.066739 100000 261.468 
0.856272 0.414581 0.171797 100000 12.3042 
0.993206 0.0345266 0.0789831 100000 298.296 
0.914813 0.314119 0.103788 100000 20.3399 
0.556094 0.573455 0.556891 100000 3.88926 
0.741156 0.51255 0.153863 100000 6.02572 
0.758969 0.50236 0.32136 100000 7.68176 
0.994485 0.0261512 0.0468091 100000 383.416 
0.792024 0.480631 0.223997 100000 8.4329 
0.799708 0.47451 0.177148 100000 8.4329 
0.799708 0.47451 0.177148 100000 8.4329 
0.995583 0.0158609 0.0788491 100000 667.458 
0.86291 0.405308 0.101904 100000 12.0702 
0.918159 0.306052 0.0728059 100000 20.5214 
0.801603 0.472874 0.171797 100000 8.48364 
0.292576 0.593599 1.35339 100000 1.33322 
0.982069 0.0936642 0.1085 100000 104.025 
0.568198 0.572084 0.407886 100000 3.67478 
0.995543 0.0171383 0.0468091 100000 593.094 
0.898507 0.343344 0.245221 100000 19.3951 
0.301195 0.592874 1.57675 100000 0.965333 
0.482509 0.578694 0.362274 100000 2.613 
0.983005 0.0892823 0.0919616 100000 108.044 
0.663752 0.548336 0.324575 100000 4.98528 
0.93785 0.255281 0.153863 100000 29.957 
0.734925 0.517961 0.223846 100000 6.2543 
0.995686 0.0152282 0.0444537 100000 667.458 
0.83426 0.439526 0.0919616 100000 9.63168 
0.772587 0.4923 0.115935 100000 6.8031 
0.960061 0.184651 0.0468091 100000 42.3147 
0.556094 0.573455 0.556891 100000 3.88926 
0.814178 0.459444 0.0970847 100000 8.48364 
0.99054 0.0501895 0.0915814 100000 203.399 
0.935403 0.262128 0.153863 100000 28.7622 
0.994121 0.0286292 0.0625926 100000 356.007 
0.414889 0.589694 0.698831 100000 2.48328 
0.457335 0.583411 2.63722 100000 0.506263 
0.405767 0.590183 0.698831 100000 2.39541 
0.617926 0.56156 0.362274 100000 4.28128 
0.914953 0.313799 0.102152 100000 20.3399 
0.665509 0.546489 0.415143 100000 5.39331 
0.978947 0.108402 0.0636125 100000 83.7028 
0.988226 0.0628126 0.0919616 100000 159.669 
0.995765 0.0121711 0.0495433 100000 845.217 
0.758969 0.50236 0.32136 100000 7.68176 
0.898507 0.343344 0.245221 100000 19.3951 
0.711764 0.52938 0.303174 100000 6.02386 
0.707129 0.530388 0.362274 100000 6.19431 
0.960061 0.184651 0.0468091 100000 42.3147 
0.987163 0.0683768 0.0509232 100000 138.712 
0.792024 0.480631 0.223997 100000 8.4329 
0.983716 0.0857446 0.0526503 100000 108.044 
0.845043 0.428044 0.103788 100000 10.5343 
0.969643 0.148445 0.0636125 100000 57.3048 
0.301195 0.592874 1.57675 100000 0.965333 
0.487057 0.57859 3.36353 100000 0.744411 
0.568198 0.572084 0.407886 100000 3.67478 
0.984139 0.0830813 0.144885 100000 123.042 
0.576492 0.570509 0.479476 100000 3.98686 
0.994926 0.0228272 0.0495433 100000 443.001 
0.691017 0.53744 0.230801 100000 5.15676 
0.979729 0.104601 0.0468091 100000 85.3897 
0.835092 0.43833 0.0866612 100000 9.63168 
0.995653 0.0155208 0.0529134 100000 661.846 
0.987874 0.0644251 0.12054 100000 159.669 
0.991459 0.0450197 0.0447012 100000 216.133 
0.772587 0.4923 0.115935 100000 6.8031 
0.556094 0.573455 0.556891 100000 3.88926 
0.995622 0.0156303 0.0656716 100000 667.458 
0.741156 0.51255 0.153863 100000 6.02572 
0.568198 0.572084 0.407886 100000 3.67478 
0.919519 0.299544 0.223997 100000 24.4084 
0.414889 0.589694 0.698831 100000 2.48328 
0.292576 0.593599 1.35339 100000 1.33322 
0.987777 0.0648377 0.128392 100000 159.669 
0.991459 0.0450197 0.0447012 100000 216.133 
0.793803 0.478197 0.131715 100000 7.78195 
0.919519 0.299544 0.223997 100000 24.4084 
0.993206 0.0345266 0.0789831 100000 298.296 
0.445787 0.587119 0.569878 100000 2.613 
0.983214 0.0881267 0.0474159 100000 104.025 
0.301195 0.592874 1.57675 100000 0.965333 
0.946107 0.231854 0.105792 100000 33.0786 
0.793803 0.478197 0.131715 100000 7.78195 
0.676562 0.539924 0.181327 100000 4.63057 
0.983864 0.0849182 0.0444537 100000 108.044 
0.944617 0.236378 0.0788491 100000 31.2138 
0.791309 0.48087 0.153863 100000 7.84616 
0.903108 0.338438 0.084735 100000 17.3452 
0.929379 0.271911 0.276414 100000 29.4486 
0.993956 0.0291261 0.131845 100000 375.077 
0.540779 0.576333 0.556891 100000 3.67478 
0.995583 0.0158609 0.0788491 100000 667.458 
0.99562 0.015722 0.0636125 100000 661.846 
0.901448 0.341792 0.144885 100000 18.154 
0.992702 0.0377125 0.0468091 100000 261.468 
0.927767 0.274218 0.303174 100000 29.4486 
0.405767 0.590183 0.698831 100000 2.39541 
0.995551 0.0159968 609.824 100000 0.0613052 
0.983716 0.0857446 0.0526503 100000 108.044 
0.711764 0.52938 0.303174 100000 6.02386 
0.995686 0.0152282 0.0444537 100000 667.458 
0.988961 0.0587519 0.1085 100000 174.556 
0.994806 0.0237788 0.0468091 100000 423.147 
0.941343 0.246233 0.0962364 100000 29.957 
0.556094 0.573455 0.556891 100000 3.88926 
0.405767 0.590183 0.698831 100000 2.39541 
0.969643 0.148445 0.0636125 100000 57.3048 
0.960061 0.184651 0.0468091 100000 42.3147 
0.982226 0.0925419 0.135177 100000 108.044 
0.734925 0.517961 0.223846 100000 6.2543 
0.637979 0.556279 0.362274 100000 4.63057 
0.991788 0.0429191 0.107147 100000 244.084 
0.825046 0.45098 0.153863 100000 9.65523 
0.960061 0.184651 0.0468091 100000 42.3147 
0.405767 0.590183 0.698831 100000 2.39541 
0.990321 0.051238 0.114181 100000 203.399 
0.949244 0.220113 0.177148 100000 37.9267 
0.85016 0.42142 0.0919616 100000 10.8044 
0.556094 0.573455 0.556891 100000 3.88926 
0.755859 0.505746 0.272226 100000 7.2459 
0.617926 0.56156 0.362274 100000 4.28128 
0.676562 0.539924 0.181327 100000 4.63057 
0.955821 0.199612 0.0493264 100000 38.2165 
0.939164 0.252415 0.115935 100000 29.4486 
0.994754 0.0241008 0.059442 100000 424.078 
0.301195 0.592874 1.57675 100000 0.965333 
0.983005 0.0892823 0.0919616 100000 108.044 
0.85016 0.42142 0.0919616 100000 10.8044 
0.991443 0.0451315 0.0728059 100000 223.223 
0.815056 0.458324 0.0919616 100000 8.48364 
0.992551 0.0386166 0.066739 100000 261.468 
0.441639 0.587704 0.602749 100000 2.62013 
0.990975 0.0477838 0.0468091 100000 203.399 
0.856272 0.414581 0.171797 100000 12.3042 
0.895738 0.352251 0.166438 100000 17.4556 
0.568198 0.572084 0.407886 100000 3.67478 
0.987163 0.0683768 0.0509232 100000 138.712 
0.617926 0.56156 0.362274 100000 4.28128 
0.880687 0.377326 0.0636125 100000 13.5009 
0.995044 0.0219118 0.0447012 100000 459.191 
0.994461 0.0263175 0.0493264 100000 382.165 
0.995685 0.0151629 0.0470272 100000 672.707 
0.975827 0.122209 0.0509232 100000 71.4814 
0.917466 0.306276 0.0444537 100000 19.6936 
0.71689 0.527154 0.276414 100000 6.02572 
0.792024 0.480631 0.223997 100000 8.4329 
0.482509 0.578694 0.362274 100000 2.613 
0.816989 0.457449 0.107096 100000 8.72908 
0.99201 0.0417987 0.079825 100000 244.084 
0.652943 0.551121 0.279096 100000 4.59177 
0.955821 0.199612 0.0493264 100000 38.2165 
0.617926 0.56156 0.362274 100000 4.28128 
0.982856 0.0899902 0.0599582 100000 103.246 
0.568198 0.572084 0.407886 100000 3.67478 
0.556094 0.573455 0.556891 100000 3.88926 
0.292576 0.593599 1.35339 100000 1.33322 
0.983057 0.0889023 0.1085 100000 110.382 
0.831598 0.443145 0.223997 100000 10.8044 
0.568198 0.572084 0.407886 100000 3.67478 
0.990998 0.0476424 0.0444537 100000 203.399 
0.405767 0.590183 0.698831 100000 2.39541 
0.799708 0.47451 0.177148 100000 8.4329 
0.988189 0.0630616 0.0636125 100000 154.013 
0.994496 0.0260803 0.0447012 100000 383.416 
0.734925 0.517961 0.223846 100000 6.2543 
0.994224 0.027986 0.0440635 100000 356.007 
0.988834 0.059135 0.135177 100000 177.538 
0.772587 0.4923 0.115935 100000 6.8031 
0.83426 0.439526 0.0919616 100000 9.63168 
0.455083 0.585696 0.515754 100000 2.62013 
0.592674 0.567044 0.362274 100000 3.88926 
0.405767 0.590183 0.698831 100000 2.39541 
0.992702 0.0377125 0.0468091 100000 261.468 
0.936784 0.258881 0.131845 100000 28.7622 
0.918769 0.304406 0.0656716 100000 20.5214 
0.982069 0.0936642 0.1085 100000 104.025 
0.799708 0.47451 0.177148 100000 8.4329 
0.993618 0.0320008 0.0447012 100000 309.802 
0.982748 0.0905461 0.0656716 100000 103.246 
0.985494 0.0769168 0.0529134 100000 122.084 
0.301195 0.592874 1.57675 100000 0.965333 
0.788173 0.483645 0.171797 100000 7.84616 
0.994806 0.0237788 0.0468091 100000 423.147 
0.984543 0.0816537 0.101904 100000 120.702 
0.990795 0.0488332 0.0728059 100000 205.214 
0.637979 0.556279 0.362274 100000 4.63057 
0.799708 0.47451 0.177148 100000 8.4329 
0.983005 0.0892823 0.0919616 100000 108.044 
0.995434 0.0180898 0.0636125 100000 573.048 
0.9818 0.0948661 0.115935 100000 103.246 
0.985844 0.0750564 0.1085 100000 133.448 
0.994806 0.0237788 0.0468091 100000 423.147 
0.949244 0.220113 0.177148 100000 37.9267 
0.984139 0.0830813 0.144885 100000 123.042 
0.414889 0.589694 0.698831 100000 2.48328 
0.991459 0.0450197 0.0447012 100000 216.133 
0.676562 0.539924 0.181327 100000 4.63057 
0.741156 0.51255 0.153863 100000 6.02572 
0.983864 0.0849182 0.0444537 100000 108.044 
0.787589 0.48369 0.153863 100000 7.68176 
0.986609 0.0712917 0.0599582 100000 134.005 
0.691017 0.53744 0.230801 100000 5.15676 
0.978947 0.108402 0.0636125 100000 83.7028 
0.99372 0.0309989 0.105792 100000 343.27 
0.995583 0.0158609 0.0788491 100000 667.458 
0.572034 0.571184 0.388702 100000 3.67478 
0.938184 0.254933 0.131845 100000 29.4486 
0.969643 0.148445 0.0636125 100000 57.3048 
0.791309 0.48087 0.153863 100000 7.84616 
0.821508 0.454591 0.177148 100000 9.65523 
0.301195 0.592874 1.57675 100000 0.965333 
0.778045 0.491281 0.230801 100000 7.84616 
0.955821 0.199612 0.0493264 100000 38.2165 
0.982614 0.0909895 0.113673 100000 108.044 
0.734925 0.517961 0.223846 100000 6.2543 
0.556094 0.573455 0.556891 100000 3.88926 
0.99467 0.0247031 0.0636125 100000 415.468 
0.991459 0.0450197 0.0447012 100000 216.133 
0.772587 0.4923 0.115935 100000 6.8031 
0.914953 0.313799 0.102152 100000 20.3399 
0.994485 0.0261512 0.0468091 100000 383.416 
0.665509 0.546489 0.415143 100000 5.39331 
0.992458 0.0391318 0.0789831 100000 261.468 
0.90755 0.32958 0.135177 100000 19.2575 
0.971178 0.138815 0.223997 100000 71.4814 
0.99577 0.0120078 0.0468091 100000 853.897 
0.907789 0.328898 0.144885 100000 19.5063 
0.983716 0.0857446 0.0526503 100000 108.044 
0.994738 0.0242873 0.0495433 100000 415.468 
0.983016 0.0892643 0.084735 100000 107.241 
0.839583 0.43528 0.166438 100000 10.8044 
0.445787 0.587119 0.569878 100000 2.613 
0.994738 0.0242873 0.0495433 100000 415.468 
0.832099 0.442496 0.105792 100000 9.63168 
0.983005 0.0892823 0.0919616 100000 108.044 
0.969643 0.148445 0.0636125 100000 57.3048 
0.965545 0.164643 0.1085 100000 52.8267 
0.862432 0.406286 0.166438 100000 12.8557 
0.568198 0.572084 0.407886 100000 3.67478 
0.919519 0.299544 0.223997 100000 24.4084 
0.794723 0.476629 0.114181 100000 7.68176 
0.707129 0.530388 0.362274 100000 6.19431 
0.445787 0.587119 0.569878 100000 2.613 
0.994787 0.0239029 0.0509232 100000 423.147 
0.995653 0.0155208 0.0529134 100000 661.846 
0.994754 0.0241008 0.059442 100000 424.078 
0.405767 0.590183 0.698831 100000 2.39541 
0.983461 0.0870878 0.066739 100000 108.044 
0.935124 0.263447 0.066739 100000 26.0781 
0.995766 0.0131245 0.0470272 100000 779.902 
0.995583 0.0158609 0.0788491 100000 667.458 
0.301195 0.592874 1.57675 100000 0.965333 
0.799708 0.47451 0.177148 100000 8.4329 
0.445787 0.587119 0.569878 100000 2.613 
0.991237 0.0462318 0.0919616 100000 222.147 
0.994485 0.0261512 0.0468091 100000 383.416 
0.568198 0.572084 0.407886 100000 3.67478 
0.986529 0.0716602 0.0526163 100000 132.01 
0.711832 0.529348 0.303174 100000 6.02572 
0.799708 0.47451 0.177148 100000 8.4329 
0.992702 0.0377125 0.0468091 100000 261.468 
0.556094 0.573455 0.556891 100000 3.88926 
0.445787 0.587119 0.569878 100000 2.613 
0.909164 0.326384 0.1085 100000 19.0814 
0.814178 0.459444 0.0970847 100000 8.48364 
0.568198 0.572084 0.407886 100000 3.67478 
0.946107 0.231854 0.105792 100000 33.0786 
0.825046 0.45098 0.153863 100000 9.65523 
0.568198 0.572084 0.407886 100000 3.67478 
0.995583 0.0158609 0.0788491 100000 667.458 
0.676562 0.539924 0.181327 100000 4.63057 
0.414889 0.589694 0.698831 100000 2.48328 
0.958081 0.192355 0.0914438 100000 42.3147 
0.992702 0.0377125 0.0468091 100000 261.468 
0.995574 0.015992 0.0788491 100000 661.846 
0.683946 0.539164 0.415143 100000 5.83032 
0.987874 0.0644251 0.12054 100000 159.669 
0.617926 0.56156 0.362274 100000 4.28128 
0.806084 0.468592 0.144885 100000 8.48364 
0.799708 0.47451 0.177148 100000 8.4329 
0.992551 0.0386166 0.066739 100000 261.468 
0.652943 0.551121 0.279096 100000 4.59177 
0.991439 0.0451692 0.059442 100000 219.511 
0.540779 0.576333 0.556891 100000 3.67478 
0.988808 0.0596659 0.0447012 100000 159.669 
0.927344 0.274794 0.310229 100000 29.4486 
0.991459 0.0450197 0.0447012 100000 216.133 
0.984543 0.0816537 0.101904 100000 120.702 
0.414889 0.589694 0.698831 100000 2.48328 
0.994224 0.027986 0.0440635 100000 356.007 
0.893581 0.355444 0.0617242 100000 15.27 
0.994461 0.0263175 0.0493264 100000 382.165 
0.676562 0.539924 0.181327 100000 4.63057 
0.990282 0.0516929 0.0789831 100000 194.418 
0.771329 0.496052 0.230801 100000 7.56625 
0.994121 0.0286292 0.0625926 100000 356.007 
0.995366 0.0188254 0.0617242 100000 548.778 
0.621576 0.560069 0.317003 100000 4.18803 
0.83426 0.439526 0.0919616 100000 9.63168 
0.734925 0.517961 0.223846 100000 6.2543 
0.985555 0.0766894 0.066739 100000 124.609 
0.91714 0.308672 0.084735 100000 20.5214 
0.984603 0.0813863 0.0982299 100000 120.702 
0.987319 0.0671888 0.13179 100000 154.013 
0.987437 0.0658191 0.177148 100000 163.233 
0.99201 0.0417987 0.079825 100000 244.084 
0.985736 0.075611 0.0444537 100000 123.042 
0.568198 0.572084 0.407886 100000 3.67478 
0.766418 0.498688 0.276414 100000 7.68176 
0.414889 0.589694 0.698831 100000 2.48328 
0.983776 0.0854137 0.0493264 100000 108.044 
0.959315 0.187756 0.0636125 100000 42.3147 
0.983465 0.087066 0.066502 100000 108.044 
0.808419 0.466154 0.130991 100000 8.48364 
0.825046 0.45098 0.153863 100000 9.65523 
0.772587 0.4923 0.115935 100000 6.8031 
0.825046 0.45098 0.153863 100000 9.65523 
0.945961 0.231899 0.0599582 100000 31.3545 
0.799708 0.47451 0.177148 100000 8.4329 
0.676562 0.539924 0.181327 100000 4.63057 
0.991459 0.0450197 0.0447012 100000 216.133 
0.608886 0.563798 0.407886 100000 4.28128 
0.993597 0.0321283 0.053608 100000 312.138 
0.941343 0.246233 0.0962364 100000 29.957 
0.99364 0.0318245 0.0636125 100000 319.181 
0.984139 0.0830813 0.144885 100000 123.042 
0.955201 0.202271 0.107147 100000 40.1705 
0.984738 0.0806346 0.107147 100000 123.042 
0.301195 0.592874 1.57675 100000 0.965333 
0.99201 0.0417987 0.079825 100000 244.084 
0.801603 0.472874 0.171797 100000 8.48364 
0.994754 0.0241008 0.059442 100000 424.078 
0.991716 0.0432603 0.116097 100000 244.084 
0.690686 0.538424 0.319621 100000 5.56306 
0.985883 0.0748797 0.105792 100000 133.448 
0.810828 0.463661 0.246098 100000 9.63168 
0.803589 0.470931 0.153863 100000 8.4329 
0.959818 0.185543 0.135177 100000 46.3369 
0.568198 0.572084 0.407886 100000 3.67478 
0.849698 0.421656 0.223997 100000 12.3042 
0.994485 0.0261512 0.0468091 100000 383.416 
0.989167 0.0577976 0.084735 100000 173.452 
0.984543 0.0816537 0.101904 100000 120.702 
0.982379 0.0923108 0.0919616 100000 104.025 
0.990009 0.0530665 0.103788 100000 193.951 
0.983716 0.0857446 0.0526503 100000 108.044 
0.904085 0.335433 0.181327 100000 19.3951 
0.414889 0.589694 0.698831 100000 2.48328 
0.626341 0.559024 0.32136 100000 4.28128 
0.828422 0.44718 0.131845 100000 9.65523 
0.903108 0.338438 0.084735 100000 17.3452 
0.799708 0.47451 0.177148 100000 8.4329 
0.785995 0.484046 0.131715 100000 7.44322 
0.987321 0.0666372 0.165471 100000 159.669 
0.884734 0.371999 0.0915814 100000 14.4642 
0.85597 0.415181 0.155029 100000 12.0702 
0.994485 0.0261512 0.0468091 100000 383.416 
0.772587 0.4923 0.115935 100000 6.8031 
0.988961 0.0587519 0.1085 100000 174.556 
0.815056 0.458324 0.0919616 100000 8.48364 
0.482509 0.578694 0.362274 100000 2.613 
0.994806 0.0237788 0.0468091 100000 423.147 
0.956997 0.19597 0.114181 100000 42.235 
0.984705 0.0808463 0.102152 100000 122.084 
0.994461 0.0263175 0.0493264 100000 382.165 
0.455083 0.585696 0.515754 100000 2.62013 
0.487057 0.57859 3.36353 100000 0.744411 
0.995035 0.0219716 0.0468091 100000 459.191 
0.990652 0.0496294 0.0526503 100000 196.817 
0.799708 0.47451 0.177148 100000 8.4329 
0.941906 0.243663 0.0493264 100000 28.7147 
0.994912 0.022916 0.0526503 100000 443.001 
0.994224 0.027986 0.0440635 100000 356.007 
0.691017 0.53744 0.230801 100000 5.15676 
0.405767 0.590183 0.698831 100000 2.39541 
0.987862 0.0647804 0.0599582 100000 148.885 
0.726045 0.522687 0.270463 100000 6.2543 
0.976686 0.118308 0.0447012 100000 73.6758 
0.9818 0.0948661 0.115935 100000 103.246 
0.592674 0.567044 0.362274 100000 3.88926 
0.987874 0.0644251 0.12054 100000 159.669 
0.405767 0.590183 0.698831 100000 2.39541 
0.988834 0.059135 0.135177 100000 177.538 
0.556094 0.573455 0.556891 100000 3.88926 
0.901616 0.341725 0.105792 100000 17.4556 
0.788173 0.483645 0.171797 100000 7.84616 
0.960061 0.184651 0.0468091 100000 42.3147 
0.734925 0.517961 0.223846 100000 6.2543 
0.772587 0.4923 0.115935 100000 6.8031 
0.932395 0.269971 0.0468091 100000 24.4084 
0.676562 0.539924 0.181327 100000 4.63057 
0.405767 0.590183 0.698831 100000 2.39541 
0.993602 0.0321011 0.0529134 100000 312.138 
0.93534 0.262763 0.0636125 100000 26.0781 
0.995727 0.0144511 0.0447012 100000 704.504 
0.301195 0.592874 1.57675 100000 0.965333 
0.995653 0.0155208 0.0529134 100000 661.846 
0.825046 0.45098 0.153863 100000 9.65523 
0.954045 0.206246 0.0788491 100000 37.9267 
0.994274 0.0274545 0.0797003 100000 379.267 
0.701064 0.534017 0.32136 100000 5.83032 
0.637979 0.556279 0.362274 100000 4.63057 
0.405767 0.590183 0.698831 100000 2.39541 
0.576492 0.570509 0.479476 100000 3.98686 
0.991788 0.0429191 0.107147 100000 244.084 
0.748007 0.507899 0.135177 100000 6.11517 
0.867205 0.398773 0.0868406 100000 12.3042 
0.7476 0.510263 0.181327 100000 6.38999 
0.994474 0.0262336 0.0468091 100000 382.165 
0.568198 0.572084 0.407886 100000 3.67478 
0.989629 0.0552667 0.0493264 100000 174.556 
0.792024 0.480631 0.223997 100000 8.4329 
0.994718 0.0243279 0.0656716 100000 423.147 
0.815056 0.458324 0.0919616 100000 8.48364 
0.990438 0.0506917 0.102152 100000 203.399 
0.946107 0.231854 0.105792 100000 33.0786 
0.954886 0.203144 0.0617242 100000 37.9267 
0.991459 0.0450197 0.0447012 100000 216.133 
0.954886 0.203144 0.0617242 100000 37.9267 
0.990863 0.0484542 0.0656716 100000 205.214 
0.711764 0.52938 0.303174 100000 6.02386 
0.482509 0.578694 0.362274 100000 2.613 
0.815056 0.458324 0.0919616 100000 8.48364 
0.648549 0.552854 0.303174 100000 4.60414 
0.414889 0.589694 0.698831 100000 2.48328 
0.772587 0.4923 0.115935 100000 6.8031 
0.99201 0.0417987 0.079825 100000 244.084 
0.994121 0.0286292 0.0625926 100000 356.007 
0.990812 0.0487457 0.0636125 100000 203.399 
0.987163 0.0683768 0.0509232 100000 138.712 
0.576492 0.570509 0.479476 100000 3.98686 
0.772587 0.4923 0.115935 100000 6.8031 
0.755859 0.505746 0.272226 100000 7.2459 
0.617926 0.56156 0.362274 100000 4.28128 
0.985844 0.0750564 0.1085 100000 133.448 
0.7794 0.488406 0.303174 100000 8.4329 
0.995446 0.0180121 0.0599582 100000 573.048 
0.993114 0.0349883 0.0962364 100000 299.57 
0.994978 0.0223306 0.0599582 100000 459.191 
0.992934 0.0359366 0.115935 100000 296.848 
0.994485 0.0261512 0.0468091 100000 383.416 
0.292576 0.593599 1.35339 100000 1.33322 
0.301195 0.592874 1.57675 100000 0.965333 
0.799708 0.47451 0.177148 100000 8.4329 
0.814178 0.459444 0.0970847 100000 8.48364 
0.71689 0.527154 0.276414 100000 6.02572 
0.736402 0.516024 0.177148 100000 6.02572 
0.975827 0.122209 0.0509232 100000 71.4814 
0.85016 0.42142 0.0919616 100000 10.8044 
0.995686 0.0152282 0.0444537 100000 667.458 
0.90755 0.32958 0.135177 100000 19.2575 
0.985844 0.0750564 0.1085 100000 133.448 
0.9424 0.242714 0.0636125 100000 29.4486 
0.898507 0.343344 0.245221 100000 19.3951 
0.985601 0.0763786 0.0529134 100000 123.042 
0.792024 0.480631 0.223997 100000 8.4329 
0.292576 0.593599 1.35339 100000 1.33322 
0.982856 0.0899902 0.0599582 100000 103.246 
0.405767 0.590183 0.698831 100000 2.39541 
0.993437 0.0330599 0.0788491 100000 312.138 
0.801603 0.472874 0.171797 100000 8.48364 
0.734925 0.517961 0.223846 100000 6.2543 
0.990321 0.051238 0.114181 100000 203.399 
0.982069 0.0936642 0.1085 100000 104.025 
0.99069 0.0494018 0.0493264 100000 196.936 
0.969849 0.147434 0.0529134 100000 57.0084 
0.665509 0.546489 0.415143 100000 5.39331 
0.816989 0.457449 0.107096 100000 8.72908 
0.935403 0.262128 0.153863 100000 28.7622 
0.992733 0.03673 0.153863 100000 299.57 
0.801603 0.472874 0.171797 100000 8.48364 
0.990321 0.051238 0.114181 100000 203.399 
0.914813 0.314119 0.103788 100000 20.3399 
0.568198 0.572084 0.407886 100000 3.67478 
0.983864 0.0849182 0.0444537 100000 108.044 
0.916066 0.309569 0.0468091 100000 19.3951 
0.814178 0.459444 0.0970847 100000 8.48364 
0.933879 0.267176 0.084735 100000 26.0781 
0.301195 0.592874 1.57675 100000 0.965333 
0.919519 0.299544 0.223997 100000 24.4084 
0.985937 0.0746393 0.102152 100000 133.448 
0.971054 0.14263 0.1085 100000 63.2641 
0.995543 0.0171383 0.0468091 100000 593.094 
0.990451 0.0505626 0.1085 100000 205.214 
0.617926 0.56156 0.362274 100000 4.28128 
0.568198 0.572084 0.407886 100000 3.67478 
0.960061 0.184651 0.0468091 100000 42.3147 
0.617926 0.56156 0.362274 100000 4.28128 
0.887186 0.367992 0.0964866 100000 14.8885 
0.983864 0.0849182 0.0444537 100000 108.044 
0.792024 0.480631 0.223997 100000 8.4329 
0.592674 0.567044 0.362274 100000 3.88926 
0.982706 0.0906634 0.101734 100000 107.241 
0.986529 0.0716602 0.0526163 100000 132.01 
0.72179 0.524778 0.250903 100000 6.02572 
0.792024 0.480631 0.223997 100000 8.4329 
0.568198 0.572084 0.407886 100000 3.67478 
0.961971 0.178083 0.114181 100000 47.9831 
0.676562 0.539924 0.181327 100000 4.63057 
0.791309 0.48087 0.153863 100000 7.84616 
0.991459 0.0450197 0.0447012 100000 216.133 
0.984293 0.0824844 0.135177 100000 123.042 
0.808419 0.466154 0.130991 100000 8.48364 
0.983178 0.0883253 0.0493264 100000 104.025 
0.617926 0.56156 0.362274 100000 4.28128 
0.982069 0.0936642 0.1085 100000 104.025 
0.652943 0.551121 0.279096 100000 4.59177 
0.792024 0.480631 0.223997 100000 8.4329 
0.972719 0.134436 0.166438 100000 71.4814 
0.788379 0.482968 0.14943 100000 7.68176 
0.861296 0.40782 0.114181 100000 12.0702 
0.960061 0.184651 0.0468091 100000 42.3147 
0.986713 0.0706848 0.0493264 100000 133.448 
0.994806 0.0237788 0.0468091 100000 423.147 
0.727073 0.521919 0.223846 100000 6.02572 
0.637979 0.556279 0.362274 100000 4.63057 
0.995492 0.0177214 0.0468091 100000 573.048 
0.990795 0.0488332 0.0728059 100000 205.214 
0.880687 0.377326 0.0636125 100000 13.5009 
0.916287 0.309232 0.0493264 100000 19.5063 
0.984459 0.0820249 0.107096 100000 120.702 
0.772587 0.4923 0.115935 100000 6.8031 
0.649974 0.552445 0.303174 100000 4.63057 
0.994738 0.0242873 0.0495433 100000 415.468 
0.956997 0.19597 0.114181 100000 42.235 
0.994738 0.0242873 0.0495433 100000 415.468 
0.734925 0.517961 0.223846 100000 6.2543 
0.617926 0.56156 0.362274 100000 4.28128 
0.907298 0.329924 0.144885 100000 19.3951 
0.99372 0.0309989 0.105792 100000 343.27 
0.832099 0.442496 0.105792 100000 9.63168 
0.556094 0.573455 0.556891 100000 3.88926 
0.904613 0.335277 0.0789831 100000 17.5294 
0.825046 0.45098 0.153863 100000 9.65523 
0.995766 0.0131245 0.0470272 100000 779.902 
0.556094 0.573455 0.556891 100000 3.88926 
0.949244 0.220113 0.177148 100000 37.9267 
0.343638 0.5924 0.996135 100000 2.01598 
0.983518 0.0867977 0.0636125 100000 108.044 
0.805096 0.469442 0.144885 100000 8.4329 
0.666956 0.545164 0.223997 100000 4.63057 
0.711764 0.52938 0.303174 100000 6.02386 
0.592674 0.567044 0.362274 100000 3.88926 
0.990739 0.0491028 0.0444537 100000 196.936 
0.791309 0.48087 0.153863 100000 7.84616 
0.746206 0.510491 0.166438 100000 6.2543 
0.919519 0.299544 0.223997 100000 24.4084 
0.683946 0.539164 0.415143 100000 5.83032 
0.503687 0.577274 2.93991 100000 0.416601 
0.580836 0.569886 0.421433 100000 3.88926 
0.994368 0.0269123 0.0617242 100000 379.267 
0.85016 0.42142 0.0919616 100000 10.8044 
0.918769 0.304406 0.0656716 100000 20.5214 
0.734925 0.517961 0.223846 100000 6.2543 
0.994418 0.0266384 0.0447012 100000 375.077 
0.954886 0.203144 0.0617242 100000 37.9267 
0.995044 0.0219118 0.0447012 100000 459.191 
0.737488 0.51526 0.171797 100000 6.02572 
0.990883 0.0483425 0.0636125 100000 205.214 
0.95994 0.185175 0.0495433 100000 42.3147 
0.301195 0.592874 1.57675 100000 0.965333 
0.991443 0.0451315 0.0728059 100000 223.223 
0.982787 0.0903475 0.0636125 100000 103.246 
0.951317 0.214518 0.144885 100000 38.3354 
0.991788 0.0429191 0.107147 100000 244.084 
0.536987 0.576634 0.579362 100000 3.67478 
0.301195 0.592874 1.57675 100000 0.965333 
0.981844 0.0945939 0.12054 100000 104.025 
0.405767 0.590183 0.698831 100000 2.39541 
0.983821 0.0851593 0.0468091 100000 108.044 
0.414889 0.589694 0.698831 100000 2.48328 
0.518204 0.577145 0.698831 100000 3.67478 
0.414889 0.589694 0.698831 100000 2.48328 
0.805096 0.469442 0.144885 100000 8.4329 
0.814178 0.459444 0.0970847 100000 8.48364 
0.99372 0.0309989 0.105792 100000 343.27 
0.992782 0.0366996 0.131845 100000 294.486 
0.98812 0.0634244 0.0617242 100000 152.7 
0.917466 0.306276 0.0444537 100000 19.6936 
0.799708 0.47451 0.177148 100000 8.4329 
0.98206 0.0937036 0.108998 100000 104.025 
0.911005 0.322463 0.1085 100000 19.5063 
0.984139 0.0830813 0.144885 100000 123.042 
0.995153 0.0209982 0.0447012 100000 479.831 
0.730825 0.519685 0.204901 100000 6.02572 
0.995686 0.0152282 0.0444537 100000 667.458 
0.741156 0.51255 0.153863 100000 6.02572 
0.414889 0.589694 0.698831 100000 2.48328 
0.995583 0.0158609 0.0788491 100000 667.458 
0.637979 0.556279 0.362274 100000 4.63057 
0.826419 0.449479 0.144885 100000 9.65523 
0.90755 0.32958 0.135177 100000 19.2575 
0.301195 0.592874 1.57675 100000 0.965333 
0.993193 0.0346943 0.0526163 100000 287.622 
0.984821 0.0803676 0.084735 100000 120.702 
0.85597 0.415181 0.155029 100000 12.0702 
0.83426 0.439526 0.0919616 100000 9.63168 
0.956106 0.19914 0.1085 100000 41.0931 
0.482509 0.578694 0.362274 100000 2.613 
0.479856 0.583346 0.698831 100000 3.18352 
0.976946 0.117433 0.0636125 100000 76.1799 
0.918159 0.306052 0.0728059 100000 20.5214 
0.848174 0.424392 0.105792 100000 10.8044 
0.447778 0.586828 0.556891 100000 2.613 
0.995434 0.0180898 0.0636125 100000 573.048 
0.630177 0.557714 0.303174 100000 4.28128 
0.405767 0.590183 0.698831 100000 2.39541 
0.919519 0.299544 0.223997 100000 24.4084 
0.946107 0.231854 0.105792 100000 33.0786 
0.880433 0.379328 0.103788 100000 14.0777 
0.83426 0.439526 0.0919616 100000 9.63168 
0.445787 0.587119 0.569878 100000 2.613 
0.856272 0.414581 0.171797 100000 12.3042 
0.980786 0.0984507 0.177148 100000 104.025 
0.825046 0.45098 0.153863 100000 9.65523 
0.625468 0.559484 0.411261 100000 4.57665 
0.935124 0.263447 0.066739 100000 26.0781 
0.772587 0.4923 0.115935 100000 6.8031 
0.985816 0.0751387 0.114181 100000 134.005 
0.994224 0.027986 0.0440635 100000 356.007 
0.617926 0.56156 0.362274 100000 4.28128 
0.83426 0.439526 0.0919616 100000 9.63168 
0.482509 0.578694 0.362274 100000 2.613 
0.556094 0.573455 0.556891 100000 3.88926 
0.991459 0.0450197 0.0447012 100000 216.133 
0.791309 0.48087 0.153863 100000 7.84616 
0.568198 0.572084 0.407886 100000 3.67478 
0.994816 0.0237142 0.0447012 100000 423.147 
0.301195 0.592874 1.57675 100000 0.965333 
0.994485 0.0261512 0.0468091 100000 383.416 
0.799708 0.47451 0.177148 100000 8.4329 
0.971178 0.138815 0.223997 100000 71.4814 
0.991459 0.0450197 0.0447012 100000 216.133 
0.87873 0.381275 0.0797003 100000 13.5009 
0.676562 0.539924 0.181327 100000 4.63057 
0.665509 0.546489 0.415143 100000 5.39331 
0.960061 0.184651 0.0468091 100000 42.3147 
0.815056 0.458324 0.0919616 100000 8.48364 
0.788173 0.483645 0.171797 100000 7.84616 
0.455083 0.585696 0.515754 100000 2.62013 
0.568198 0.572084 0.407886 100000 3.67478 
0.86291 0.405308 0.101904 100000 12.0702 
0.576492 0.570509 0.479476 100000 3.98686 
0.518204 0.577145 0.698831 100000 3.67478 
0.995727 0.0144511 0.0447012 100000 704.504 
0.826052 0.449853 0.144885 100000 9.63168 
0.935372 0.26266 0.0631475 100000 26.0781 
0.816989 0.457449 0.107096 100000 8.72908 
0.665509 0.546489 0.415143 100000 5.39331 
0.830521 0.444544 0.115935 100000 9.63168 
0.815056 0.458324 0.0919616 100000 8.48364 
0.959818 0.185543 0.135177 100000 46.3369 
0.76696 0.497489 0.144885 100000 6.8031 
0.772587 0.4923 0.115935 100000 6.8031 
0.990975 0.0477838 0.0468091 100000 203.399 
0.992458 0.0391318 0.0789831 100000 261.468 
0.994806 0.0237788 0.0468091 100000 423.147 
0.301195 0.592874 1.57675 100000 0.965333 
0.892054 0.359714 0.114181 100000 15.9238 
0.982069 0.0936642 0.1085 100000 104.025 
0.956997 0.19597 0.114181 100000 42.235 
0.895738 0.352251 0.166438 100000 17.4556 
0.482509 0.578694 0.362274 100000 2.613 
0.989629 0.0552667 0.0493264 100000 174.556 
0.964753 0.167285 0.131845 100000 52.8967 
0.927767 0.274218 0.303174 100000 29.4486 
0.933879 0.267176 0.084735 100000 26.0781 
0.805096 0.469442 0.144885 100000 8.4329 
0.792024 0.480631 0.223997 100000 8.4329 
0.994359 0.0269713 0.0636125 100000 379.267 
0.990321 0.051238 0.114181 100000 203.399 
0.991459 0.0450197 0.0447012 100000 216.133 
0.766418 0.498688 0.276414 100000 7.68176 
0.799708 0.47451 0.177148 100000 8.4329 
0.985901 0.0747777 0.0447012 100000 124.609 
0.798611 0.475459 0.183779 100000 8.4329 
0.637979 0.556279 0.362274 100000 4.63057 
0.692829 0.535547 0.407886 100000 6.02572 
0.992458 0.0391318 0.0789831 100000 261.468 
0.568198 0.572084 0.407886 100000 3.67478 
0.993706 0.0314233 0.0529134 100000 319.181 
0.71689 0.527154 0.276414 100000 6.02572 
0.576492 0.570509 0.479476 100000 3.98686 
0.503687 0.577274 2.93991 100000 0.416601 
0.301195 0.592874 1.57675 100000 0.965333 
0.825046 0.45098 0.153863 100000 9.65523 
0.990262 0.0517423 0.0919616 100000 196.936 
0.691017 0.53744 0.230801 100000 5.15676 
0.872593 0.391708 0.115935 100000 13.2942 
0.427941 0.588823 0.698831 100000 2.613 
0.904085 0.335433 0.181327 100000 19.3951 
0.984738 0.0806346 0.107147 100000 123.042 
0.589444 0.568138 0.411261 100000 3.98686 
0.982341 0.0924633 0.0970847 100000 104.38 
0.885847 0.370008 0.166438 100000 15.8092 
0.963322 0.173243 0.079825 100000 47.9831 
0.884734 0.371999 0.0915814 100000 14.4642 
0.758969 0.50236 0.32136 100000 7.68176 
0.736402 0.516024 0.177148 100000 6.02572 
0.301195 0.592874 1.57675 100000 0.965333 
0.995198 0.0203707 0.066739 100000 508.984 
0.801603 0.472874 0.171797 100000 8.48364 
0.743172 0.512325 0.171797 100000 6.19431 
0.99201 0.0417987 0.079825 100000 244.084 
0.994713 0.0243575 0.066739 100000 423.147 
0.301195 0.592874 1.57675 100000 0.965333 
0.960061 0.184651 0.0468091 100000 42.3147 
0.741156 0.51255 0.153863 100000 6.02572 
0.991716 0.0432603 0.116097 100000 244.084 
0.994153 0.0280351 0.1085 100000 382.165 
0.993206 0.0345266 0.0789831 100000 298.296 
0.993578 0.0322342 0.0599582 100000 313.545 
0.973312 0.133073 0.0526503 100000 64.6534 
0.799708 0.47451 0.177148 100000 8.4329 
0.405767 0.590183 0.698831 100000 2.39541 
0.568198 0.572084 0.407886 100000 3.67478 
0.986244 0.0730839 0.049003 100000 128.557 
0.825046 0.45098 0.153863 100000 9.65523 
0.691017 0.53744 0.230801 100000 5.15676 
0.983016 0.0892643 0.084735 100000 107.241 
0.995727 0.0144511 0.0447012 100000 704.504 
0.538577 0.576516 0.569878 100000 3.67478 
0.73858 0.514475 0.166438 100000 6.02572 
0.992278 0.0402517 0.0468091 100000 244.084 
0.445787 0.587119 0.569878 100000 2.613 
0.791309 0.48087 0.153863 100000 7.84616 
0.983518 0.0867977 0.0636125 100000 108.044 
0.991237 0.0462318 0.0919616 100000 222.147 
0.919519 0.299544 0.223997 100000 24.4084 
0.992702 0.0377125 0.0468091 100000 261.468 
0.990321 0.051238 0.114181 100000 203.399 
0.918946 0.303919 0.0636125 100000 20.5214 
0.960061 0.184651 0.0468091 100000 42.3147 
0.741156 0.51255 0.153863 100000 6.02572 
0.991459 0.0450197 0.0447012 100000 216.133 
0.7794 0.488406 0.303174 100000 8.4329 
0.814178 0.459444 0.0970847 100000 8.48364 
0.652943 0.551121 0.279096 100000 4.59177 
0.995765 0.0121711 0.0495433 100000 845.217 
0.711764 0.52938 0.303174 100000 6.02386 
0.766418 0.498688 0.276414 100000 7.68176 
0.568198 0.572084 0.407886 100000 3.67478 
0.995035 0.0219716 0.0468091 100000 459.191 
0.959805 0.185699 0.0509232 100000 42.235 
0.98498 0.0795434 0.0919616 100000 123.042 
0.626341 0.559024 0.32136 100000 4.28128 
0.994754 0.0241008 0.059442 100000 424.078 
0.987862 0.0647804 0.0599582 100000 148.885 
0.832099 0.442496 0.105792 100000 9.63168 
0.987654 0.0658194 0.0509232 100000 144.642 
0.815056 0.458324 0.0919616 100000 8.48364 
0.992934 0.0359366 0.115935 100000 296.848 
0.76696 0.497489 0.144885 100000 6.8031 
0.676562 0.539924 0.181327 100000 4.63057 
0.994738 0.0242873 0.0495433 100000 415.468 
0.405767 0.590183 0.698831 100000 2.39541 
0.935403 0.262128 0.153863 100000 28.7622 
0.547946 0.575579 0.515754 100000 3.67478 
0.994368 0.0269123 0.0617242 100000 379.267 
0.957326 0.194894 0.1085 100000 42.3147 
0.801603 0.472874 0.171797 100000 8.48364 
0.568198 0.572084 0.407886 100000 3.67478 
0.844951 0.428825 0.128392 100000 10.8044 
0.982787 0.0903475 0.0636125 100000 103.246 
0.301195 0.592874 1.57675 100000 0.965333 
0.482509 0.578694 0.362274 100000 2.613 
0.832455 0.442121 0.105792 100000 9.65523 
0.825046 0.45098 0.153863 100000 9.65523 
0.40991 0.589973 0.698831 100000 2.43505 
0.942759 0.241614 0.131845 100000 31.926 
0.556094 0.573455 0.556891 100000 3.88926 
0.992934 0.0359366 0.115935 100000 296.848 
0.98928 0.0572018 0.0802535 100000 174.556 
0.946107 0.231854 0.105792 100000 33.0786 
0.568198 0.572084 0.407886 100000 3.67478 
0.736402 0.516024 0.177148 100000 6.02572 
0.982748 0.0905461 0.0656716 100000 103.246 
0.994461 0.0263175 0.0493264 100000 382.165 
0.992558 0.0385765 0.0636125 100000 260.781 
0.995686 0.0152282 0.0444537 100000 667.458 
0.772587 0.4923 0.115935 100000 6.8031 
0.955821 0.199612 0.0493264 100000 38.2165 
0.766418 0.498688 0.276414 100000 7.68176 
0.592674 0.567044 0.362274 100000 3.88926 
0.978376 0.11106 0.084735 100000 83.3732 
0.993206 0.0345266 0.0789831 100000 298.296 
0.987437 0.0658191 0.177148 100000 163.233 
0.985124 0.0781891 0.144885 100000 131.683 
0.975535 0.123636 0.0617242 100000 71.4814 
0.985396 0.0773794 0.0493264 100000 120.702 
0.790922 0.481416 0.230801 100000 8.4329 
0.652943 0.551121 0.279096 100000 4.59177 
0.414889 0.589694 0.698831 100000 2.48328 
0.766418 0.498688 0.276414 100000 7.68176 
0.927328 0.284326 0.115935 100000 24.4084 
0.556094 0.573455 0.556891 100000 3.88926 
0.608886 0.563798 0.407886 100000 4.28128 
0.799708 0.47451 0.177148 100000 8.4329 
0.91714 0.308672 0.084735 100000 20.5214 
0.989526 0.0558783 0.0728059 100000 177.538 
0.923274 0.293008 0.171797 100000 24.4084 
0.772587 0.4923 0.115935 100000 6.8031 
0.932395 0.269971 0.0468091 100000 24.4084 
0.701064 0.534017 0.32136 100000 5.83032 
0.991459 0.0450197 0.0447012 100000 216.133 
0.734925 0.517961 0.223846 100000 6.2543 
0.772587 0.4923 0.115935 100000 6.8031 
0.984603 0.0813863 0.0982299 100000 120.702 
0.727468 0.51998 0.362274 100000 6.8031 
0.994806 0.0237788 0.0468091 100000 423.147 
0.995634 0.0155586 0.0617242 100000 667.458 
0.915929 0.310679 0.0617242 100000 19.6936 
0.98569 0.075871 0.0470272 100000 123.001 
0.675261 0.542944 0.407886 100000 5.5874 
0.990863 0.0484542 0.0656716 100000 205.214 
0.805096 0.469442 0.144885 100000 8.4329 
0.644475 0.554233 0.319621 100000 4.59177 
0.994461 0.0263175 0.0493264 100000 382.165 
0.955821 0.199612 0.0493264 100000 38.2165 
0.812396 0.461323 0.101904 100000 8.4329 
0.982069 0.0936642 0.1085 100000 104.025 
0.568198 0.572084 0.407886 100000 3.67478 
0.977907 0.113149 0.066739 100000 79.902 
0.981395 0.0954942 0.181327 100000 108.044 
0.989167 0.0577976 0.084735 100000 173.452 
0.792024 0.480631 0.223997 100000 8.4329 
0.832252 0.44239 0.107096 100000 9.65523 
0.983005 0.0892823 0.0919616 100000 108.044 
0.738515 0.514507 0.166438 100000 6.02386 
0.994496 0.0260803 0.0447012 100000 383.416 
0.991879 0.0425994 0.0468091 100000 229.857 
0.487057 0.57859 3.36353 100000 0.744411 
0.982379 0.0923108 0.0919616 100000 104.025 
0.969194 0.150382 0.0797003 100000 57.4708 
0.736402 0.516024 0.177148 100000 6.02572 
0.993957 0.029123 0.131715 100000 375.077 
0.995434 0.0180898 0.0636125 100000 573.048 
0.98833 0.0622989 0.0835183 100000 159.669 
0.589841 0.567584 0.479476 100000 4.19208 
0.993597 0.0321283 0.053608 100000 312.138 
0.568198 0.572084 0.407886 100000 3.67478 
0.985431 0.0773039 0.0636125 100000 123.042 
0.814178 0.459444 0.0970847 100000 8.48364 
0.994912 0.022916 0.0526503 100000 443.001 
0.758969 0.50236 0.32136 100000 7.68176 
0.701064 0.534017 0.32136 100000 5.83032 
0.994485 0.0261512 0.0468091 100000 383.416 
0.736402 0.516024 0.177148 100000 6.02572 
0.799016 0.475111 0.181327 100000 8.4329 
0.835395 0.437887 0.084735 100000 9.63168 
0.568198 0.572084 0.407886 100000 3.67478 
0.722892 0.524208 0.245221 100000 6.02572 
0.676562 0.539924 0.181327 100000 4.63057 
0.701635 0.531431 0.181327 100000 5.15676 
0.83426 0.439526 0.0919616 100000 9.63168 
0.568198 0.572084 0.407886 100000 3.67478 
0.621576 0.560069 0.317003 100000 4.18803 
0.734925 0.517961 0.223846 100000 6.2543 
0.976008 0.121633 0.0705545 100000 73.6758 
0.816989 0.457449 0.107096 100000 8.72908 
0.815056 0.458324 0.0919616 100000 8.48364 
0.982707 0.0905963 0.1085 100000 108.044 
0.941343 0.246233 0.0962364 100000 29.957 
0.717689 0.526783 0.272226 100000 6.02572 
0.983005 0.0892823 0.0919616 100000 108.044 
0.816989 0.457449 0.107096 100000 8.72908 
0.301195 0.592874 1.57675 100000 0.965333 
0.995653 0.0155208 0.0529134 100000 661.846 
0.736402 0.516024 0.177148 100000 6.02572 
0.792024 0.480631 0.223997 100000 8.4329 
0.568198 0.572084 0.407886 100000 3.67478 
0.792024 0.480631 0.223997 100000 8.4329 
0.994806 0.0237788 0.0468091 100000 423.147 
0.990812 0.0487457 0.0636125 100000 203.399 
0.995727 0.0144511 0.0447012 100000 704.504 
0.808419 0.466154 0.130991 100000 8.48364 
0.988387 0.0620067 0.0788491 100000 159.669 
0.801603 0.472874 0.171797 100000 8.48364 
0.990998 0.0476424 0.0444537 100000 203.399 
0.711764 0.52938 0.303174 100000 6.02386 
0.994418 0.0266384 0.0447012 100000 375.077 
0.975827 0.122209 0.0509232 100000 71.4814 
0.994628 0.0248365 0.084735 100000 423.147 
0.985494 0.0769168 0.0529134 100000 122.084 
0.765009 0.499138 0.155029 100000 6.8031 
0.983716 0.0857446 0.0526503 100000 108.044 
0.405767 0.590183 0.698831 100000 2.39541 
0.556094 0.573455 0.556891 100000 3.88926 
0.750543 0.507108 0.144885 100000 6.2543 
0.995583 0.0158609 0.0788491 100000 667.458 
0.301195 0.592874 1.57675 100000 0.965333 
0.994224 0.027986 0.0440635 100000 356.007 
0.799708 0.47451 0.177148 100000 8.4329 
0.301195 0.592874 1.57675 100000 0.965333 
0.301195 0.592874 1.57675 100000 0.965333 
0.993146 0.034979 0.059442 100000 287.622 
0.992535 0.0387131 0.066739 100000 260.781 
0.95979 0.185809 0.0529025 100000 42.3147 
0.992141 0.041069 0.0636125 100000 244.084 
0.580836 0.569886 0.421433 100000 3.88926 
0.791309 0.48087 0.153863 100000 7.84616 
0.985844 0.0750564 0.1085 100000 133.448 
0.944206 0.236847 0.0493264 100000 29.957 
0.987874 0.0644251 0.12054 100000 159.669 
0.93534 0.262763 0.0636125 100000 26.0781 
0.995583 0.0158632 0.0789831 100000 667.458 
0.989658 0.0551383 0.079825 100000 181.54 
0.905395 0.333283 0.166438 100000 19.3951 
0.943575 0.238526 0.0447012 100000 29.4486 
0.734896 0.517978 0.223997 100000 6.2543 
0.982913 0.089699 0.0970847 100000 108.044 
0.405767 0.590183 0.698831 100000 2.39541 
0.885445 0.371243 0.131845 100000 15.2011 
0.826912 0.448925 0.14167 100000 9.65523 
0.994138 0.0285239 0.059442 100000 356.007 
0.984917 0.0799043 0.0788491 100000 120.702 
0.995727 0.0144511 0.0447012 100000 704.504 
0.985844 0.0750564 0.1085 100000 133.448 
0.305438 0.592657 1.57675 100000 1.33322 
0.984243 0.0827957 0.130991 100000 122.084 
0.450932 0.586327 0.536804 100000 2.613 
0.98675 0.0704705 0.0468091 100000 133.448 
0.953005 0.209691 0.107096 100000 38.2165 
0.990715 0.0492482 0.0468091 100000 196.936 
0.652943 0.551121 0.279096 100000 4.59177 
0.741156 0.51255 0.153863 100000 6.02572 
0.92164 0.298282 0.12054 100000 22.6397 
0.991916 0.0422907 0.0914438 100000 244.084 
0.990795 0.0488332 0.0728059 100000 205.214 
0.814178 0.459444 0.0970847 100000 8.48364 
0.993233 0.0344445 0.0468091 100000 287.622 
0.99201 0.0417987 0.079825 100000 244.084 
0.815122 0.45824 0.0915814 100000 8.48364 
0.991237 0.0462318 0.0919616 100000 222.147 
0.994738 0.0242873 0.0495433 100000 415.468 
0.830994 0.444024 0.1152 100000 9.65523 
0.954241 0.205327 0.0617242 100000 37.3701 
0.960061 0.184651 0.0468091 100000 42.3147 
0.720244 0.525141 0.22255 100000 5.83032 
0.663752 0.548336 0.324575 100000 4.98528 
0.984139 0.0830813 0.144885 100000 123.042 
0.990737 0.0491448 0.0788491 100000 205.214 
0.982787 0.0903475 0.0636125 100000 103.246 
0.99457 0.0251446 0.0970847 100000 423.147 
0.414889 0.589694 0.698831 100000 2.48328 
0.568198 0.572084 0.407886 100000 3.67478 
0.901448 0.341792 0.144885 100000 18.154 
0.414889 0.589694 0.698831 100000 2.48328 
0.984774 0.0805976 0.0636125 100000 117.439 
0.995044 0.0219118 0.0447012 100000 459.191 
0.414889 0.589694 0.698831 100000 2.48328 
0.955215 0.202025 0.0617242 100000 38.2165 
0.637979 0.556279 0.362274 100000 4.63057 
0.954886 0.203144 0.0617242 100000 37.9267 
0.984459 0.0820249 0.107096 100000 120.702 
0.990282 0.0516929 0.0789831 100000 194.418 
0.991459 0.0450197 0.0447012 100000 216.133 
0.711764 0.52938 0.303174 100000 6.02386 
0.989657 0.0550961 0.0468091 100000 174.556 
0.988808 0.0596659 0.0447012 100000 159.669 
0.983716 0.0857446 0.0526503 100000 108.044 
0.746206 0.510491 0.166438 100000 6.2543 
0.983005 0.0892823 0.0919616 100000 108.044 
0.825046 0.45098 0.153863 100000 9.65523 
0.788173 0.483645 0.171797 100000 7.84616 
0.691017 0.53744 0.230801 100000 5.15676 
0.994485 0.0261512 0.0468091 100000 383.416 
0.955821 0.199612 0.0493264 100000 38.2165 
0.292576 0.593599 1.35339 100000 1.33322 
0.938184 0.254933 0.131845 100000 29.4486 
0.99577 0.0120078 0.0468091 100000 853.897 
0.990918 0.0481415 0.0599582 100000 205.214 
0.301195 0.592874 1.57675 100000 0.965333 
0.994253 0.0275009 0.0915814 100000 383.416 
0.992934 0.0359366 0.115935 100000 296.848 
0.994806 0.0237788 0.0468091 100000 423.147 
0.903451 0.336717 0.181327 100000 19.2575 
0.973832 0.130069 0.153863 100000 73.6758 
0.676562 0.539924 0.181327 100000 4.63057 
0.727073 0.521919 0.223846 100000 6.02572 
0.556094 0.573455 0.556891 100000 3.88926 
0.99577 0.0120078 0.0468091 100000 853.897 
0.735556 0.516607 0.181327 100000 6.02572 
0.989769 0.0545114 0.0509232 100000 177.538 
0.991788 0.0429191 0.107147 100000 244.084 
0.994461 0.0263175 0.0493264 100000 382.165 
0.985844 0.0750564 0.1085 100000 133.448 
0.727073 0.521919 0.223846 100000 6.02572 
0.991043 0.047401 0.0470272 100000 205.214 
0.994346 0.0270676 0.0617242 100000 377.005 
0.993114 0.0349883 0.0962364 100000 299.57 
0.734925 0.517961 0.223846 100000 6.2543 
0.985494 0.0769168 0.0529134 100000 122.084 
0.799708 0.47451 0.177148 100000 8.4329 
0.592674 0.567044 0.362274 100000 3.88926 
0.301195 0.592874 1.57675 100000 0.965333 
0.925681 0.288091 0.138563 100000 24.4084 
0.992709 0.0376353 0.0728059 100000 270.562 
0.734925 0.517961 0.223846 100000 6.2543 
0.568198 0.572084 0.407886 100000 3.67478 
0.987874 0.0644251 0.12054 100000 159.669 
0.994722 0.0243145 0.0636125 100000 422.35 
0.738777 0.514331 0.165471 100000 6.02572 
0.805096 0.469442 0.144885 100000 8.4329 
0.734925 0.517961 0.223846 100000 6.2543 
0.942519 0.242571 0.0728059 100000 29.8192 
0.983716 0.0857446 0.0526503 100000 108.044 
0.983016 0.0892643 0.084735 100000 107.241 
0.801603 0.472874 0.171797 100000 8.48364 
0.651841 0.551756 0.294222 100000 4.63057 
0.995727 0.0144511 0.0447012 100000 704.504 
0.772587 0.4923 0.115935 100000 6.8031 
0.995765 0.0121711 0.0495433 100000 845.217 
0.736402 0.516024 0.177148 100000 6.02572 
0.734925 0.517961 0.223846 100000 6.2543 
0.989959 0.0534734 0.0521312 100000 181.54 
0.946107 0.231854 0.105792 100000 33.0786 
0.983552 0.0866203 0.0617242 100000 108.044 
0.857219 0.409641 0.0495433 100000 10.8817 
0.960061 0.184651 0.0468091 100000 42.3147 
0.592674 0.567044 0.362274 100000 3.88926 
0.960061 0.184651 0.0468091 100000 42.3147 
0.9424 0.242714 0.0636125 100000 29.4486 
0.799708 0.47451 0.177148 100000 8.4329 
0.814178 0.459444 0.0970847 100000 8.48364 
0.676562 0.539924 0.181327 100000 4.63057 
0.941906 0.243663 0.0493264 100000 28.7147 
0.665509 0.546489 0.415143 100000 5.39331 
0.865178 0.401522 0.084735 100000 12.0702 
0.968847 0.15163 0.0617242 100000 55.6706 
0.301195 0.592874 1.57675 100000 0.965333 
0.985381 0.0775654 0.066739 100000 123.042 
0.85016 0.42142 0.0919616 100000 10.8044 
0.990863 0.0484542 0.0656716 100000 205.214 
0.984917 0.0799043 0.0788491 100000 120.702 
0.772587 0.4923 0.115935 100000 6.8031 
0.986522 0.0716781 0.0509232 100000 131.683 
0.995766 0.0131245 0.0470272 100000 779.902 
0.690686 0.538424 0.319621 100000 5.56306 
0.738797 0.514316 0.165371 100000 6.02572 
0.992892 0.0360879 0.12628 100000 298.296 
0.405767 0.590183 0.698831 100000 2.39541 
0.991021 0.0475362 0.0493264 100000 205.214 
0.832252 0.44239 0.107096 100000 9.65523 
0.568198 0.572084 0.407886 100000 3.67478 
0.765233 0.498953 0.153863 100000 6.8031 
0.992458 0.0391318 0.0789831 100000 261.468 
0.405767 0.590183 0.698831 100000 2.39541 
0.995686 0.0152282 0.0444537 100000 667.458 
0.993437 0.0330599 0.0788491 100000 312.138 
0.652943 0.551121 0.279096 100000 4.59177 
0.793803 0.478197 0.131715 100000 7.78195 
0.989444 0.0563244 0.0656716 100000 174.556 
0.568198 0.572084 0.407886 100000 3.67478 
0.969643 0.148445 0.0636125 100000 57.3048 
0.805096 0.469442 0.144885 100000 8.4329 
0.919519 0.299544 0.223997 100000 24.4084 
0.617926 0.56156 0.362274 100000 4.28128 
0.799708 0.47451 0.177148 100000 8.4329 
0.676562 0.539924 0.181327 100000 4.63057 
0.556094 0.573455 0.556891 100000 3.88926 
0.983005 0.0892823 0.0919616 100000 108.044 
0.982822 0.0901025 0.102152 100000 108.044 
0.814178 0.459444 0.0970847 100000 8.48364 
0.792024 0.480631 0.223997 100000 8.4329 
0.979767 0.1018 0.223997 100000 103.246 
0.482509 0.578694 0.362274 100000 2.613 
0.990986 0.047744 0.0529134 100000 205.214 
0.816989 0.457449 0.107096 100000 8.72908 
0.953192 0.209143 0.0962364 100000 37.9267 
0.840833 0.432574 0.223997 100000 11.5271 
0.81223 0.461834 0.1085 100000 8.48364 
0.99364 0.0318245 0.0636125 100000 319.181 
0.556094 0.573455 0.556891 100000 3.88926 
0.592674 0.567044 0.362274 100000 3.88926 
0.982748 0.0905461 0.0656716 100000 103.246 
0.994485 0.0261512 0.0468091 100000 383.416 
0.301195 0.592874 1.57675 100000 0.965333 
0.969643 0.148445 0.0636125 100000 57.3048 
0.995653 0.0155208 0.0529134 100000 661.846 
0.810828 0.463661 0.246098 100000 9.63168 
0.990451 0.0505626 0.1085 100000 205.214 
0.977909 0.113013 0.1085 100000 83.7028 
0.994485 0.0261512 0.0468091 100000 383.416 
0.853581 0.418084 0.173533 100000 12.0702 
0.994121 0.0286292 0.0625926 100000 356.007 
0.792024 0.480631 0.223997 100000 8.4329 
0.832099 0.442496 0.105792 100000 9.63168 
0.960204 0.183038 0.171797 100000 48.5975 
0.983776 0.0854137 0.0493264 100000 108.044 
0.343638 0.5924 0.996135 100000 2.01598 
0.994534 0.0254645 0.0919616 100000 415.468 
0.445101 0.587214 0.574409 100000 2.613 
0.503687 0.577274 2.93991 100000 0.416601 
0.958058 0.192435 0.0919616 100000 42.3147 
0.982069 0.0936642 0.1085 100000 104.025 
0.985689 0.0758836 0.0474159 100000 123.042 
0.994816 0.0237142 0.0447012 100000 423.147 
0.568198 0.572084 0.407886 100000 3.67478 
0.983005 0.0892823 0.0919616 100000 108.044 
0.301195 0.592874 1.57675 100000 0.965333 
0.292576 0.593599 1.35339 100000 1.33322 
0.991459 0.0450197 0.0447012 100000 216.133 
0.72493 0.523218 0.276414 100000 6.2543 
0.292576 0.593599 1.35339 100000 1.33322 
0.608886 0.563798 0.407886 100000 4.28128 
0.799708 0.47451 0.177148 100000 8.4329 
0.993869 0.0303042 0.066739 100000 337.181 
0.994684 0.0245232 0.0728059 100000 423.147 
0.540779 0.576333 0.556891 100000 3.67478 
0.791309 0.48087 0.153863 100000 7.84616 
0.995313 0.019504 0.0495433 100000 521.099 
0.985816 0.0751387 0.114181 100000 134.005 
0.991666 0.0438361 0.0468091 100000 222.976 
0.983716 0.0857446 0.0526503 100000 108.044 
0.895738 0.352251 0.166438 100000 17.4556 
0.949244 0.220113 0.177148 100000 37.9267 
0.896687 0.350793 0.153863 100000 17.4072 
0.991439 0.0451692 0.059442 100000 219.511 
0.837796 0.437339 0.153863 100000 10.5343 
0.988961 0.0587519 0.1085 100000 174.556 
0.833087 0.441272 0.101734 100000 9.65523 
0.992577 0.0381473 0.114181 100000 278.319 
0.758969 0.50236 0.32136 100000 7.68176 
0.994806 0.0237788 0.0468091 100000 423.147 
0.990537 0.0502079 0.0919616 100000 203.399 
0.956148 0.198509 0.135177 100000 42.3147 
0.447778 0.586828 0.556891 100000 2.613 
0.982583 0.0911933 0.1085 100000 107.241 
0.991459 0.0450197 0.0447012 100000 216.133 
0.994751 0.0242031 0.0468091 100000 415.468 
0.803589 0.470931 0.153863 100000 8.4329 
0.898507 0.343344 0.245221 100000 19.3951 
0.987213 0.0681859 0.079825 100000 144.058 
0.711832 0.529348 0.303174 100000 6.02572 
0.993193 0.0346943 0.0526163 100000 287.622 
0.772587 0.4923 0.115935 100000 6.8031 
0.556094 0.573455 0.556891 100000 3.88926 
0.987777 0.0648377 0.128392 100000 159.669 
0.7794 0.488406 0.303174 100000 8.4329 
0.815056 0.458324 0.0919616 100000 8.48364 
0.992782 0.0366996 0.131845 100000 294.486 
0.637979 0.556279 0.362274 100000 4.63057 
0.917466 0.306276 0.0444537 100000 19.6936 
0.982069 0.0936642 0.1085 100000 104.025 
0.445787 0.587119 0.569878 100000 2.613 
0.691017 0.53744 0.230801 100000 5.15676 
0.960061 0.184651 0.0468091 100000 42.3147 
0.556094 0.573455 0.556891 100000 3.88926 
0.793088 0.47977 0.223846 100000 8.48364 
0.807295 0.46716 0.131845 100000 8.4329 
0.7476 0.510263 0.181327 100000 6.38999 
0.617926 0.56156 0.362274 100000 4.28128 
0.568198 0.572084 0.407886 100000 3.67478 
0.800029 0.474264 0.181327 100000 8.48364 
0.993437 0.0330599 0.0788491 100000 312.138 
0.983584 0.0864529 0.0599582 100000 108.044 
0.792024 0.480631 0.223997 100000 8.4329 
0.455083 0.585696 0.515754 100000 2.62013 
0.960061 0.184651 0.0468091 100000 42.3147 
0.556094 0.573455 0.556891 100000 3.88926 
0.568198 0.572084 0.407886 100000 3.67478 
0.683946 0.539164 0.415143 100000 5.83032 
0.405767 0.590183 0.698831 100000 2.39541 
0.992702 0.0377125 0.0468091 100000 261.468 
0.995446 0.0180121 0.0599582 100000 573.048 
0.727043 0.521936 0.223997 100000 6.02572 
0.982756 0.0903872 0.105792 100000 108.044 
0.665509 0.546489 0.415143 100000 5.39331 
0.914485 0.314835 0.115935 100000 20.5214 
0.991439 0.0451692 0.059442 100000 219.511 
0.995766 0.0131245 0.0470272 100000 779.902 
0.994279 0.0274298 0.0788491 100000 379.267 
0.405767 0.590183 0.698831 100000 2.39541 
0.748007 0.507899 0.135177 100000 6.11517 
0.832099 0.442496 0.105792 100000 9.63168 
0.568198 0.572084 0.407886 100000 3.67478 
0.946107 0.231854 0.105792 100000 33.0786 
0.735556 0.516607 0.181327 100000 6.02572 
0.994806 0.0237788 0.0468091 100000 423.147 
0.959728 0.186024 0.0526503 100000 42.235 
0.576492 0.570509 0.479476 100000 3.98686 
0.943386 0.239788 0.0636125 100000 29.9867 
0.405767 0.590183 0.698831 100000 2.39541 
0.799708 0.47451 0.177148 100000 8.4329 
0.955621 0.200209 0.0468091 100000 37.9267 
0.301195 0.592874 1.57675 100000 0.965333 
0.990739 0.0491028 0.0444537 100000 196.936 
0.905195 0.333501 0.0636125 100000 17.3452 
0.487057 0.57859 3.36353 100000 0.744411 
0.983461 0.0870878 0.066739 100000 108.044 
0.988189 0.0630616 0.0636125 100000 154.013 
0.301195 0.592874 1.57675 100000 0.965333 
0.917444 0.306342 0.0447012 100000 19.6936 
0.991045 0.0473881 0.0468091 100000 205.214 
0.734896 0.517978 0.223997 100000 6.2543 
0.568198 0.572084 0.407886 100000 3.67478 
0.98812 0.0634244 0.0617242 100000 152.7 
0.805096 0.469442 0.144885 100000 8.4329 
0.83426 0.439526 0.0919616 100000 9.63168 
0.799708 0.47451 0.177148 100000 8.4329 
0.301195 0.592874 1.57675 100000 0.965333 
0.842615 0.431765 0.144885 100000 10.8044 
0.601255 0.564481 0.32136 100000 3.88926 
0.992702 0.0377125 0.0468091 100000 261.468 
0.799708 0.47451 0.177148 100000 8.4329 
0.994806 0.0237788 0.0468091 100000 423.147 
0.994787 0.0239029 0.0509232 100000 423.147 
0.98348 0.0869893 0.0656716 100000 108.044 
0.983593 0.0864037 0.059442 100000 108.044 
0.676562 0.539924 0.181327 100000 4.63057 
0.405767 0.590183 0.698831 100000 2.39541 
0.86291 0.405308 0.101904 100000 12.0702 
0.445787 0.587119 0.569878 100000 2.613 
0.990627 0.0497771 0.0556165 100000 196.936 
0.59322 0.564725 0.28887 100000 3.67478 
0.994806 0.0237788 0.0468091 100000 423.147 
0.778045 0.491281 0.230801 100000 7.84616 
0.758969 0.50236 0.32136 100000 7.68176 
0.992551 0.0386166 0.066739 100000 261.468 
0.83426 0.439526 0.0919616 100000 9.63168 
0.617926 0.56156 0.362274 100000 4.28128 
0.861296 0.40782 0.114181 100000 12.0702 
0.919519 0.299544 0.223997 100000 24.4084 
0.917466 0.306276 0.0444537 100000 19.6936 
0.455083 0.585696 0.515754 100000 2.62013 
0.994251 0.027514 0.0920593 100000 383.416 
0.799708 0.47451 0.177148 100000 8.4329 
0.479856 0.583346 0.698831 100000 3.18352 
0.995745 0.0138749 0.0470272 100000 736.758 
0.741156 0.51255 0.153863 100000 6.02572 
0.576492 0.570509 0.479476 100000 3.98686 
0.822759 0.453352 0.166438 100000 9.63168 
0.994539 0.0253055 0.103788 100000 423.147 
0.995727 0.0144511 0.0447012 100000 704.504 
0.766418 0.498688 0.276414 100000 7.68176 
0.556094 0.573455 0.556891 100000 3.88926 
0.994 0.029092 0.1085 100000 367.722 
0.995381 0.0183999 0.0788491 100000 573.048 
0.984821 0.0803676 0.084735 100000 120.702 
0.992278 0.0402517 0.0468091 100000 244.084 
0.827909 0.447781 0.135177 100000 9.65523 
0.990201 0.0521459 0.0788491 100000 192.575 
0.414889 0.589694 0.698831 100000 2.48328 
0.85016 0.42142 0.0919616 100000 10.8044 
0.904085 0.335433 0.181327 100000 19.3951 
0.652943 0.551121 0.279096 100000 4.59177 
0.856272 0.414581 0.171797 100000 12.3042 
0.825046 0.45098 0.153863 100000 9.65523 
0.778045 0.491281 0.230801 100000 7.84616 
0.979032 0.107983 0.0599582 100000 83.7028 
0.707129 0.530388 0.362274 100000 6.19431 
0.741156 0.51255 0.153863 100000 6.02572 
0.746206 0.510491 0.166438 100000 6.2543 
0.995653 0.0155208 0.0529134 100000 661.846 
0.772587 0.4923 0.115935 100000 6.8031 
0.991447 0.0450258 0.0914438 100000 228.367 
0.994224 0.027986 0.0440635 100000 356.007 
0.982226 0.0925419 0.135177 100000 108.044 
0.982069 0.0936642 0.1085 100000 104.025 
0.799708 0.47451 0.177148 100000 8.4329 
0.726045 0.522687 0.270463 100000 6.2543 
0.994539 0.0253055 0.103788 100000 423.147 
0.711764 0.52938 0.303174 100000 6.02386 
0.994806 0.0237788 0.0468091 100000 423.147 
0.981016 0.097376 0.177148 100000 105.343 
0.568198 0.572084 0.407886 100000 3.67478 
0.991459 0.0450197 0.0447012 100000 216.133 
0.626341 0.559024 0.32136 100000 4.28128 
0.568198 0.572084 0.407886 100000 3.67478 
0.986557 0.0715605 0.0599582 100000 133.448 
0.949504 0.21949 0.171797 100000 37.9267 
0.901616 0.341725 0.105792 100000 17.4556 
0.994368 0.0269123 0.0617242 100000 379.267 
0.815056 0.458324 0.0919616 100000 8.48364 
0.783467 0.487241 0.177148 100000 7.68176 
0.683946 0.539164 0.415143 100000 5.83032 
0.954886 0.203144 0.0617242 100000 37.9267 
0.503687 0.577274 2.93991 100000 0.416601 
0.919519 0.299544 0.223997 100000 24.4084 
0.711764 0.52938 0.303174 100000 6.02386 
0.99054 0.0501895 0.0915814 100000 203.399 
0.992782 0.0366996 0.131845 100000 294.486 
0.979348 0.106564 0.0636125 100000 85.3897 
0.592674 0.567044 0.362274 100000 3.88926 
0.916287 0.309232 0.0493264 100000 19.5063 
0.989629 0.0552667 0.0493264 100000 174.556 
0.995653 0.0155208 0.0529134 100000 661.846 
0.764365 0.500767 0.223846 100000 7.2459 
0.960061 0.184651 0.0468091 100000 42.3147 
0.995727 0.0144511 0.0447012 100000 704.504 
0.853804 0.417822 0.171797 100000 12.0702 
0.990211 0.0519951 0.0970847 100000 196.936 
0.750543 0.507108 0.144885 100000 6.2543 
0.568198 0.572084 0.407886 100000 3.67478 
0.949241 0.221315 0.0495433 100000 33.0786 
0.993656 0.0317617 0.0444537 100000 312.138 
0.792024 0.480631 0.223997 100000 8.4329 
0.85016 0.42142 0.0919616 100000 10.8044 
0.987321 0.0666372 0.165471 100000 159.669 
0.803589 0.470931 0.153863 100000 8.4329 
0.711832 0.529348 0.303174 100000 6.02572 
0.984061 0.0836855 0.131715 100000 120.702 
0.414889 0.589694 0.698831 100000 2.48328 
0.876002 0.38461 0.0636125 100000 12.939 
0.910274 0.323947 0.0962364 100000 19.0814 
0.901854 0.341193 0.131845 100000 17.9908 
0.755859 0.505746 0.272226 100000 7.2459 
0.711764 0.52938 0.303174 100000 6.02386 
0.730825 0.519685 0.204901 100000 6.02572 
0.995686 0.0152282 0.0444537 100000 667.458 
0.984821 0.0803676 0.084735 100000 120.702 
0.792024 0.480631 0.223997 100000 8.4329 
0.995765 0.0121711 0.0495433 100000 845.217 
0.788379 0.482968 0.14943 100000 7.68176 
0.994474 0.0262336 0.0468091 100000 382.165 
0.814178 0.459444 0.0970847 100000 8.48364 
0.990652 0.0496294 0.0526503 100000 196.817 
0.991459 0.0450197 0.0447012 100000 216.133 
0.884734 0.371999 0.0915814 100000 14.4642 
0.990594 0.0499216 0.0462667 100000 193.951 
0.405767 0.590183 0.698831 100000 2.39541 
0.479856 0.583346 0.698831 100000 3.18352 
0.993825 0.030625 0.0599582 100000 330.786 
0.802651 0.471916 0.165471 100000 8.48364 
0.582063 0.569627 0.415143 100000 3.88926 
0.991459 0.0450197 0.0447012 100000 216.133 
0.711764 0.52938 0.303174 100000 6.02386 
0.67752 0.539351 0.177148 100000 4.63057 
0.975458 0.124048 0.0915814 100000 73.6758 
0.945961 0.231899 0.0599582 100000 31.3545 
0.983864 0.0849182 0.0444537 100000 108.044 
0.556094 0.573455 0.556891 100000 3.88926 
0.952617 0.210884 0.11509 100000 38.2165 
0.568198 0.572084 0.407886 100000 3.67478 
0.863168 0.403172 0.0656716 100000 11.6239 
0.799708 0.47451 0.177148 100000 8.4329 
0.995727 0.0144511 0.0447012 100000 704.504 
0.799708 0.47451 0.177148 100000 8.4329 
0.995727 0.0144464 0.0444537 100000 704.504 
0.793803 0.478197 0.131715 100000 7.78195 
0.825046 0.45098 0.153863 100000 9.65523 
0.665509 0.546489 0.415143 100000 5.39331 
0.990611 0.0498444 0.0493264 100000 195.063 
0.617926 0.56156 0.362274 100000 4.28128 
0.913982 0.31507 0.0636125 100000 19.2575 
0.736402 0.516024 0.177148 100000 6.02572 
0.995434 0.0180898 0.0636125 100000 573.048 
0.666365 0.545458 0.226668 100000 4.63057 
0.994461 0.0263175 0.0493264 100000 382.165 
0.813354 0.46047 0.101904 100000 8.48364 
0.617926 0.56156 0.362274 100000 4.28128 
0.343638 0.5924 0.996135 100000 2.01598 
0.941772 0.244545 0.131715 100000 31.3545 
0.772587 0.4923 0.115935 100000 6.8031 
0.734925 0.517961 0.223846 100000 6.2543 
0.986617 0.0712504 0.059442 100000 134.005 
0.934874 0.264529 0.0915814 100000 26.6987 
0.984459 0.0820249 0.107096 100000 120.702 
0.954886 0.203144 0.0617242 100000 37.9267 
0.799708 0.47451 0.177148 100000 8.4329 
0.995543 0.0171383 0.0468091 100000 593.094 
0.772587 0.4923 0.115935 100000 6.8031 
0.621576 0.560069 0.317003 100000 4.18803 
0.503687 0.577274 2.93991 100000 0.416601 
0.901616 0.341725 0.105792 100000 17.4556 
0.954301 0.20348 0.177148 100000 42.3147 
0.991459 0.0450197 0.0447012 100000 216.133 
0.995543 0.0171383 0.0468091 100000 593.094 
0.994806 0.0237788 0.0468091 100000 423.147 
0.919519 0.299544 0.223997 100000 24.4084 
0.779198 0.490504 0.223997 100000 7.84616 
0.792024 0.480631 0.223997 100000 8.4329 
0.292576 0.593599 1.35339 100000 1.33322 
0.292576 0.593599 1.35339 100000 1.33322 
0.935124 0.263447 0.066739 100000 26.0781 
0.994496 0.0260803 0.0447012 100000 383.416 
0.744072 0.512045 0.177148 100000 6.2543 
0.995583 0.0158609 0.0788491 100000 667.458 
0.814178 0.459444 0.0970847 100000 8.48364 
0.691017 0.53744 0.230801 100000 5.15676 
0.988537 0.0612196 0.066739 100000 159.669 
0.992858 0.0363552 0.12054 100000 294.486 
0.991459 0.0450197 0.0447012 100000 216.133 
0.913095 0.317565 0.079825 100000 19.3951 
0.414889 0.589694 0.698831 100000 2.48328 
0.734925 0.517961 0.223846 100000 6.2543 
0.9424 0.242714 0.0636125 100000 29.4486 
0.808419 0.466154 0.130991 100000 8.48364 
0.568198 0.572084 0.407886 100000 3.67478 
0.825046 0.45098 0.153863 100000 9.65523 
0.802491 0.472064 0.166438 100000 8.48364 
0.993242 0.0343676 0.0636125 100000 294.486 
0.556094 0.573455 0.556891 100000 3.88926 
0.995727 0.0144511 0.0447012 100000 704.504 
0.982069 0.0936642 0.1085 100000 104.025 
0.566766 0.5724 0.415143 100000 3.67478 
0.83088 0.444169 0.115935 100000 9.65523 
0.85597 0.415181 0.155029 100000 12.0702 
0.987874 0.0644251 0.12054 100000 159.669 
0.976946 0.117433 0.0636125 100000 76.1799 
0.989628 0.0553213 0.0636125 100000 177.538 
0.301195 0.592874 1.57675 100000 0.965333 
0.676562 0.539924 0.181327 100000 4.63057 
0.982379 0.0923108 0.0919616 100000 104.025 
0.983226 0.0880632 0.0468091 100000 104.025 
0.405767 0.590183 0.698831 100000 2.39541 
0.482509 0.578694 0.362274 100000 2.613 
0.994274 0.0274545 0.0797003 100000 379.267 
0.789107 0.48284 0.166438 100000 7.84616 
0.881819 0.377191 0.144885 100000 14.8885 
0.993075 0.0351849 0.102152 100000 299.57 
0.99566 0.0153935 0.0529134 100000 667.458 
0.994806 0.0237788 0.0468091 100000 423.147 
0.830521 0.444544 0.115935 100000 9.63168 
0.993242 0.0343676 0.0636125 100000 294.486 
0.981844 0.0945939 0.12054 100000 104.025 
0.568198 0.572084 0.407886 100000 3.67478 
0.995653 0.0155208 0.0529134 100000 661.846 
0.987874 0.0644251 0.12054 100000 159.669 
0.576492 0.570509 0.479476 100000 3.98686 
0.7476 0.510263 0.181327 100000 6.38999 
0.91317 0.317378 0.0789831 100000 19.3951 
0.771686 0.493177 0.12054 100000 6.8031 
0.995766 0.0131245 0.0470272 100000 779.902 
0.301195 0.592874 1.57675 100000 0.965333 
0.748007 0.507899 0.135177 100000 6.11517 
0.95002 0.217831 0.171797 100000 38.3354 
0.792024 0.480631 0.223997 100000 8.4329 
