0.995673 0.565595 1.60712 0.426941 1500 0.0442509 0.0696865 1500 
0.995665 0.58271 5.90899 0.426941 1500 0.0442509 0.0696865 1500 
0.995344 0.614032 1500 0.287485 1500 0.0442509 0.277738 1500 
0.995668 0.578687 4.093 0.426941 1500 0.0442509 0.0696865 1500 
0.995675 0.53379 0.145792 0.426941 1500 0.0442509 0.0696865 1500 
0.995665 0.582669 5.90899 0.426941 1500 0.0442509 0.0696865 1500 
0.995675 0.536718 0.199374 0.426941 1500 0.0442509 0.0696865 1500 
0.995665 0.582658 5.90899 0.426941 1500 0.0442509 0.0696865 1500 
0.995673 0.565592 1.60712 0.426941 1500 0.0442509 0.0696865 1500 
0.995673 0.565605 1.60712 0.426941 1500 0.0442509 0.0696865 1500 
0.995675 0.533719 0.145792 0.426941 1500 0.0442509 0.0696865 1500 
0.995671 0.571585 2.40742 0.426941 1500 0.0442509 0.0696865 1500 
0.995367 0.6134 1500 0.248703 1500 0.0442509 0.277738 1500 
0.995387 0.610978 1500 0.190733 1500 0.0442509 0.277738 1500 
0.99567 0.575204 3.11793 0.426941 1500 0.0442509 0.0696865 1500 
0.995618 0.599532 27.8643 0.426941 1500 0.0442509 0.0954293 1500 
0.995384 0.611082 1500 0.190733 1500 0.0442509 0.277738 1500 
0.995671 0.571671 2.40742 0.426941 1500 0.0442509 0.0696865 1500 
0.995665 0.584877 5.90899 0.426941 1500 0.0442509 0.0758993 1500 
0.995619 0.599467 27.8643 0.426941 1500 0.0442509 0.0954293 1500 
0.995614 0.599626 27.8643 0.426941 1500 0.0442509 0.0954293 1500 
0.995673 0.56557 1.60712 0.426941 1500 0.0442509 0.0696865 1500 
0.995618 0.599479 27.8643 0.426941 1500 0.0442509 0.0954293 1500 
0.995671 0.565679 1.60712 0.426941 1500 0.0442509 0.0696865 1500 
0.995665 0.582583 5.90899 0.426941 1500 0.0442509 0.0696865 1500 
0.995675 0.544116 0.375145 0.426941 1500 0.0442509 0.0696865 1500 
0.995388 0.611037 1500 0.190733 1500 0.0442509 0.277738 1500 
0.995665 0.58257 5.90899 0.426941 1500 0.0442509 0.0696865 1500 
0.995675 0.536687 0.199374 0.426941 1500 0.0442509 0.0696865 1500 
0.995671 0.57161 2.40742 0.426941 1500 0.0442509 0.0696865 1500 
0.995575 0.601293 68.4647 0.426941 1500 0.0442509 0.0954293 1500 
0.995673 0.56558 1.60712 0.426941 1500 0.0442509 0.0696865 1500 
0.995675 0.53675 0.199374 0.426941 1500 0.0442509 0.0696865 1500 
0.995673 0.565614 1.60712 0.426941 1500 0.0442509 0.0696865 1500 
0.995611 0.599953 31.2541 0.426941 1500 0.0442509 0.0954293 1500 
0.995673 0.565577 1.60712 0.426941 1500 0.0442509 0.0696865 1500 
0.995384 0.611085 1500 0.190733 1500 0.0442509 0.277738 1500 
0.995673 0.565575 1.60712 0.426941 1500 0.0442509 0.0696865 1500 
0.995673 0.565554 1.60712 0.426941 1500 0.0442509 0.0696865 1500 
0.995665 0.582661 5.90899 0.426941 1500 0.0442509 0.0696865 1500 
0.995618 0.599488 27.8643 0.426941 1500 0.0442509 0.0954293 1500 
0.995671 0.571381 2.37777 0.426941 1500 0.0442509 0.0696865 1500 
0.995673 0.565618 1.60712 0.426941 1500 0.0442509 0.0696865 1500 
0.995665 0.582629 5.90899 0.426941 1500 0.0442509 0.0696865 1500 
0.995665 0.582557 5.90899 0.426941 1500 0.0442509 0.0696865 1500 
0.995673 0.565597 1.60712 0.426941 1500 0.0442509 0.0696865 1500 
0.995675 0.545338 0.411435 0.426941 1500 0.0442509 0.0696865 1500 
0.995618 0.599545 27.8643 0.426941 1500 0.0442509 0.0954293 1500 
0.99546 0.604609 1500 0.190733 1500 0.0442509 0.167378 1500 
0.995618 0.599407 27.8643 0.426941 1500 0.0442509 0.0954293 1500 
0.995675 0.53676 0.199374 0.426941 1500 0.0442509 0.0696865 1500 
0.995618 0.599472 27.8643 0.426941 1500 0.0442509 0.0954293 1500 
0.995639 0.593376 8.97614 0.426941 1500 0.0442509 0.0954293 1500 
0.995639 0.593416 8.97614 0.426941 1500 0.0442509 0.0954293 1500 
0.9956 0.600788 44.8608 0.426941 1500 0.0442509 0.0954293 1500 
0.995631 0.596819 14.6349 0.426941 1500 0.0442509 0.0954293 1500 
0.995639 0.593326 8.97614 0.426941 1500 0.0442509 0.0954293 1500 
0.995369 0.613286 1500 0.248703 1500 0.0442509 0.277738 1500 
0.995626 0.598466 20.6978 0.426941 1500 0.0442509 0.0954293 1500 
0.995673 0.565588 1.60712 0.426941 1500 0.0442509 0.0696865 1500 
0.995453 0.604694 1500 0.190733 1500 0.0442509 0.167378 1500 
0.995639 0.593381 8.97614 0.426941 1500 0.0442509 0.0954293 1500 
0.995638 0.593343 8.97614 0.426941 1500 0.0442509 0.0954293 1500 
0.995673 0.565649 1.60712 0.426941 1500 0.0442509 0.0696865 1500 
0.995639 0.593433 8.97614 0.426941 1500 0.0442509 0.0954293 1500 
0.995639 0.593424 8.97614 0.426941 1500 0.0442509 0.0954293 1500 
0.995633 0.595982 12.9056 0.426941 1500 0.0442509 0.0954293 1500 
0.995673 0.565632 1.60712 0.426941 1500 0.0442509 0.0696865 1500 
0.995625 0.59872 22.133 0.426941 1500 0.0442509 0.0954293 1500 
0.9956 0.600771 44.8608 0.426941 1500 0.0442509 0.0954293 1500 
0.995665 0.584772 5.90899 0.426941 1500 0.0442509 0.0758993 1500 
0.995611 0.599958 31.2541 0.426941 1500 0.0442509 0.0954293 1500 
0.995665 0.584826 5.90899 0.426941 1500 0.0442509 0.0758993 1500 
0.995624 0.598741 22.133 0.426941 1500 0.0442509 0.0954293 1500 
0.99566 0.588656 8.97614 0.426941 1500 0.0442509 0.0758993 1500 
0.995639 0.593461 8.97614 0.426941 1500 0.0442509 0.0954293 1500 
0.995614 0.599953 31.2541 0.426941 1500 0.0442509 0.0954293 1500 
0.995665 0.582731 5.90899 0.426941 1500 0.0442509 0.0696865 1500 
0.995639 0.593441 8.97614 0.426941 1500 0.0442509 0.0954293 1500 
0.995344 0.614045 1500 0.287485 1500 0.0442509 0.277738 1500 
0.995639 0.593436 8.97614 0.426941 1500 0.0442509 0.0954293 1500 
0.995671 0.571485 2.37777 0.426941 1500 0.0442509 0.0696865 1500 
0.995638 0.594267 10.0688 0.426941 1500 0.0442509 0.0954293 1500 
0.995673 0.565613 1.60712 0.426941 1500 0.0442509 0.0696865 1500 
0.995673 0.565603 1.60712 0.426941 1500 0.0442509 0.0696865 1500 
0.995626 0.598393 20.6978 0.426941 1500 0.0442509 0.0954293 1500 
0.995618 0.599499 27.8643 0.426941 1500 0.0442509 0.0954293 1500 
0.99567 0.575161 3.11793 0.426941 1500 0.0442509 0.0696865 1500 
0.995675 0.536741 0.199374 0.426941 1500 0.0442509 0.0696865 1500 
0.995614 0.599852 31.2541 0.426941 1500 0.0442509 0.0954293 1500 
0.995632 0.596336 13.5431 0.426941 1500 0.0442509 0.0954293 1500 
0.995618 0.599551 27.8643 0.426941 1500 0.0442509 0.0954293 1500 
0.995639 0.59344 8.97614 0.426941 1500 0.0442509 0.0954293 1500 
0.995675 0.533795 0.145792 0.426941 1500 0.0442509 0.0696865 1500 
0.995598 0.600831 44.8608 0.426941 1500 0.0442509 0.0954293 1500 
0.995673 0.565632 1.60712 0.426941 1500 0.0442509 0.0696865 1500 
0.995672 0.561205 1.2068 0.426941 1500 0.0442509 0.0696865 1500 
0.995459 0.604605 1500 0.190733 1500 0.0442509 0.167378 1500 
0.995673 0.565612 1.60712 0.426941 1500 0.0442509 0.0696865 1500 
0.995665 0.582588 5.90899 0.426941 1500 0.0442509 0.0696865 1500 
0.995639 0.593407 8.97614 0.426941 1500 0.0442509 0.0954293 1500 
0.995633 0.596759 14.6349 0.426941 1500 0.0442509 0.0954293 1500 
0.995665 0.581112 5.14644 0.426941 1500 0.0442509 0.0696865 1500 
0.995385 0.611038 1500 0.190733 1500 0.0442509 0.277738 1500 
0.995672 0.567398 1.80642 0.426941 1500 0.0442509 0.0696865 1500 
0.995478 0.60256 9.8676 0.426941 1500 0.0442509 0.167378 1500 
0.995673 0.565609 1.60712 0.426941 1500 0.0442509 0.0696865 1500 
0.995591 0.600944 46.6621 0.426941 1500 0.0442509 0.0954293 1500 
0.995459 0.604657 1500 0.190733 1500 0.0442509 0.167378 1500 
0.995673 0.565577 1.60712 0.426941 1500 0.0442509 0.0696865 1500 
0.995665 0.58258 5.90899 0.426941 1500 0.0442509 0.0696865 1500 
0.995365 0.613399 1500 0.248703 1500 0.0442509 0.277738 1500 
0.995638 0.593327 8.97614 0.426941 1500 0.0442509 0.0954293 1500 
0.995661 0.588564 8.97614 0.426941 1500 0.0442509 0.0758993 1500 
0.995675 0.545339 0.411435 0.426941 1500 0.0442509 0.0696865 1500 
0.995656 0.588669 8.97614 0.426941 1500 0.0442509 0.0758993 1500 
0.995673 0.565588 1.60712 0.426941 1500 0.0442509 0.0696865 1500 
0.995614 0.599872 31.2541 0.426941 1500 0.0442509 0.0954293 1500 
0.995614 0.59986 31.2541 0.426941 1500 0.0442509 0.0954293 1500 
0.995614 0.599829 31.2541 0.426941 1500 0.0442509 0.0954293 1500 
0.995639 0.593372 8.97614 0.426941 1500 0.0442509 0.0954293 1500 
0.995597 0.600803 44.8608 0.426941 1500 0.0442509 0.0954293 1500 
0.995644 0.592113 8.97614 0.426941 1500 0.0442509 0.08916 1500 
0.995638 0.594269 10.0688 0.426941 1500 0.0442509 0.0954293 1500 
0.995669 0.57528 3.11793 0.426941 1500 0.0442509 0.0696865 1500 
0.99561 0.600627 27.8643 0.426941 1500 0.0442509 0.101099 1500 
0.995662 0.584919 5.90899 0.426941 1500 0.0442509 0.0758993 1500 
0.995675 0.536704 0.199374 0.426941 1500 0.0442509 0.0696865 1500 
0.99548 0.602344 9.53375 0.426941 1500 0.0442509 0.167378 1500 
0.995618 0.599533 27.8643 0.426941 1500 0.0442509 0.0954293 1500 
0.995478 0.603409 1500 0.190733 1500 0.0442509 0.167378 1500 
0.995673 0.565558 1.60712 0.426941 1500 0.0442509 0.0696865 1500 
0.995618 0.599522 27.8643 0.426941 1500 0.0442509 0.0954293 1500 
0.995571 0.601455 68.4647 0.426941 1500 0.0442509 0.0954293 1500 
0.995676 0.529669 0.0837911 0.426941 1500 0.0442509 0.0696865 1500 
0.995673 0.565552 1.60712 0.426941 1500 0.0442509 0.0696865 1500 
0.995673 0.565601 1.60712 0.426941 1500 0.0442509 0.0696865 1500 
0.995665 0.584734 5.90899 0.426941 1500 0.0442509 0.0758993 1500 
0.995675 0.544355 0.381173 0.426941 1500 0.0442509 0.0696865 1500 
0.995673 0.565546 1.60712 0.426941 1500 0.0442509 0.0696865 1500 
0.995673 0.565572 1.60712 0.426941 1500 0.0442509 0.0696865 1500 
0.995572 0.601447 68.4647 0.426941 1500 0.0442509 0.0954293 1500 
0.995638 0.594396 10.0688 0.426941 1500 0.0442509 0.0954293 1500 
0.995639 0.593435 8.97614 0.426941 1500 0.0442509 0.0954293 1500 
0.9956 0.600712 42.1949 0.426941 1500 0.0442509 0.0954293 1500 
0.995618 0.5991 25.3447 0.426941 1500 0.0442509 0.0954293 1500 
0.995661 0.588463 8.97614 0.426941 1500 0.0442509 0.0758993 1500 
0.995625 0.59869 22.133 0.426941 1500 0.0442509 0.0954293 1500 
0.995675 0.536686 0.199374 0.426941 1500 0.0442509 0.0696865 1500 
0.995673 0.545354 0.411435 0.426941 1500 0.0442509 0.0696865 1500 
0.995618 0.59956 27.8643 0.426941 1500 0.0442509 0.0954293 1500 
0.995367 0.613364 1500 0.248703 1500 0.0442509 0.277738 1500 
0.995624 0.59871 22.133 0.426941 1500 0.0442509 0.0954293 1500 
0.9956 0.600665 44.8608 0.426941 1500 0.0442509 0.0954293 1500 
0.995671 0.57158 2.40742 0.426941 1500 0.0442509 0.0696865 1500 
0.995615 0.599906 31.2541 0.426941 1500 0.0442509 0.0954293 1500 
0.995618 0.599624 27.8643 0.426941 1500 0.0442509 0.0954293 1500 
0.995665 0.582597 5.90899 0.426941 1500 0.0442509 0.0696865 1500 
0.995639 0.59333 8.97614 0.426941 1500 0.0442509 0.0954293 1500 
0.995665 0.582612 5.90899 0.426941 1500 0.0442509 0.0696865 1500 
0.995638 0.593507 8.97614 0.426941 1500 0.0442509 0.0954293 1500 
0.995648 0.589959 15.7653 0.426941 1500 0.0442509 0.0696865 1500 
0.99567 0.57523 3.11793 0.426941 1500 0.0442509 0.0696865 1500 
0.995671 0.571443 2.37777 0.426941 1500 0.0442509 0.0696865 1500 
0.995673 0.565658 1.60712 0.426941 1500 0.0442509 0.0696865 1500 
0.995638 0.593466 8.97614 0.426941 1500 0.0442509 0.0954293 1500 
0.995671 0.571592 2.40742 0.426941 1500 0.0442509 0.0696865 1500 
0.995614 0.599867 31.2541 0.426941 1500 0.0442509 0.0954293 1500 
0.995657 0.588668 8.97614 0.426941 1500 0.0442509 0.0758993 1500 
0.995675 0.533788 0.145792 0.426941 1500 0.0442509 0.0696865 1500 
0.995615 0.59984 31.2541 0.426941 1500 0.0442509 0.0954293 1500 
0.995653 0.589143 8.97614 0.426941 1500 0.0442509 0.0774559 1500 
0.995669 0.573267 2.69188 0.426941 1500 0.0442509 0.0696865 1500 
0.995675 0.5338 0.145792 0.426941 1500 0.0442509 0.0696865 1500 
0.995623 0.59891 23.1274 0.426941 1500 0.0442509 0.0954293 1500 
0.995639 0.593375 8.97614 0.426941 1500 0.0442509 0.0954293 1500 
0.995662 0.584911 5.90899 0.426941 1500 0.0442509 0.0758993 1500 
0.995671 0.571561 2.40742 0.426941 1500 0.0442509 0.0696865 1500 
0.995673 0.565548 1.60712 0.426941 1500 0.0442509 0.0696865 1500 
0.995675 0.536714 0.199374 0.426941 1500 0.0442509 0.0696865 1500 
0.99566 0.586341 8.97614 0.426941 1500 0.0442509 0.0696865 1500 
0.995639 0.593435 8.97614 0.426941 1500 0.0442509 0.0954293 1500 
0.995364 0.613417 1500 0.248703 1500 0.0442509 0.277738 1500 
0.995673 0.56557 1.60712 0.426941 1500 0.0442509 0.0696865 1500 
0.99566 0.586295 8.97614 0.426941 1500 0.0442509 0.0696865 1500 
0.995614 0.599894 31.2541 0.426941 1500 0.0442509 0.0954293 1500 
0.995665 0.582744 5.90899 0.426941 1500 0.0442509 0.0696865 1500 
0.995343 0.614082 1500 0.287485 1500 0.0442509 0.277738 1500 
0.995637 0.593497 8.97614 0.426941 1500 0.0442509 0.0954293 1500 
0.995639 0.593352 8.97614 0.426941 1500 0.0442509 0.0954293 1500 
0.995665 0.580671 4.91672 0.426941 1500 0.0442509 0.0696865 1500 
0.995668 0.578648 4.093 0.426941 1500 0.0442509 0.0696865 1500 
0.995673 0.565648 1.60712 0.426941 1500 0.0442509 0.0696865 1500 
0.995675 0.536766 0.199374 0.426941 1500 0.0442509 0.0696865 1500 
0.995638 0.593412 8.97614 0.426941 1500 0.0442509 0.0954293 1500 
0.995665 0.582605 5.90899 0.426941 1500 0.0442509 0.0696865 1500 
0.995618 0.599538 27.8643 0.426941 1500 0.0442509 0.0954293 1500 
0.995673 0.565545 1.60712 0.426941 1500 0.0442509 0.0696865 1500 
0.995639 0.593477 8.97614 0.426941 1500 0.0442509 0.0954293 1500 
0.995676 0.531038 0.103395 0.426941 1500 0.0442509 0.0696865 1500 
