0.303558 0.441823 0.156046 100000 1.24874 
0.231662 0.450243 0.232339 100000 1.02856 
0.231662 0.450243 0.232339 100000 1.02856 
0.243225 0.449473 0.194729 100000 1.02856 
0.231662 0.450243 0.232339 100000 1.02856 
0.231662 0.450243 0.232339 100000 1.02856 
0.514849 0.379585 0.0273825 100000 2.15378 
0.231662 0.450243 0.232339 100000 1.02856 
0.392179 0.423462 0.0237733 100000 1.37477 
0.231662 0.450243 0.232339 100000 1.02856 
0.231662 0.450243 0.232339 100000 1.02856 
0.813805 0.169922 0.0273825 100000 8.21912 
0.324983 0.438237 0.104888 100000 1.24874 
0.384496 0.425134 0.0237733 100000 1.33682 
0.881746 0.0997683 0.0440975 100000 7.61297 
0.81711 0.154613 0.0440975 100000 4.53219 
0.609275 0.310767 0.0938977 100000 3.49264 
0.231662 0.450243 0.232339 100000 1.02856 
0.252699 0.448402 0.166478 100000 1.02856 
0.488618 0.393735 1.87677 100000 0.00734401 
0.231662 0.450243 0.232339 100000 1.02856 
0.231662 0.450243 0.232339 100000 1.02856 
0.877314 0.10015 0.0651794 100000 7.61297 
0.384496 0.425134 0.0237733 100000 1.33682 
0.971187 0.015032 0.0918637 100000 112.541 
0.231662 0.450243 0.232339 100000 1.02856 
0.81499 0.16978 0.0237733 100000 8.21912 
0.299444 0.442374 0.166706 100000 1.24874 
0.546785 0.364098 0.0237733 100000 2.40224 
0.281908 0.444408 0.11493 100000 1.0712 
0.324983 0.438237 0.104888 100000 1.24874 
0.231662 0.450243 0.232339 100000 1.02856 
0.913923 0.0764042 0.0440975 100000 20.7157 
0.391318 0.423707 0.0267359 100000 1.379 
0.568508 0.352166 0.0237733 100000 2.60443 
0.813805 0.169922 0.0273825 100000 8.21912 
0.231662 0.450243 0.232339 100000 1.02856 
0.252699 0.448402 0.166478 100000 1.02856 
0.81711 0.154613 0.0440975 100000 4.53219 
0.973747 0.0139079 0.0217088 100000 121.075 
0.324983 0.438237 0.104888 100000 1.24874 
0.231662 0.450243 0.232339 100000 1.02856 
0.889345 0.0931931 0.0440975 100000 8.21912 
0.394736 0.422828 0.0208265 100000 1.379 
0.289648 0.444106 0.134035 100000 1.1407 
0.231662 0.450243 0.232339 100000 1.02856 
0.488618 0.393735 1.87677 100000 0.00734401 
0.344947 0.434253 1.28667 100000 0.0789776 
0.231662 0.450243 0.232339 100000 1.02856 
0.324983 0.438237 0.104888 100000 1.24874 
0.643672 0.304998 0.0237733 100000 3.49264 
0.276384 0.444505 0.232339 100000 1.24874 
0.813805 0.169922 0.0273825 100000 8.21912 
0.231662 0.450243 0.232339 100000 1.02856 
0.231662 0.450243 0.232339 100000 1.02856 
0.514849 0.379585 0.0273825 100000 2.15378 
0.324983 0.438237 0.104888 100000 1.24874 
0.274787 0.444586 0.237292 100000 1.24874 
0.405969 0.420142 0.0217088 100000 1.43897 
0.231662 0.450243 0.232339 100000 1.02856 
0.609275 0.310767 0.0938977 100000 3.49264 
0.231662 0.450243 0.232339 100000 1.02856 
0.33093 0.437048 0.0918637 100000 1.24874 
0.312203 0.44052 0.134035 100000 1.24768 
0.231662 0.450243 0.232339 100000 1.02856 
0.247816 0.449001 0.18077 100000 1.02856 
0.730049 0.232753 0.0237733 100000 5.30066 
0.231662 0.450243 0.232339 100000 1.02856 
0.941789 0.0470648 0.0440975 100000 17.1534 
0.528439 0.370024 0.0440975 100000 2.34198 
0.602025 0.332707 0.0217088 100000 2.94634 
0.88543 0.099442 0.0267359 100000 7.61297 
0.281908 0.444408 0.11493 100000 1.0712 
0.231662 0.450243 0.232339 100000 1.02856 
0.357224 0.431467 0.0918637 100000 1.379 
0.231662 0.450243 0.232339 100000 1.02856 
0.469036 0.399498 0.0273825 100000 1.82627 
0.609347 0.310718 0.0938977 100000 3.49364 
0.312029 0.440543 0.134979 100000 1.24874 
0.333846 0.43563 0.142289 100000 1.37477 
0.970997 0.0162424 103.935 100000 0.0789776 
0.231662 0.450243 0.232339 100000 1.02856 
0.324983 0.438237 0.104888 100000 1.24874 
0.881746 0.0997683 0.0440975 100000 7.61297 
0.384496 0.425134 0.0237733 100000 1.33682 
0.324983 0.438237 0.104888 100000 1.24874 
0.231662 0.450243 0.232339 100000 1.02856 
0.391318 0.423707 0.0267359 100000 1.379 
0.231662 0.450243 0.232339 100000 1.02856 
0.324983 0.438237 0.104888 100000 1.24874 
0.274787 0.444586 0.237292 100000 1.24874 
0.946677 0.0360266 0.173384 100000 46.4585 
0.342856 0.434578 0.104888 100000 1.33682 
0.877314 0.10015 0.0651794 100000 7.61297 
0.250316 0.448706 0.173384 100000 1.02856 
0.357224 0.431467 0.0918637 100000 1.379 
0.231662 0.450243 0.232339 100000 1.02856 
0.231662 0.450243 0.232339 100000 1.02856 
0.231662 0.450243 0.232339 100000 1.02856 
0.324983 0.438237 0.104888 100000 1.24874 
0.88543 0.099442 0.0267359 100000 7.61297 
0.281908 0.444408 0.11493 100000 1.0712 
0.281908 0.444408 0.11493 100000 1.0712 
0.877314 0.10015 0.0651794 100000 7.61297 
0.231662 0.450243 0.232339 100000 1.02856 
0.243225 0.449473 0.194729 100000 1.02856 
0.231662 0.450243 0.232339 100000 1.02856 
0.231662 0.450243 0.232339 100000 1.02856 
0.231662 0.450243 0.232339 100000 1.02856 
0.276384 0.444505 0.232339 100000 1.24874 
0.231662 0.450243 0.232339 100000 1.02856 
0.231662 0.450243 0.232339 100000 1.02856 
0.231662 0.450243 0.232339 100000 1.02856 
0.472442 0.398516 0.0237733 100000 1.83475 
0.963563 0.0174737 0.249494 100000 96.4048 
0.788801 0.182059 0.0651794 100000 7.61297 
0.231662 0.450243 0.232339 100000 1.02856 
0.391318 0.423707 0.0267359 100000 1.379 
0.81711 0.154613 0.0440975 100000 4.53219 
0.231662 0.450243 0.232339 100000 1.02856 
0.231662 0.450243 0.232339 100000 1.02856 
0.231662 0.450243 0.232339 100000 1.02856 
0.231662 0.450243 0.232339 100000 1.02856 
0.231662 0.450243 0.232339 100000 1.02856 
0.391318 0.423707 0.0267359 100000 1.379 
0.609275 0.310767 0.0938977 100000 3.49264 
0.231662 0.450243 0.232339 100000 1.02856 
0.342856 0.434578 0.104888 100000 1.33682 
0.47115 0.399021 0.0237733 100000 1.82627 
0.231662 0.450243 0.232339 100000 1.02856 
0.324983 0.438237 0.104888 100000 1.24874 
0.877314 0.10015 0.0651794 100000 7.61297 
0.694748 0.262669 0.0440975 100000 4.53219 
0.231662 0.450243 0.232339 100000 1.02856 
0.546785 0.364098 0.0237733 100000 2.40224 
0.231662 0.450243 0.232339 100000 1.02856 
0.391318 0.423707 0.0267359 100000 1.379 
0.81499 0.16978 0.0237733 100000 8.21912 
0.247816 0.449001 0.18077 100000 1.02856 
0.231662 0.450243 0.232339 100000 1.02856 
0.881746 0.0997683 0.0440975 100000 7.61297 
0.231662 0.450243 0.232339 100000 1.02856 
0.342856 0.434578 0.104888 100000 1.33682 
0.231662 0.450243 0.232339 100000 1.02856 
0.351107 0.432644 0.104888 100000 1.379 
0.779321 0.183174 0.0938977 100000 7.61297 
0.281908 0.444408 0.11493 100000 1.0712 
0.312029 0.440543 0.134979 100000 1.24874 
0.609235 0.310773 0.0939841 100000 3.49264 
0.231662 0.450243 0.232339 100000 1.02856 
0.88543 0.099442 0.0267359 100000 7.61297 
0.231662 0.450243 0.232339 100000 1.02856 
0.357224 0.431467 0.0918637 100000 1.379 
0.514849 0.379585 0.0273825 100000 2.15378 
0.665208 0.275369 4.26562 100000 0.0789776 
0.81711 0.154613 0.0440975 100000 4.53219 
0.546785 0.364098 0.0237733 100000 2.40224 
0.252699 0.448402 0.166478 100000 1.02856 
0.281908 0.444408 0.11493 100000 1.0712 
0.47115 0.399021 0.0237733 100000 1.82627 
0.469036 0.399498 0.0273825 100000 1.82627 
0.54797 0.363854 0.0217088 100000 2.40224 
0.230221 0.450294 0.237292 100000 1.02856 
0.231662 0.450243 0.232339 100000 1.02856 
0.247816 0.449001 0.18077 100000 1.02856 
0.643672 0.304998 0.0237733 100000 3.49264 
0.252699 0.448402 0.166478 100000 1.02856 
0.324983 0.438237 0.104888 100000 1.24874 
0.391318 0.423707 0.0267359 100000 1.379 
0.324983 0.438237 0.104888 100000 1.24874 
0.231662 0.450243 0.232339 100000 1.02856 
0.788801 0.182059 0.0651794 100000 7.61297 
0.231662 0.450243 0.232339 100000 1.02856 
0.391318 0.423707 0.0267359 100000 1.379 
0.231662 0.450243 0.232339 100000 1.02856 
0.250316 0.448706 0.173384 100000 1.02856 
0.231662 0.450243 0.232339 100000 1.02856 
0.636784 0.310211 0.0217088 100000 3.38115 
0.81499 0.16978 0.0237733 100000 8.21912 
0.877314 0.10015 0.0651794 100000 7.61297 
0.369337 0.428933 0.0673476 100000 1.379 
0.426632 0.414292 0.0267359 100000 1.56666 
0.342856 0.434578 0.104888 100000 1.33682 
0.247816 0.449001 0.18077 100000 1.02856 
0.609275 0.310767 0.0938977 100000 3.49264 
0.231662 0.450243 0.232339 100000 1.02856 
0.231662 0.450243 0.232339 100000 1.02856 
0.469036 0.399498 0.0273825 100000 1.82627 
0.324983 0.438237 0.104888 100000 1.24874 
0.231662 0.450243 0.232339 100000 1.02856 
0.469036 0.399498 0.0273825 100000 1.82627 
0.32655 0.437363 0.142289 100000 1.33682 
0.231662 0.450243 0.232339 100000 1.02856 
0.303558 0.441823 0.156046 100000 1.24874 
0.54797 0.363854 0.0217088 100000 2.40224 
0.404765 0.420446 0.0237733 100000 1.43897 
0.231662 0.450243 0.232339 100000 1.02856 
0.231662 0.450243 0.232339 100000 1.02856 
0.231662 0.450243 0.232339 100000 1.02856 
0.881746 0.0997683 0.0440975 100000 7.61297 
0.779985 0.183097 0.0918637 100000 7.61297 
0.609347 0.310718 0.0938977 100000 3.49364 
0.877314 0.10015 0.0651794 100000 7.61297 
0.391318 0.423707 0.0267359 100000 1.379 
0.231662 0.450243 0.232339 100000 1.02856 
0.231662 0.450243 0.232339 100000 1.02856 
0.324983 0.438237 0.104888 100000 1.24874 
0.404765 0.420446 0.0237733 100000 1.43897 
0.47115 0.399021 0.0237733 100000 1.82627 
0.32605 0.437439 0.143495 100000 1.33682 
0.81499 0.16978 0.0237733 100000 8.21912 
0.393024 0.423271 0.0237733 100000 1.379 
0.871768 0.100612 0.0918637 100000 7.61297 
0.357224 0.431467 0.0918637 100000 1.379 
0.231662 0.450243 0.232339 100000 1.02856 
0.735436 0.231061 0.0440975 100000 5.48667 
0.231662 0.450243 0.232339 100000 1.02856 
0.391318 0.423707 0.0267359 100000 1.379 
0.57189 0.349473 0.0273825 100000 2.65788 
0.779321 0.183174 0.0938977 100000 7.61297 
0.89341 0.0928493 0.0237733 100000 8.21912 
0.299444 0.442374 0.166706 100000 1.24874 
0.231662 0.450243 0.232339 100000 1.02856 
0.281908 0.444408 0.11493 100000 1.0712 
0.33093 0.437048 0.0918637 100000 1.24874 
0.231662 0.450243 0.232339 100000 1.02856 
0.231662 0.450243 0.232339 100000 1.02856 
0.243225 0.449473 0.194729 100000 1.02856 
0.231662 0.450243 0.232339 100000 1.02856 
0.231662 0.450243 0.232339 100000 1.02856 
0.971187 0.015032 0.0918637 100000 112.541 
0.231662 0.450243 0.232339 100000 1.02856 
0.877314 0.10015 0.0651794 100000 7.61297 
0.694748 0.262669 0.0440975 100000 4.53219 
0.231662 0.450243 0.232339 100000 1.02856 
0.282414 0.444116 0.214142 100000 1.24874 
0.252699 0.448402 0.166478 100000 1.02856 
0.469036 0.399498 0.0273825 100000 1.82627 
0.324983 0.438237 0.104888 100000 1.24874 
0.702723 0.262223 0.0237733 100000 4.50443 
0.218721 0.450812 0.237292 100000 0.975256 
0.247816 0.449001 0.18077 100000 1.02856 
0.81711 0.154613 0.0440975 100000 4.53219 
0.609235 0.310773 0.0939841 100000 3.49264 
0.324983 0.438237 0.104888 100000 1.24874 
0.324983 0.438237 0.104888 100000 1.24874 
0.665208 0.275369 4.26562 100000 0.0789776 
0.231662 0.450243 0.232339 100000 1.02856 
0.281908 0.444408 0.11493 100000 1.0712 
0.472442 0.398516 0.0237733 100000 1.83475 
0.269053 0.446669 0.147687 100000 1.0712 
0.479162 0.396051 0.0217088 100000 1.87131 
0.324983 0.438237 0.104888 100000 1.24874 
0.393277 0.423244 0.0440975 100000 1.43897 
0.813805 0.169922 0.0273825 100000 8.21912 
0.303558 0.441823 0.156046 100000 1.24874 
0.871768 0.100612 0.0918637 100000 7.61297 
0.231662 0.450243 0.232339 100000 1.02856 
0.391318 0.423707 0.0267359 100000 1.379 
0.357224 0.431467 0.0918637 100000 1.379 
0.324983 0.438237 0.104888 100000 1.24874 
0.813805 0.169922 0.0273825 100000 8.21912 
0.252699 0.448402 0.166478 100000 1.02856 
0.384496 0.425134 0.0237733 100000 1.33682 
0.404765 0.420446 0.0237733 100000 1.43897 
0.469036 0.399498 0.0273825 100000 1.82627 
0.324983 0.438237 0.104888 100000 1.24874 
0.528439 0.370024 0.0440975 100000 2.34198 
0.779321 0.183174 0.0938977 100000 7.61297 
0.231662 0.450243 0.232339 100000 1.02856 
0.230221 0.450294 0.237292 100000 1.02856 
0.281908 0.444408 0.11493 100000 1.0712 
0.881746 0.0997683 0.0440975 100000 7.61297 
0.231662 0.450243 0.232339 100000 1.02856 
0.324983 0.438237 0.104888 100000 1.24874 
0.329987 0.437242 0.0938977 100000 1.24874 
0.371361 0.427257 0.104888 100000 1.48699 
0.231662 0.450243 0.232339 100000 1.02856 
0.231662 0.450243 0.232339 100000 1.02856 
0.881746 0.0997683 0.0440975 100000 7.61297 
0.231662 0.450243 0.232339 100000 1.02856 
0.636784 0.310211 0.0217088 100000 3.38115 
0.447249 0.407541 0.0273825 100000 1.68917 
0.88543 0.099442 0.0267359 100000 7.61297 
0.364259 0.429084 0.0267359 100000 1.24874 
0.231662 0.450243 0.232339 100000 1.02856 
0.231662 0.450243 0.232339 100000 1.02856 
0.247816 0.449001 0.18077 100000 1.02856 
0.391318 0.423707 0.0267359 100000 1.379 
0.231662 0.450243 0.232339 100000 1.02856 
0.231662 0.450243 0.232339 100000 1.02856 
0.546785 0.364098 0.0237733 100000 2.40224 
0.351107 0.432644 0.104888 100000 1.379 
0.231662 0.450243 0.232339 100000 1.02856 
0.238308 0.449877 0.210276 100000 1.02856 
0.312029 0.440543 0.134979 100000 1.24874 
0.33093 0.437048 0.0918637 100000 1.24874 
0.231662 0.450243 0.232339 100000 1.02856 
0.369337 0.428933 0.0673476 100000 1.379 
0.643672 0.304998 0.0237733 100000 3.49264 
0.881746 0.0997683 0.0440975 100000 7.61297 
0.304356 0.441672 0.156046 100000 1.25269 
0.324983 0.438237 0.104888 100000 1.24874 
0.231662 0.450243 0.232339 100000 1.02856 
0.252699 0.448402 0.166478 100000 1.02856 
0.546785 0.364098 0.0237733 100000 2.40224 
0.231662 0.450243 0.232339 100000 1.02856 
0.231662 0.450243 0.232339 100000 1.02856 
0.231662 0.450243 0.232339 100000 1.02856 
0.231662 0.450243 0.232339 100000 1.02856 
0.276384 0.444505 0.232339 100000 1.24874 
0.231662 0.450243 0.232339 100000 1.02856 
0.324983 0.438237 0.104888 100000 1.24874 
0.357224 0.431467 0.0918637 100000 1.379 
0.351107 0.432644 0.104888 100000 1.379 
0.324983 0.438237 0.104888 100000 1.24874 
0.426632 0.414292 0.0267359 100000 1.56666 
0.946677 0.0360266 0.173384 100000 46.4585 
0.969445 0.0172514 0.0918637 100000 96.4048 
0.231662 0.450243 0.232339 100000 1.02856 
0.281908 0.444408 0.11493 100000 1.0712 
0.81711 0.154613 0.0440975 100000 4.53219 
0.324983 0.438237 0.104888 100000 1.24874 
0.391318 0.423707 0.0267359 100000 1.379 
0.231662 0.450243 0.232339 100000 1.02856 
0.230221 0.450294 0.237292 100000 1.02856 
0.231662 0.450243 0.232339 100000 1.02856 
0.231662 0.450243 0.232339 100000 1.02856 
0.324983 0.438237 0.104888 100000 1.24874 
0.231662 0.450243 0.232339 100000 1.02856 
0.545092 0.364443 0.0267359 100000 2.40224 
0.813805 0.169922 0.0273825 100000 8.21912 
0.231662 0.450243 0.232339 100000 1.02856 
0.231662 0.450243 0.232339 100000 1.02856 
0.779321 0.183174 0.0938977 100000 7.61297 
0.231662 0.450243 0.232339 100000 1.02856 
0.80836 0.170567 0.0440975 100000 8.21912 
0.803596 0.180249 0.0217088 100000 7.61297 
0.644744 0.304806 0.0217088 100000 3.49264 
0.776933 0.192776 0.0217088 100000 3.3659 
0.231662 0.450243 0.232339 100000 1.02856 
0.231662 0.450243 0.232339 100000 1.02856 
0.405969 0.420142 0.0217088 100000 1.43897 
0.788801 0.182059 0.0651794 100000 7.61297 
0.247816 0.449001 0.18077 100000 1.02856 
0.231662 0.450243 0.232339 100000 1.02856 
0.243225 0.449473 0.194729 100000 1.02856 
0.231662 0.450243 0.232339 100000 1.02856 
0.252699 0.448402 0.166478 100000 1.02856 
0.54797 0.363854 0.0217088 100000 2.40224 
0.303558 0.441823 0.156046 100000 1.24874 
0.472442 0.398516 0.0237733 100000 1.83475 
0.231662 0.450243 0.232339 100000 1.02856 
0.231662 0.450243 0.232339 100000 1.02856 
0.813805 0.169922 0.0273825 100000 8.21912 
0.231662 0.450243 0.232339 100000 1.02856 
0.469036 0.399498 0.0273825 100000 1.82627 
0.231662 0.450243 0.232339 100000 1.02856 
0.549879 0.358501 0.0440975 100000 2.53398 
0.391318 0.423707 0.0267359 100000 1.379 
0.33093 0.437048 0.0918637 100000 1.24874 
0.388278 0.424475 0.0320785 100000 1.379 
0.231662 0.450243 0.232339 100000 1.02856 
0.231662 0.450243 0.232339 100000 1.02856 
0.237116 0.449958 0.214142 100000 1.02856 
0.391318 0.423707 0.0267359 100000 1.379 
0.946677 0.0360266 0.173384 100000 46.4585 
0.231662 0.450243 0.232339 100000 1.02856 
0.269053 0.446669 0.147687 100000 1.0712 
0.231662 0.450243 0.232339 100000 1.02856 
0.306863 0.441346 0.147687 100000 1.24874 
0.303558 0.441823 0.156046 100000 1.24874 
0.231662 0.450243 0.232339 100000 1.02856 
0.231662 0.450243 0.232339 100000 1.02856 
0.231662 0.450243 0.232339 100000 1.02856 
0.608802 0.317967 0.0651794 100000 3.30361 
0.237116 0.449958 0.214142 100000 1.02856 
0.391318 0.423707 0.0267359 100000 1.379 
0.231662 0.450243 0.232339 100000 1.02856 
0.243225 0.449473 0.194729 100000 1.02856 
0.252699 0.448402 0.166478 100000 1.02856 
0.735436 0.231061 0.0440975 100000 5.48667 
0.324763 0.438278 0.104888 100000 1.24768 
0.231662 0.450243 0.232339 100000 1.02856 
0.469036 0.399498 0.0273825 100000 1.82627 
0.312029 0.440543 0.134979 100000 1.24874 
0.391318 0.423707 0.0267359 100000 1.379 
0.231662 0.450243 0.232339 100000 1.02856 
0.231662 0.450243 0.232339 100000 1.02856 
0.391318 0.423707 0.0267359 100000 1.379 
0.351107 0.432644 0.104888 100000 1.379 
0.788801 0.182059 0.0651794 100000 7.61297 
0.31242 0.44048 0.134035 100000 1.24874 
0.231662 0.450243 0.232339 100000 1.02856 
0.252699 0.448402 0.166478 100000 1.02856 
0.231662 0.450243 0.232339 100000 1.02856 
0.231662 0.450243 0.232339 100000 1.02856 
0.802881 0.180338 0.0237733 100000 7.61297 
0.252699 0.448402 0.166478 100000 1.02856 
0.231662 0.450243 0.232339 100000 1.02856 
0.231662 0.450243 0.232339 100000 1.02856 
0.655387 0.281744 0.0237733 100000 1.84296 
0.324983 0.438237 0.104888 100000 1.24874 
0.472442 0.398516 0.0237733 100000 1.83475 
0.357224 0.431467 0.0918637 100000 1.379 
0.885292 0.0994544 0.0273825 100000 7.61297 
0.788801 0.182059 0.0651794 100000 7.61297 
0.393024 0.423271 0.0237733 100000 1.379 
0.231662 0.450243 0.232339 100000 1.02856 
0.250316 0.448706 0.173384 100000 1.02856 
0.231662 0.450243 0.232339 100000 1.02856 
0.315247 0.440008 0.127273 100000 1.24874 
0.231662 0.450243 0.232339 100000 1.02856 
0.889345 0.0931931 0.0440975 100000 8.21912 
0.269053 0.446669 0.147687 100000 1.0712 
0.231662 0.450243 0.232339 100000 1.02856 
0.247816 0.449001 0.18077 100000 1.02856 
0.469036 0.399498 0.0273825 100000 1.82627 
0.276384 0.444505 0.232339 100000 1.24874 
0.467034 0.400337 0.0267359 100000 1.81077 
0.802881 0.180338 0.0237733 100000 7.61297 
0.394222 0.422962 0.0217088 100000 1.379 
0.391318 0.423707 0.0267359 100000 1.379 
0.312203 0.44052 0.134035 100000 1.24768 
0.281908 0.444408 0.11493 100000 1.0712 
0.871768 0.100612 0.0918637 100000 7.61297 
0.357224 0.431467 0.0918637 100000 1.379 
0.231662 0.450243 0.232339 100000 1.02856 
0.276384 0.444505 0.232339 100000 1.24874 
0.3385 0.435371 0.11493 100000 1.33773 
0.247816 0.449001 0.18077 100000 1.02856 
0.438852 0.410422 0.0267359 100000 1.63689 
0.281908 0.444408 0.11493 100000 1.0712 
0.357224 0.431467 0.0918637 100000 1.379 
0.33093 0.437048 0.0918637 100000 1.24874 
0.281908 0.444408 0.11493 100000 1.0712 
0.200972 0.450925 0.258768 100000 0.92049 
0.342856 0.434578 0.104888 100000 1.33682 
0.231662 0.450243 0.232339 100000 1.02856 
0.231662 0.450243 0.232339 100000 1.02856 
0.231662 0.450243 0.232339 100000 1.02856 
0.32605 0.437439 0.143495 100000 1.33682 
0.514849 0.379585 0.0273825 100000 2.15378 
0.231662 0.450243 0.232339 100000 1.02856 
0.231662 0.450243 0.232339 100000 1.02856 
0.391318 0.423707 0.0267359 100000 1.379 
0.231662 0.450243 0.232339 100000 1.02856 
0.609275 0.310767 0.0938977 100000 3.49264 
0.231662 0.450243 0.232339 100000 1.02856 
0.231662 0.450243 0.232339 100000 1.02856 
0.393024 0.423271 0.0237733 100000 1.379 
0.231662 0.450243 0.232339 100000 1.02856 
0.274727 0.446281 0.166478 100000 1.12896 
0.274787 0.444586 0.237292 100000 1.24874 
0.342856 0.434578 0.104888 100000 1.33682 
0.973307 0.0149539 0.0267359 100000 112.541 
0.231662 0.450243 0.232339 100000 1.02856 
0.231662 0.450243 0.232339 100000 1.02856 
0.231662 0.450243 0.232339 100000 1.02856 
0.250316 0.448706 0.173384 100000 1.02856 
0.384496 0.425134 0.0237733 100000 1.33682 
0.281908 0.444408 0.11493 100000 1.0712 
0.391318 0.423707 0.0267359 100000 1.379 
0.602025 0.332707 0.0217088 100000 2.94634 
0.391318 0.423707 0.0267359 100000 1.379 
0.33093 0.437048 0.0918637 100000 1.24874 
0.231662 0.450243 0.232339 100000 1.02856 
0.384496 0.425134 0.0237733 100000 1.33682 
0.281908 0.444408 0.11493 100000 1.0712 
0.250316 0.448706 0.173384 100000 1.02856 
0.514397 0.37968 0.0281661 100000 2.15378 
0.299444 0.442374 0.166706 100000 1.24874 
0.281908 0.444408 0.11493 100000 1.0712 
0.231662 0.450243 0.232339 100000 1.02856 
0.257583 0.448051 0.166706 100000 1.05073 
0.881746 0.0997683 0.0440975 100000 7.61297 
0.25262 0.448413 0.166706 100000 1.02856 
0.25262 0.448413 0.166706 100000 1.02856 
0.231662 0.450243 0.232339 100000 1.02856 
0.299444 0.442374 0.166706 100000 1.24874 
0.735436 0.231061 0.0440975 100000 5.48667 
0.609275 0.310767 0.0938977 100000 3.49264 
0.324983 0.438237 0.104888 100000 1.24874 
0.281908 0.444408 0.11493 100000 1.0712 
0.276384 0.444505 0.232339 100000 1.24874 
0.231662 0.450243 0.232339 100000 1.02856 
0.788801 0.182059 0.0651794 100000 7.61297 
0.324983 0.438237 0.104888 100000 1.24874 
0.321029 0.438946 0.104888 100000 1.22984 
0.472442 0.398516 0.0237733 100000 1.83475 
0.801857 0.180466 0.0267359 100000 7.61297 
0.324983 0.438237 0.104888 100000 1.24874 
0.231662 0.450243 0.232339 100000 1.02856 
0.329987 0.437242 0.0938977 100000 1.24874 
0.231662 0.450243 0.232339 100000 1.02856 
0.276384 0.444505 0.232339 100000 1.24874 
0.238308 0.449877 0.210276 100000 1.02856 
0.231662 0.450243 0.232339 100000 1.02856 
0.231662 0.450243 0.232339 100000 1.02856 
0.265959 0.447132 0.156046 100000 1.0712 
0.230221 0.450294 0.237292 100000 1.02856 
0.250316 0.448706 0.173384 100000 1.02856 
0.369337 0.428933 0.0673476 100000 1.379 
0.276384 0.444505 0.232339 100000 1.24874 
0.391318 0.423707 0.0267359 100000 1.379 
0.243225 0.449473 0.194729 100000 1.02856 
0.231662 0.450243 0.232339 100000 1.02856 
0.231662 0.450243 0.232339 100000 1.02856 
0.231662 0.450243 0.232339 100000 1.02856 
0.886062 0.0993852 0.0237733 100000 7.61297 
0.231662 0.450243 0.232339 100000 1.02856 
0.231662 0.450243 0.232339 100000 1.02856 
0.231662 0.450243 0.232339 100000 1.02856 
0.542011 0.367275 0.020096 100000 2.34198 
0.711157 0.242216 0.0267359 100000 2.40224 
0.342856 0.434578 0.104888 100000 1.33682 
0.609275 0.310767 0.0938977 100000 3.49264 
0.231662 0.450243 0.232339 100000 1.02856 
0.282414 0.444116 0.214142 100000 1.24874 
0.54797 0.363854 0.0217088 100000 2.40224 
0.324983 0.438237 0.104888 100000 1.24874 
0.231662 0.450243 0.232339 100000 1.02856 
0.250316 0.448706 0.173384 100000 1.02856 
0.357224 0.431467 0.0918637 100000 1.379 
0.33093 0.437048 0.0918637 100000 1.24874 
0.318367 0.439151 0.0918637 100000 1.18981 
0.404765 0.420446 0.0237733 100000 1.43897 
0.231662 0.450243 0.232339 100000 1.02856 
0.869361 0.108299 0.0938977 100000 14.2157 
0.81499 0.16978 0.0237733 100000 8.21912 
0.231662 0.450243 0.232339 100000 1.02856 
0.324983 0.438237 0.104888 100000 1.24874 
0.231662 0.450243 0.232339 100000 1.02856 
0.788801 0.182059 0.0651794 100000 7.61297 
0.479162 0.396051 0.0217088 100000 1.87131 
0.973404 0.0149503 0.0237733 100000 112.541 
0.358145 0.431243 0.0918637 100000 1.38374 
0.779321 0.183174 0.0938977 100000 7.61297 
0.364259 0.429084 0.0267359 100000 1.24874 
0.814017 0.169896 0.0267359 100000 8.21912 
0.231662 0.450243 0.232339 100000 1.02856 
0.609275 0.310767 0.0938977 100000 3.49264 
0.231662 0.450243 0.232339 100000 1.02856 
0.231662 0.450243 0.232339 100000 1.02856 
0.231662 0.450243 0.232339 100000 1.02856 
0.447249 0.407541 0.0273825 100000 1.68917 
0.231662 0.450243 0.232339 100000 1.02856 
0.711157 0.242216 0.0267359 100000 2.40224 
0.886502 0.0993453 0.0217088 100000 7.61297 
0.231662 0.450243 0.232339 100000 1.02856 
0.357224 0.431467 0.0918637 100000 1.379 
0.469036 0.399498 0.0273825 100000 1.82627 
0.247816 0.449001 0.18077 100000 1.02856 
0.351107 0.432644 0.104888 100000 1.379 
0.788077 0.182145 0.0673476 100000 7.61297 
0.803596 0.180249 0.0217088 100000 7.61297 
0.54797 0.363854 0.0217088 100000 2.40224 
0.231662 0.450243 0.232339 100000 1.02856 
0.252699 0.448402 0.166478 100000 1.02856 
0.250316 0.448706 0.173384 100000 1.02856 
0.469036 0.399498 0.0273825 100000 1.82627 
0.247816 0.449001 0.18077 100000 1.02856 
0.333846 0.43563 0.142289 100000 1.37477 
0.704069 0.261195 0.0237733 100000 4.53219 
0.231662 0.450243 0.232339 100000 1.02856 
0.231662 0.450243 0.232339 100000 1.02856 
0.357224 0.431467 0.0918637 100000 1.379 
0.231662 0.450243 0.232339 100000 1.02856 
0.351107 0.432644 0.104888 100000 1.379 
0.33093 0.437048 0.0918637 100000 1.24874 
0.962371 0.0293071 0.0440975 100000 56.7257 
0.742317 0.22555 0.0440975 100000 5.67801 
0.801634 0.180494 0.0273825 100000 7.61297 
0.231662 0.450243 0.232339 100000 1.02856 
0.971187 0.015032 0.0918637 100000 112.541 
0.431693 0.412697 0.0273825 100000 1.59755 
0.231662 0.450243 0.232339 100000 1.02856 
0.231662 0.450243 0.232339 100000 1.02856 
0.70723 0.245814 0.0237733 100000 2.34198 
0.231662 0.450243 0.232339 100000 1.02856 
0.252699 0.448402 0.166478 100000 1.02856 
0.391318 0.423707 0.0267359 100000 1.379 
0.609347 0.310718 0.0938977 100000 3.49364 
0.324983 0.438237 0.104888 100000 1.24874 
0.386774 0.424877 0.0440975 100000 1.40528 
0.357224 0.431467 0.0918637 100000 1.379 
0.404765 0.420446 0.0237733 100000 1.43897 
0.231662 0.450243 0.232339 100000 1.02856 
0.369337 0.428933 0.0673476 100000 1.379 
0.391318 0.423707 0.0267359 100000 1.379 
0.231662 0.450243 0.232339 100000 1.02856 
0.231662 0.450243 0.232339 100000 1.02856 
0.231662 0.450243 0.232339 100000 1.02856 
0.231662 0.450243 0.232339 100000 1.02856 
0.247816 0.449001 0.18077 100000 1.02856 
0.609235 0.310773 0.0939841 100000 3.49264 
0.231662 0.450243 0.232339 100000 1.02856 
0.694748 0.262669 0.0440975 100000 4.53219 
0.231662 0.450243 0.232339 100000 1.02856 
0.231662 0.450243 0.232339 100000 1.02856 
0.231662 0.450243 0.232339 100000 1.02856 
0.250316 0.448706 0.173384 100000 1.02856 
0.801634 0.180494 0.0273825 100000 7.61297 
0.324983 0.438237 0.104888 100000 1.24874 
0.391318 0.423707 0.0267359 100000 1.379 
0.303558 0.441823 0.156046 100000 1.24874 
0.231662 0.450243 0.232339 100000 1.02856 
0.252699 0.448402 0.166478 100000 1.02856 
0.299444 0.442374 0.166706 100000 1.24874 
0.231662 0.450243 0.232339 100000 1.02856 
0.231662 0.450243 0.232339 100000 1.02856 
0.545092 0.364443 0.0267359 100000 2.40224 
0.276384 0.444505 0.232339 100000 1.24874 
0.391318 0.423707 0.0267359 100000 1.379 
0.231662 0.450243 0.232339 100000 1.02856 
0.384496 0.425134 0.0237733 100000 1.33682 
0.426632 0.414292 0.0267359 100000 1.56666 
0.231662 0.450243 0.232339 100000 1.02856 
0.231662 0.450243 0.232339 100000 1.02856 
0.877314 0.10015 0.0651794 100000 7.61297 
0.392179 0.423462 0.0237733 100000 1.37477 
0.392179 0.423462 0.0237733 100000 1.37477 
0.813805 0.169922 0.0273825 100000 8.21912 
0.378795 0.42629 0.0237733 100000 1.30923 
0.324983 0.438237 0.104888 100000 1.24874 
0.231662 0.450243 0.232339 100000 1.02856 
0.546785 0.364098 0.0237733 100000 2.40224 
0.472442 0.398516 0.0237733 100000 1.83475 
0.230221 0.450294 0.237292 100000 1.02856 
0.643672 0.304998 0.0237733 100000 3.49264 
0.303558 0.441823 0.156046 100000 1.24874 
0.231662 0.450243 0.232339 100000 1.02856 
0.231662 0.450243 0.232339 100000 1.02856 
0.393024 0.423271 0.0237733 100000 1.379 
0.231662 0.450243 0.232339 100000 1.02856 
0.896601 0.0853674 0.0918637 100000 18.5 
0.231662 0.450243 0.232339 100000 1.02856 
0.231662 0.450243 0.232339 100000 1.02856 
0.324983 0.438237 0.104888 100000 1.24874 
0.88543 0.099442 0.0267359 100000 7.61297 
0.231662 0.450243 0.232339 100000 1.02856 
0.33832 0.435411 0.11493 100000 1.33682 
0.973307 0.0149539 0.0267359 100000 112.541 
0.231662 0.450243 0.232339 100000 1.02856 
0.609275 0.310767 0.0938977 100000 3.49264 
0.231662 0.450243 0.232339 100000 1.02856 
0.303558 0.441823 0.156046 100000 1.24874 
0.371361 0.427257 0.104888 100000 1.48699 
0.281908 0.444408 0.11493 100000 1.0712 
0.231662 0.450243 0.232339 100000 1.02856 
0.357224 0.431467 0.0918637 100000 1.379 
0.231662 0.450243 0.232339 100000 1.02856 
0.33093 0.437048 0.0918637 100000 1.24874 
0.231662 0.450243 0.232339 100000 1.02856 
0.306863 0.441346 0.147687 100000 1.24874 
0.702723 0.262223 0.0237733 100000 4.50443 
0.32655 0.437363 0.142289 100000 1.33682 
0.460777 0.40108 0.0440975 100000 1.83475 
0.231662 0.450243 0.232339 100000 1.02856 
0.47115 0.399021 0.0237733 100000 1.82627 
0.231662 0.450243 0.232339 100000 1.02856 
0.252699 0.448402 0.166478 100000 1.02856 
0.49923 0.387302 0.0237733 100000 2.02014 
0.231662 0.450243 0.232339 100000 1.02856 
0.269053 0.446669 0.147687 100000 1.0712 
0.324983 0.438237 0.104888 100000 1.24874 
0.813805 0.169922 0.0273825 100000 8.21912 
0.394736 0.422828 0.0208265 100000 1.379 
0.247816 0.449001 0.18077 100000 1.02856 
0.404765 0.420446 0.0237733 100000 1.43897 
0.250316 0.448706 0.173384 100000 1.02856 
0.973307 0.0149539 0.0267359 100000 112.541 
0.231662 0.450243 0.232339 100000 1.02856 
0.391318 0.423707 0.0267359 100000 1.379 
0.303911 0.441773 0.155144 100000 1.24874 
0.88543 0.099442 0.0267359 100000 7.61297 
0.303558 0.441823 0.156046 100000 1.24874 
0.231662 0.450243 0.232339 100000 1.02856 
0.391318 0.423707 0.0267359 100000 1.379 
0.231662 0.450243 0.232339 100000 1.02856 
0.779321 0.183174 0.0938977 100000 7.61297 
0.971187 0.015032 0.0918637 100000 112.541 
0.643672 0.304998 0.0237733 100000 3.49264 
0.391318 0.423707 0.0267359 100000 1.379 
0.391318 0.423707 0.0267359 100000 1.379 
0.514849 0.379585 0.0273825 100000 2.15378 
0.609275 0.310767 0.0938977 100000 3.49264 
0.609275 0.310767 0.0938977 100000 3.49264 
0.231662 0.450243 0.232339 100000 1.02856 
0.247816 0.449001 0.18077 100000 1.02856 
0.243225 0.449473 0.194729 100000 1.02856 
0.274787 0.444586 0.237292 100000 1.24874 
0.247816 0.449001 0.18077 100000 1.02856 
0.231662 0.450243 0.232339 100000 1.02856 
0.231662 0.450243 0.232339 100000 1.02856 
0.289648 0.444106 0.134035 100000 1.1407 
0.231662 0.450243 0.232339 100000 1.02856 
0.813805 0.169922 0.0273825 100000 8.21912 
0.392179 0.423462 0.0237733 100000 1.37477 
0.231662 0.450243 0.232339 100000 1.02856 
0.231662 0.450243 0.232339 100000 1.02856 
0.324983 0.438237 0.104888 100000 1.24874 
0.449363 0.407049 0.0237733 100000 1.68917 
0.281908 0.444408 0.11493 100000 1.0712 
0.231662 0.450243 0.232339 100000 1.02856 
0.802881 0.180338 0.0237733 100000 7.61297 
0.404765 0.420446 0.0237733 100000 1.43897 
0.324983 0.438237 0.104888 100000 1.24874 
0.889345 0.0931931 0.0440975 100000 8.21912 
0.81711 0.154613 0.0440975 100000 4.53219 
0.653515 0.297233 0.0273825 100000 3.66522 
0.764123 0.213816 0.0217088 100000 6.06813 
0.276384 0.444505 0.232339 100000 1.24874 
0.27109 0.446346 0.142289 100000 1.0712 
0.230221 0.450294 0.237292 100000 1.02856 
0.877314 0.10015 0.0651794 100000 7.61297 
0.57189 0.349473 0.0273825 100000 2.65788 
0.31242 0.44048 0.134035 100000 1.24874 
0.391318 0.423707 0.0267359 100000 1.379 
0.281908 0.444408 0.11493 100000 1.0712 
0.357224 0.431467 0.0918637 100000 1.379 
0.70723 0.245814 0.0237733 100000 2.34198 
0.229973 0.450301 0.238149 100000 1.02856 
0.231662 0.450243 0.232339 100000 1.02856 
0.776933 0.192776 0.0217088 100000 3.3659 
0.231662 0.450243 0.232339 100000 1.02856 
0.247816 0.449001 0.18077 100000 1.02856 
0.231662 0.450243 0.232339 100000 1.02856 
0.231662 0.450243 0.232339 100000 1.02856 
0.309037 0.441017 0.142289 100000 1.24874 
0.779321 0.183174 0.0938977 100000 7.61297 
0.231662 0.450243 0.232339 100000 1.02856 
0.231662 0.450243 0.232339 100000 1.02856 
0.362051 0.430603 0.0651794 100000 1.33682 
0.391318 0.423707 0.0267359 100000 1.379 
0.609235 0.310773 0.0939841 100000 3.49264 
0.231662 0.450243 0.232339 100000 1.02856 
0.247816 0.449001 0.18077 100000 1.02856 
0.324983 0.438237 0.104888 100000 1.24874 
0.881746 0.0997683 0.0440975 100000 7.61297 
0.393277 0.423244 0.0440975 100000 1.43897 
0.231662 0.450243 0.232339 100000 1.02856 
0.779321 0.183174 0.0938977 100000 7.61297 
0.247816 0.449001 0.18077 100000 1.02856 
0.469036 0.399498 0.0273825 100000 1.82627 
0.324983 0.438237 0.104888 100000 1.24874 
0.231662 0.450243 0.232339 100000 1.02856 
0.281908 0.444408 0.11493 100000 1.0712 
0.276384 0.444505 0.232339 100000 1.24874 
0.702723 0.262223 0.0237733 100000 4.50443 
0.231662 0.450243 0.232339 100000 1.02856 
0.243225 0.449473 0.194729 100000 1.02856 
0.384496 0.425134 0.0237733 100000 1.33682 
0.394736 0.422828 0.0208265 100000 1.379 
0.391318 0.423707 0.0267359 100000 1.379 
0.81499 0.16978 0.0237733 100000 8.21912 
0.233055 0.450184 0.227609 100000 1.02856 
0.813805 0.169922 0.0273825 100000 8.21912 
0.231662 0.450243 0.232339 100000 1.02856 
0.701045 0.262492 0.0273825 100000 4.50443 
0.357224 0.431467 0.0918637 100000 1.379 
0.877314 0.10015 0.0651794 100000 7.61297 
0.281908 0.444408 0.11493 100000 1.0712 
0.230221 0.450294 0.237292 100000 1.02856 
0.231662 0.450243 0.232339 100000 1.02856 
0.27618 0.444544 0.232339 100000 1.24768 
0.250316 0.448706 0.173384 100000 1.02856 
0.231662 0.450243 0.232339 100000 1.02856 
0.801634 0.180494 0.0273825 100000 7.61297 
0.276384 0.444505 0.232339 100000 1.24874 
0.231662 0.450243 0.232339 100000 1.02856 
0.609235 0.310773 0.0939841 100000 3.49264 
0.801857 0.180466 0.0267359 100000 7.61297 
0.231662 0.450243 0.232339 100000 1.02856 
0.391318 0.423707 0.0267359 100000 1.379 
0.281908 0.444408 0.11493 100000 1.0712 
0.609235 0.310773 0.0939841 100000 3.49264 
0.231662 0.450243 0.232339 100000 1.02856 
0.788801 0.182059 0.0651794 100000 7.61297 
0.231662 0.450243 0.232339 100000 1.02856 
0.369337 0.428933 0.0673476 100000 1.379 
0.779321 0.183174 0.0938977 100000 7.61297 
0.281908 0.444408 0.11493 100000 1.0712 
0.324983 0.438237 0.104888 100000 1.24874 
0.231662 0.450243 0.232339 100000 1.02856 
0.281908 0.444408 0.11493 100000 1.0712 
0.514849 0.379585 0.0273825 100000 2.15378 
0.393024 0.423271 0.0237733 100000 1.379 
0.393277 0.423244 0.0440975 100000 1.43897 
0.231662 0.450243 0.232339 100000 1.02856 
0.309037 0.441017 0.142289 100000 1.24874 
0.231662 0.450243 0.232339 100000 1.02856 
0.231662 0.450243 0.232339 100000 1.02856 
0.281908 0.444408 0.11493 100000 1.0712 
0.250316 0.448706 0.173384 100000 1.02856 
0.231662 0.450243 0.232339 100000 1.02856 
0.276384 0.444505 0.232339 100000 1.24874 
0.33093 0.437048 0.0918637 100000 1.24874 
0.231662 0.450243 0.232339 100000 1.02856 
0.231662 0.450243 0.232339 100000 1.02856 
0.384496 0.425134 0.0237733 100000 1.33682 
0.281908 0.444408 0.11493 100000 1.0712 
0.381609 0.426109 0.0440975 100000 1.379 
0.237116 0.449958 0.214142 100000 1.02856 
0.813805 0.169922 0.0273825 100000 8.21912 
0.231662 0.450243 0.232339 100000 1.02856 
0.802881 0.180338 0.0237733 100000 7.61297 
0.231662 0.450243 0.232339 100000 1.02856 
0.568508 0.352166 0.0237733 100000 2.60443 
0.231662 0.450243 0.232339 100000 1.02856 
0.269053 0.446669 0.147687 100000 1.0712 
0.779985 0.183097 0.0918637 100000 7.61297 
0.231662 0.450243 0.232339 100000 1.02856 
0.240691 0.449547 0.232339 100000 1.0712 
0.469036 0.399498 0.0273825 100000 1.82627 
0.231662 0.450243 0.232339 100000 1.02856 
0.281908 0.444408 0.11493 100000 1.0712 
0.393024 0.423271 0.0237733 100000 1.379 
0.238308 0.449877 0.210276 100000 1.02856 
0.231662 0.450243 0.232339 100000 1.02856 
0.546785 0.364098 0.0237733 100000 2.40224 
0.231662 0.450243 0.232339 100000 1.02856 
0.250316 0.448706 0.173384 100000 1.02856 
0.281908 0.444408 0.11493 100000 1.0712 
0.231662 0.450243 0.232339 100000 1.02856 
0.231662 0.450243 0.232339 100000 1.02856 
0.312029 0.440543 0.134979 100000 1.24874 
0.252699 0.448402 0.166478 100000 1.02856 
0.252699 0.448402 0.166478 100000 1.02856 
0.391318 0.423707 0.0267359 100000 1.379 
0.384496 0.425134 0.0237733 100000 1.33682 
0.546785 0.364098 0.0237733 100000 2.40224 
0.243225 0.449473 0.194729 100000 1.02856 
0.324983 0.438237 0.104888 100000 1.24874 
0.643672 0.304998 0.0237733 100000 3.49264 
0.231662 0.450243 0.232339 100000 1.02856 
0.231662 0.450243 0.232339 100000 1.02856 
0.942271 0.0362224 0.232339 100000 46.4585 
0.231662 0.450243 0.232339 100000 1.02856 
0.303558 0.441823 0.156046 100000 1.24874 
0.357224 0.431467 0.0918637 100000 1.379 
0.324983 0.438237 0.104888 100000 1.24874 
0.231662 0.450243 0.232339 100000 1.02856 
0.231662 0.450243 0.232339 100000 1.02856 
0.231662 0.450243 0.232339 100000 1.02856 
0.231662 0.450243 0.232339 100000 1.02856 
0.514849 0.379585 0.0273825 100000 2.15378 
0.609235 0.310773 0.0939841 100000 3.49264 
0.788801 0.182059 0.0651794 100000 7.61297 
0.391318 0.423707 0.0267359 100000 1.379 
0.252699 0.448402 0.166478 100000 1.02856 
0.231662 0.450243 0.232339 100000 1.02856 
0.546785 0.364098 0.0237733 100000 2.40224 
0.281908 0.444408 0.11493 100000 1.0712 
0.393024 0.423271 0.0237733 100000 1.379 
0.231662 0.450243 0.232339 100000 1.02856 
0.801634 0.180494 0.0273825 100000 7.61297 
0.252699 0.448402 0.166478 100000 1.02856 
0.384496 0.425134 0.0237733 100000 1.33682 
0.281908 0.444408 0.11493 100000 1.0712 
0.243225 0.449473 0.194729 100000 1.02856 
0.247816 0.449001 0.18077 100000 1.02856 
0.231662 0.450243 0.232339 100000 1.02856 
0.838118 0.132873 0.0651794 100000 5.48667 
0.231662 0.450243 0.232339 100000 1.02856 
0.545092 0.364443 0.0267359 100000 2.40224 
0.472442 0.398516 0.0237733 100000 1.83475 
0.370448 0.428687 0.0651794 100000 1.379 
0.568508 0.352166 0.0237733 100000 2.60443 
0.822236 0.153995 0.0273825 100000 4.53219 
0.247816 0.449001 0.18077 100000 1.02856 
0.240691 0.449547 0.232339 100000 1.0712 
0.231662 0.450243 0.232339 100000 1.02856 
0.357224 0.431467 0.0918637 100000 1.379 
0.694748 0.262669 0.0440975 100000 4.53219 
0.634151 0.310687 0.0267359 100000 3.38115 
0.231662 0.450243 0.232339 100000 1.02856 
0.81499 0.16978 0.0237733 100000 8.21912 
0.363895 0.429182 0.0273825 100000 1.24874 
0.321029 0.438946 0.104888 100000 1.22984 
0.324983 0.438237 0.104888 100000 1.24874 
0.324983 0.438237 0.104888 100000 1.24874 
0.369337 0.428933 0.0673476 100000 1.379 
0.342856 0.434578 0.104888 100000 1.33682 
0.230221 0.450294 0.237292 100000 1.02856 
0.276384 0.444505 0.232339 100000 1.24874 
0.231662 0.450243 0.232339 100000 1.02856 
0.231662 0.450243 0.232339 100000 1.02856 
0.276384 0.444505 0.232339 100000 1.24874 
0.239789 0.449627 0.232339 100000 1.0669 
0.231662 0.450243 0.232339 100000 1.02856 
0.231662 0.450243 0.232339 100000 1.02856 
0.702723 0.262223 0.0237733 100000 4.50443 
0.469036 0.399498 0.0273825 100000 1.82627 
0.801857 0.180466 0.0267359 100000 7.61297 
0.252699 0.448402 0.166478 100000 1.02856 
0.231662 0.450243 0.232339 100000 1.02856 
0.231662 0.450243 0.232339 100000 1.02856 
0.403049 0.420876 0.0267359 100000 1.43897 
0.801857 0.180466 0.0267359 100000 7.61297 
0.231662 0.450243 0.232339 100000 1.02856 
0.643672 0.304998 0.0237733 100000 3.49264 
0.88543 0.099442 0.0267359 100000 7.61297 
0.404765 0.420446 0.0237733 100000 1.43897 
0.231662 0.450243 0.232339 100000 1.02856 
0.694748 0.262669 0.0440975 100000 4.53219 
0.231662 0.450243 0.232339 100000 1.02856 
0.276384 0.444505 0.232339 100000 1.24874 
0.877314 0.10015 0.0651794 100000 7.61297 
0.391318 0.423707 0.0267359 100000 1.379 
0.324983 0.438237 0.104888 100000 1.24874 
0.391318 0.423707 0.0267359 100000 1.379 
0.231662 0.450243 0.232339 100000 1.02856 
0.231662 0.450243 0.232339 100000 1.02856 
0.274727 0.446281 0.166478 100000 1.12896 
0.25262 0.448413 0.166706 100000 1.02856 
0.231662 0.450243 0.232339 100000 1.02856 
0.265959 0.447132 0.156046 100000 1.0712 
0.391318 0.423707 0.0267359 100000 1.379 
0.281908 0.444408 0.11493 100000 1.0712 
0.342856 0.434578 0.104888 100000 1.33682 
0.231662 0.450243 0.232339 100000 1.02856 
0.303558 0.441823 0.156046 100000 1.24874 
0.329987 0.437242 0.0938977 100000 1.24874 
0.231662 0.450243 0.232339 100000 1.02856 
0.391318 0.423707 0.0267359 100000 1.379 
0.320542 0.439073 0.11493 100000 1.24874 
0.231662 0.450243 0.232339 100000 1.02856 
0.324983 0.438237 0.104888 100000 1.24874 
0.231662 0.450243 0.232339 100000 1.02856 
0.230221 0.450294 0.237292 100000 1.02856 
0.231662 0.450243 0.232339 100000 1.02856 
0.265959 0.447132 0.156046 100000 1.0712 
0.252699 0.448402 0.166478 100000 1.02856 
0.391318 0.423707 0.0267359 100000 1.379 
0.276384 0.444505 0.232339 100000 1.24874 
0.813805 0.169922 0.0273825 100000 8.21912 
0.813805 0.169922 0.0273825 100000 8.21912 
0.351107 0.432644 0.104888 100000 1.379 
0.88543 0.099442 0.0267359 100000 7.61297 
0.394222 0.422962 0.0217088 100000 1.379 
0.231662 0.450243 0.232339 100000 1.02856 
0.231662 0.450243 0.232339 100000 1.02856 
0.224173 0.450389 0.258768 100000 1.02856 
0.231662 0.450243 0.232339 100000 1.02856 
0.80836 0.170567 0.0440975 100000 8.21912 
0.973307 0.0149539 0.0267359 100000 112.541 
0.231662 0.450243 0.232339 100000 1.02856 
0.54797 0.363854 0.0217088 100000 2.40224 
0.390947 0.423802 0.0273825 100000 1.379 
0.913923 0.0764042 0.0440975 100000 20.7157 
0.219433 0.450786 0.232339 100000 0.972141 
0.394222 0.422962 0.0217088 100000 1.379 
0.324983 0.438237 0.104888 100000 1.24874 
0.281908 0.444408 0.11493 100000 1.0712 
0.609275 0.310767 0.0938977 100000 3.49264 
0.231662 0.450243 0.232339 100000 1.02856 
0.801857 0.180466 0.0267359 100000 7.61297 
0.303558 0.441823 0.156046 100000 1.24874 
0.381609 0.426109 0.0440975 100000 1.379 
0.342856 0.434578 0.104888 100000 1.33682 
0.231662 0.450243 0.232339 100000 1.02856 
0.404765 0.420446 0.0237733 100000 1.43897 
0.231662 0.450243 0.232339 100000 1.02856 
0.296923 0.442688 0.173384 100000 1.24874 
0.514849 0.379585 0.0273825 100000 2.15378 
0.364259 0.429084 0.0267359 100000 1.24874 
0.779985 0.183097 0.0918637 100000 7.61297 
0.426632 0.414292 0.0267359 100000 1.56666 
0.231662 0.450243 0.232339 100000 1.02856 
0.231662 0.450243 0.232339 100000 1.02856 
0.25262 0.448413 0.166706 100000 1.02856 
0.231662 0.450243 0.232339 100000 1.02856 
0.393024 0.423271 0.0237733 100000 1.379 
0.231662 0.450243 0.232339 100000 1.02856 
0.312029 0.440543 0.134979 100000 1.24874 
0.25262 0.448413 0.166706 100000 1.02856 
0.252699 0.448402 0.166478 100000 1.02856 
0.88543 0.099442 0.0267359 100000 7.61297 
0.342856 0.434578 0.104888 100000 1.33682 
0.252699 0.448402 0.166478 100000 1.02856 
0.643741 0.304951 0.0237733 100000 3.49364 
0.364259 0.429084 0.0267359 100000 1.24874 
0.231662 0.450243 0.232339 100000 1.02856 
0.25262 0.448413 0.166706 100000 1.02856 
0.342856 0.434578 0.104888 100000 1.33682 
0.57189 0.349473 0.0273825 100000 2.65788 
0.231662 0.450243 0.232339 100000 1.02856 
0.735436 0.231061 0.0440975 100000 5.48667 
0.528439 0.370024 0.0440975 100000 2.34198 
0.281908 0.444408 0.11493 100000 1.0712 
0.231662 0.450243 0.232339 100000 1.02856 
0.54797 0.363854 0.0217088 100000 2.40224 
0.237116 0.449958 0.214142 100000 1.02856 
0.32605 0.437439 0.143495 100000 1.33682 
0.391318 0.423707 0.0267359 100000 1.379 
0.281908 0.444408 0.11493 100000 1.0712 
0.239423 0.449795 0.206694 100000 1.02856 
0.342856 0.434578 0.104888 100000 1.33682 
0.546785 0.364098 0.0237733 100000 2.40224 
0.231662 0.450243 0.232339 100000 1.02856 
0.250316 0.448706 0.173384 100000 1.02856 
0.260969 0.447179 0.143495 100000 1.02856 
0.231662 0.450243 0.232339 100000 1.02856 
0.231662 0.450243 0.232339 100000 1.02856 
0.231662 0.450243 0.232339 100000 1.02856 
0.231662 0.450243 0.232339 100000 1.02856 
0.33093 0.437048 0.0918637 100000 1.24874 
0.252699 0.448402 0.166478 100000 1.02856 
0.324983 0.438237 0.104888 100000 1.24874 
0.351107 0.432644 0.104888 100000 1.379 
0.735436 0.231061 0.0440975 100000 5.48667 
0.281908 0.444408 0.11493 100000 1.0712 
0.238308 0.449877 0.210276 100000 1.02856 
0.231662 0.450243 0.232339 100000 1.02856 
0.231662 0.450243 0.232339 100000 1.02856 
0.231662 0.450243 0.232339 100000 1.02856 
0.276384 0.444505 0.232339 100000 1.24874 
0.391318 0.423707 0.0267359 100000 1.379 
0.252699 0.448402 0.166478 100000 1.02856 
0.247816 0.449001 0.18077 100000 1.02856 
0.231662 0.450243 0.232339 100000 1.02856 
0.704069 0.261195 0.0237733 100000 4.53219 
0.231662 0.450243 0.232339 100000 1.02856 
0.231662 0.450243 0.232339 100000 1.02856 
0.814017 0.169896 0.0267359 100000 8.21912 
0.33093 0.437048 0.0918637 100000 1.24874 
0.324983 0.438237 0.104888 100000 1.24874 
0.231662 0.450243 0.232339 100000 1.02856 
0.231662 0.450243 0.232339 100000 1.02856 
0.472442 0.398516 0.0237733 100000 1.83475 
0.324983 0.438237 0.104888 100000 1.24874 
0.260969 0.447179 0.143495 100000 1.02856 
0.231662 0.450243 0.232339 100000 1.02856 
0.391318 0.423707 0.0267359 100000 1.379 
0.243225 0.449473 0.194729 100000 1.02856 
0.252699 0.448402 0.166478 100000 1.02856 
0.342856 0.434578 0.104888 100000 1.33682 
0.58945 0.339245 0.0267359 100000 2.8371 
0.231662 0.450243 0.232339 100000 1.02856 
0.250316 0.448706 0.173384 100000 1.02856 
0.274787 0.444586 0.237292 100000 1.24874 
0.813805 0.169922 0.0273825 100000 8.21912 
0.231662 0.450243 0.232339 100000 1.02856 
0.247816 0.449001 0.18077 100000 1.02856 
0.231662 0.450243 0.232339 100000 1.02856 
0.546785 0.364098 0.0237733 100000 2.40224 
0.694748 0.262669 0.0440975 100000 4.53219 
0.231662 0.450243 0.232339 100000 1.02856 
0.231662 0.450243 0.232339 100000 1.02856 
0.324983 0.438237 0.104888 100000 1.24874 
0.803596 0.180249 0.0217088 100000 7.61297 
0.730049 0.232753 0.0237733 100000 5.30066 
0.269053 0.446669 0.147687 100000 1.0712 
0.250316 0.448706 0.173384 100000 1.02856 
0.274787 0.444586 0.237292 100000 1.24874 
0.247816 0.449001 0.18077 100000 1.02856 
0.231662 0.450243 0.232339 100000 1.02856 
0.802881 0.180338 0.0237733 100000 7.61297 
0.308549 0.441092 0.143495 100000 1.24874 
0.81499 0.16978 0.0237733 100000 8.21912 
0.276384 0.444505 0.232339 100000 1.24874 
0.324983 0.438237 0.104888 100000 1.24874 
0.779321 0.183174 0.0938977 100000 7.61297 
0.324983 0.438237 0.104888 100000 1.24874 
0.971187 0.015032 0.0918637 100000 112.541 
0.281908 0.444408 0.11493 100000 1.0712 
0.231662 0.450243 0.232339 100000 1.02856 
0.602025 0.332707 0.0217088 100000 2.94634 
0.392179 0.423462 0.0237733 100000 1.37477 
0.514849 0.379585 0.0273825 100000 2.15378 
0.389018 0.423937 0.0160104 100000 1.33682 
0.231662 0.450243 0.232339 100000 1.02856 
0.257583 0.448051 0.166706 100000 1.05073 
0.388278 0.424475 0.0320785 100000 1.379 
0.886502 0.0993453 0.0217088 100000 7.61297 
0.324983 0.438237 0.104888 100000 1.24874 
0.324983 0.438237 0.104888 100000 1.24874 
0.704069 0.261195 0.0237733 100000 4.53219 
0.643672 0.304998 0.0237733 100000 3.49264 
0.363895 0.429182 0.0273825 100000 1.24874 
0.247816 0.449001 0.18077 100000 1.02856 
0.404765 0.420446 0.0237733 100000 1.43897 
0.231662 0.450243 0.232339 100000 1.02856 
0.231662 0.450243 0.232339 100000 1.02856 
0.231662 0.450243 0.232339 100000 1.02856 
0.281908 0.444408 0.11493 100000 1.0712 
0.384496 0.425134 0.0237733 100000 1.33682 
0.281908 0.444408 0.11493 100000 1.0712 
0.231662 0.450243 0.232339 100000 1.02856 
0.231662 0.450243 0.232339 100000 1.02856 
0.231662 0.450243 0.232339 100000 1.02856 
0.231662 0.450243 0.232339 100000 1.02856 
0.434443 0.411822 0.0273825 100000 1.61339 
0.684383 0.264254 0.0673476 100000 4.53219 
0.231662 0.450243 0.232339 100000 1.02856 
0.541077 0.367469 0.0217088 100000 2.34198 
0.231662 0.450243 0.232339 100000 1.02856 
0.218721 0.450812 0.237292 100000 0.975256 
0.231662 0.450243 0.232339 100000 1.02856 
0.324983 0.438237 0.104888 100000 1.24874 
0.238308 0.449877 0.210276 100000 1.02856 
0.351107 0.432644 0.104888 100000 1.379 
0.274787 0.444586 0.237292 100000 1.24874 
0.265959 0.447132 0.156046 100000 1.0712 
0.81499 0.16978 0.0237733 100000 8.21912 
0.281908 0.444408 0.11493 100000 1.0712 
0.231662 0.450243 0.232339 100000 1.02856 
0.803596 0.180249 0.0217088 100000 7.61297 
0.240691 0.449547 0.232339 100000 1.0712 
0.231662 0.450243 0.232339 100000 1.02856 
0.231662 0.450243 0.232339 100000 1.02856 
0.33093 0.437048 0.0918637 100000 1.24874 
0.324983 0.438237 0.104888 100000 1.24874 
0.47115 0.399021 0.0237733 100000 1.82627 
0.231662 0.450243 0.232339 100000 1.02856 
0.347921 0.433598 0.0939841 100000 1.33682 
0.801364 0.180528 0.0281661 100000 7.61297 
0.54797 0.363854 0.0217088 100000 2.40224 
0.814017 0.169896 0.0267359 100000 8.21912 
0.609275 0.310767 0.0938977 100000 3.49264 
0.472442 0.398516 0.0237733 100000 1.83475 
0.276384 0.444505 0.232339 100000 1.24874 
0.381609 0.426109 0.0440975 100000 1.379 
0.231662 0.450243 0.232339 100000 1.02856 
0.231662 0.450243 0.232339 100000 1.02856 
0.276384 0.444505 0.232339 100000 1.24874 
0.80836 0.170567 0.0440975 100000 8.21912 
0.247816 0.449001 0.18077 100000 1.02856 
0.391318 0.423707 0.0267359 100000 1.379 
0.231662 0.450243 0.232339 100000 1.02856 
0.231662 0.450243 0.232339 100000 1.02856 
0.546785 0.364098 0.0237733 100000 2.40224 
0.333783 0.436201 0.125248 100000 1.33682 
0.393277 0.423244 0.0440975 100000 1.43897 
0.276384 0.444505 0.232339 100000 1.24874 
0.362051 0.430603 0.0651794 100000 1.33682 
0.231662 0.450243 0.232339 100000 1.02856 
0.231662 0.450243 0.232339 100000 1.02856 
0.735436 0.231061 0.0440975 100000 5.48667 
0.231662 0.450243 0.232339 100000 1.02856 
0.252699 0.448402 0.166478 100000 1.02856 
0.351107 0.432644 0.104888 100000 1.379 
0.231662 0.450243 0.232339 100000 1.02856 
0.351107 0.432644 0.104888 100000 1.379 
0.801857 0.180466 0.0267359 100000 7.61297 
0.357224 0.431467 0.0918637 100000 1.379 
0.231662 0.450243 0.232339 100000 1.02856 
0.426632 0.414292 0.0267359 100000 1.56666 
0.795908 0.1812 0.0440975 100000 7.61297 
0.303558 0.441823 0.156046 100000 1.24874 
0.602025 0.332707 0.0217088 100000 2.94634 
0.231662 0.450243 0.232339 100000 1.02856 
0.472442 0.398516 0.0237733 100000 1.83475 
0.250316 0.448706 0.173384 100000 1.02856 
0.704069 0.261195 0.0237733 100000 4.53219 
0.779321 0.183174 0.0938977 100000 7.61297 
0.231662 0.450243 0.232339 100000 1.02856 
0.231662 0.450243 0.232339 100000 1.02856 
0.276384 0.444505 0.232339 100000 1.24874 
0.276384 0.444505 0.232339 100000 1.24874 
0.391318 0.423707 0.0267359 100000 1.379 
0.391318 0.423707 0.0267359 100000 1.379 
0.324983 0.438237 0.104888 100000 1.24874 
0.231662 0.450243 0.232339 100000 1.02856 
0.342856 0.434578 0.104888 100000 1.33682 
0.369337 0.428933 0.0673476 100000 1.379 
0.231662 0.450243 0.232339 100000 1.02856 
0.231662 0.450243 0.232339 100000 1.02856 
0.274787 0.444586 0.237292 100000 1.24874 
0.950505 0.0346277 0.142289 100000 48.246 
0.312203 0.44052 0.134035 100000 1.24768 
0.369337 0.428933 0.0673476 100000 1.379 
0.296923 0.442688 0.173384 100000 1.24874 
0.231662 0.450243 0.232339 100000 1.02856 
0.237116 0.449958 0.214142 100000 1.02856 
0.320542 0.439073 0.11493 100000 1.24874 
0.231662 0.450243 0.232339 100000 1.02856 
0.469036 0.399498 0.0273825 100000 1.82627 
0.231662 0.450243 0.232339 100000 1.02856 
0.735436 0.231061 0.0440975 100000 5.48667 
0.324983 0.438237 0.104888 100000 1.24874 
0.821994 0.154025 0.0281661 100000 4.53219 
0.364259 0.429084 0.0267359 100000 1.24874 
0.231662 0.450243 0.232339 100000 1.02856 
0.962371 0.0293071 0.0440975 100000 56.7257 
0.393024 0.423271 0.0237733 100000 1.379 
0.357224 0.431467 0.0918637 100000 1.379 
0.231662 0.450243 0.232339 100000 1.02856 
0.274787 0.444586 0.237292 100000 1.24874 
0.324983 0.438237 0.104888 100000 1.24874 
0.231662 0.450243 0.232339 100000 1.02856 
0.514849 0.379585 0.0273825 100000 2.15378 
0.641807 0.30533 0.0273825 100000 3.49264 
0.276384 0.444505 0.232339 100000 1.24874 
0.72732 0.242098 0.0273825 100000 5.09407 
0.231662 0.450243 0.232339 100000 1.02856 
0.324983 0.438237 0.104888 100000 1.24874 
0.868821 0.120839 0.0267359 100000 12.3759 
0.231662 0.450243 0.232339 100000 1.02856 
0.681052 0.272905 0.0440975 100000 4.26579 
0.276384 0.444505 0.232339 100000 1.24874 
0.281908 0.444408 0.11493 100000 1.0712 
0.444433 0.408733 0.0237733 100000 1.65961 
0.342856 0.434578 0.104888 100000 1.33682 
0.324983 0.438237 0.104888 100000 1.24874 
0.260969 0.447179 0.143495 100000 1.02856 
0.324983 0.438237 0.104888 100000 1.24874 
0.779985 0.183097 0.0918637 100000 7.61297 
0.231662 0.450243 0.232339 100000 1.02856 
0.200972 0.450925 0.258768 100000 0.92049 
0.231662 0.450243 0.232339 100000 1.02856 
0.426632 0.414292 0.0267359 100000 1.56666 
0.250316 0.448706 0.173384 100000 1.02856 
0.252699 0.448402 0.166478 100000 1.02856 
0.276384 0.444505 0.232339 100000 1.24874 
0.779985 0.183097 0.0918637 100000 7.61297 
0.788801 0.182059 0.0651794 100000 7.61297 
0.231662 0.450243 0.232339 100000 1.02856 
0.231662 0.450243 0.232339 100000 1.02856 
0.231662 0.450243 0.232339 100000 1.02856 
0.320323 0.439113 0.11493 100000 1.24768 
0.282414 0.444116 0.214142 100000 1.24874 
0.542431 0.366391 0.0237733 100000 2.364 
0.250316 0.448706 0.173384 100000 1.02856 
0.795908 0.1812 0.0440975 100000 7.61297 
0.250316 0.448706 0.173384 100000 1.02856 
0.231662 0.450243 0.232339 100000 1.02856 
0.324983 0.438237 0.104888 100000 1.24874 
0.276384 0.444505 0.232339 100000 1.24874 
0.469036 0.399498 0.0273825 100000 1.82627 
0.252699 0.448402 0.166478 100000 1.02856 
0.351107 0.432644 0.104888 100000 1.379 
0.231662 0.450243 0.232339 100000 1.02856 
0.231662 0.450243 0.232339 100000 1.02856 
0.276384 0.444505 0.232339 100000 1.24874 
0.306863 0.441346 0.147687 100000 1.24874 
0.324983 0.438237 0.104888 100000 1.24874 
0.231662 0.450243 0.232339 100000 1.02856 
0.426632 0.414292 0.0267359 100000 1.56666 
0.801634 0.180494 0.0273825 100000 7.61297 
0.357224 0.431467 0.0918637 100000 1.379 
0.802881 0.180338 0.0237733 100000 7.61297 
0.231662 0.450243 0.232339 100000 1.02856 
0.384496 0.425134 0.0237733 100000 1.33682 
0.779321 0.183174 0.0938977 100000 7.61297 
0.231662 0.450243 0.232339 100000 1.02856 
0.303558 0.441823 0.156046 100000 1.24874 
0.391318 0.423707 0.0267359 100000 1.379 
0.299444 0.442374 0.166706 100000 1.24874 
0.231662 0.450243 0.232339 100000 1.02856 
0.788801 0.182059 0.0651794 100000 7.61297 
0.324983 0.438237 0.104888 100000 1.24874 
0.230221 0.450294 0.237292 100000 1.02856 
0.231662 0.450243 0.232339 100000 1.02856 
0.231662 0.450243 0.232339 100000 1.02856 
0.231662 0.450243 0.232339 100000 1.02856 
0.333846 0.43563 0.142289 100000 1.37477 
0.231662 0.450243 0.232339 100000 1.02856 
0.81711 0.154613 0.0440975 100000 4.53219 
0.231662 0.450243 0.232339 100000 1.02856 
0.735436 0.231061 0.0440975 100000 5.48667 
0.788801 0.182059 0.0651794 100000 7.61297 
0.231662 0.450243 0.232339 100000 1.02856 
0.801634 0.180494 0.0273825 100000 7.61297 
0.276384 0.444505 0.232339 100000 1.24874 
0.231662 0.450243 0.232339 100000 1.02856 
0.231662 0.450243 0.232339 100000 1.02856 
0.269053 0.446669 0.147687 100000 1.0712 
0.357224 0.431467 0.0918637 100000 1.379 
0.813805 0.169922 0.0273825 100000 8.21912 
0.33093 0.437048 0.0918637 100000 1.24874 
0.240481 0.449566 0.232339 100000 1.07019 
0.643672 0.304998 0.0237733 100000 3.49264 
0.231662 0.450243 0.232339 100000 1.02856 
0.546785 0.364098 0.0237733 100000 2.40224 
0.231662 0.450243 0.232339 100000 1.02856 
0.231662 0.450243 0.232339 100000 1.02856 
0.33093 0.437048 0.0918637 100000 1.24874 
0.247816 0.449001 0.18077 100000 1.02856 
0.231662 0.450243 0.232339 100000 1.02856 
0.231662 0.450243 0.232339 100000 1.02856 
0.231662 0.450243 0.232339 100000 1.02856 
0.779321 0.183174 0.0938977 100000 7.61297 
0.231662 0.450243 0.232339 100000 1.02856 
0.393024 0.423271 0.0237733 100000 1.379 
0.45362 0.40146 0.0673476 100000 1.87131 
0.391318 0.423707 0.0267359 100000 1.379 
0.256809 0.448318 0.194729 100000 1.0912 
0.363895 0.429182 0.0273825 100000 1.24874 
0.402676 0.420968 0.0273825 100000 1.43897 
0.231662 0.450243 0.232339 100000 1.02856 
0.231662 0.450243 0.232339 100000 1.02856 
0.391318 0.423707 0.0267359 100000 1.379 
0.231662 0.450243 0.232339 100000 1.02856 
0.231662 0.450243 0.232339 100000 1.02856 
0.364259 0.429084 0.0267359 100000 1.24874 
0.324983 0.438237 0.104888 100000 1.24874 
0.243225 0.449473 0.194729 100000 1.02856 
0.231662 0.450243 0.232339 100000 1.02856 
0.309037 0.441017 0.142289 100000 1.24874 
0.243225 0.449473 0.194729 100000 1.02856 
0.231662 0.450243 0.232339 100000 1.02856 
0.33093 0.437048 0.0918637 100000 1.24874 
0.281908 0.444408 0.11493 100000 1.0712 
0.231662 0.450243 0.232339 100000 1.02856 
0.231662 0.450243 0.232339 100000 1.02856 
0.231662 0.450243 0.232339 100000 1.02856 
0.25262 0.448413 0.166706 100000 1.02856 
0.231662 0.450243 0.232339 100000 1.02856 
0.384496 0.425134 0.0237733 100000 1.33682 
0.239369 0.449799 0.206866 100000 1.02856 
0.281908 0.444408 0.11493 100000 1.0712 
0.349892 0.432869 0.107529 100000 1.379 
0.788801 0.182059 0.0651794 100000 7.61297 
0.276384 0.444505 0.232339 100000 1.24874 
0.259762 0.447958 0.173384 100000 1.0712 
0.320542 0.439073 0.11493 100000 1.24874 
0.306863 0.441346 0.147687 100000 1.24874 
0.384496 0.425134 0.0237733 100000 1.33682 
0.231662 0.450243 0.232339 100000 1.02856 
0.324983 0.438237 0.104888 100000 1.24874 
0.643672 0.304998 0.0237733 100000 3.49264 
0.276384 0.444505 0.232339 100000 1.24874 
0.231662 0.450243 0.232339 100000 1.02856 
0.81499 0.16978 0.0237733 100000 8.21912 
0.231662 0.450243 0.232339 100000 1.02856 
0.333846 0.43563 0.142289 100000 1.37477 
0.537817 0.368142 0.0273825 100000 2.34198 
0.231662 0.450243 0.232339 100000 1.02856 
0.942271 0.0362224 0.232339 100000 46.4585 
0.230221 0.450294 0.237292 100000 1.02856 
0.246272 0.449242 0.214142 100000 1.0712 
0.469036 0.399498 0.0273825 100000 1.82627 
0.802881 0.180338 0.0237733 100000 7.61297 
0.779321 0.183174 0.0938977 100000 7.61297 
0.324983 0.438237 0.104888 100000 1.24874 
0.602025 0.332707 0.0217088 100000 2.94634 
0.54797 0.363854 0.0217088 100000 2.40224 
0.257583 0.448051 0.166706 100000 1.05073 
0.329987 0.437242 0.0938977 100000 1.24874 
0.231662 0.450243 0.232339 100000 1.02856 
0.333846 0.43563 0.142289 100000 1.37477 
0.231662 0.450243 0.232339 100000 1.02856 
0.231662 0.450243 0.232339 100000 1.02856 
0.231662 0.450243 0.232339 100000 1.02856 
0.694748 0.262669 0.0440975 100000 4.53219 
0.231662 0.450243 0.232339 100000 1.02856 
0.609275 0.310767 0.0938977 100000 3.49264 
0.609235 0.310773 0.0939841 100000 3.49264 
0.231662 0.450243 0.232339 100000 1.02856 
0.231662 0.450243 0.232339 100000 1.02856 
0.281908 0.444408 0.11493 100000 1.0712 
0.9064 0.0769311 0.0918637 100000 20.7157 
0.306863 0.441346 0.147687 100000 1.24874 
0.247816 0.449001 0.18077 100000 1.02856 
0.469036 0.399498 0.0273825 100000 1.82627 
0.357224 0.431467 0.0918637 100000 1.379 
0.779321 0.183174 0.0938977 100000 7.61297 
0.324983 0.438237 0.104888 100000 1.24874 
0.281908 0.444408 0.11493 100000 1.0712 
0.357224 0.431467 0.0918637 100000 1.379 
0.231662 0.450243 0.232339 100000 1.02856 
0.231662 0.450243 0.232339 100000 1.02856 
0.233897 0.450144 0.224779 100000 1.02856 
0.694748 0.262669 0.0440975 100000 4.53219 
0.609347 0.310718 0.0938977 100000 3.49364 
0.231662 0.450243 0.232339 100000 1.02856 
0.231662 0.450243 0.232339 100000 1.02856 
0.779985 0.183097 0.0918637 100000 7.61297 
0.363895 0.429182 0.0273825 100000 1.24874 
0.247816 0.449001 0.18077 100000 1.02856 
0.231662 0.450243 0.232339 100000 1.02856 
0.247816 0.449001 0.18077 100000 1.02856 
0.391318 0.423707 0.0267359 100000 1.379 
0.303558 0.441823 0.156046 100000 1.24874 
0.274727 0.446281 0.166478 100000 1.12896 
0.231662 0.450243 0.232339 100000 1.02856 
0.54797 0.363854 0.0217088 100000 2.40224 
0.324983 0.438237 0.104888 100000 1.24874 
0.231662 0.450243 0.232339 100000 1.02856 
0.231662 0.450243 0.232339 100000 1.02856 
0.546785 0.364098 0.0237733 100000 2.40224 
0.735436 0.231061 0.0440975 100000 5.48667 
0.514849 0.379585 0.0273825 100000 2.15378 
0.609347 0.310718 0.0938977 100000 3.49364 
0.304356 0.441672 0.156046 100000 1.25269 
0.240691 0.449547 0.232339 100000 1.0712 
0.231662 0.450243 0.232339 100000 1.02856 
0.276384 0.444505 0.232339 100000 1.24874 
0.609275 0.310767 0.0938977 100000 3.49264 
0.269053 0.446669 0.147687 100000 1.0712 
0.913923 0.0764042 0.0440975 100000 20.7157 
0.231662 0.450243 0.232339 100000 1.02856 
0.801634 0.180494 0.0273825 100000 7.61297 
0.231662 0.450243 0.232339 100000 1.02856 
0.877314 0.10015 0.0651794 100000 7.61297 
0.231662 0.450243 0.232339 100000 1.02856 
0.276384 0.444505 0.232339 100000 1.24874 
0.247816 0.449001 0.18077 100000 1.02856 
0.299319 0.442403 0.166478 100000 1.24768 
0.33093 0.437048 0.0918637 100000 1.24874 
0.351107 0.432644 0.104888 100000 1.379 
0.779321 0.183174 0.0938977 100000 7.61297 
0.252699 0.448402 0.166478 100000 1.02856 
0.200972 0.450925 0.258768 100000 0.92049 
0.231662 0.450243 0.232339 100000 1.02856 
0.230221 0.450294 0.237292 100000 1.02856 
0.644744 0.304806 0.0217088 100000 3.49264 
0.546785 0.364098 0.0237733 100000 2.40224 
0.364259 0.429084 0.0267359 100000 1.24874 
0.231662 0.450243 0.232339 100000 1.02856 
0.231662 0.450243 0.232339 100000 1.02856 
0.299531 0.442363 0.166478 100000 1.24874 
0.568758 0.352024 0.0237733 100000 2.60688 
0.231662 0.450243 0.232339 100000 1.02856 
0.231662 0.450243 0.232339 100000 1.02856 
0.405969 0.420142 0.0217088 100000 1.43897 
0.31242 0.44048 0.134035 100000 1.24874 
0.33093 0.437048 0.0918637 100000 1.24874 
0.704069 0.261195 0.0237733 100000 4.53219 
0.405969 0.420142 0.0217088 100000 1.43897 
0.231662 0.450243 0.232339 100000 1.02856 
0.391318 0.423707 0.0267359 100000 1.379 
0.238308 0.449877 0.210276 100000 1.02856 
0.231662 0.450243 0.232339 100000 1.02856 
0.231662 0.450243 0.232339 100000 1.02856 
0.357224 0.431467 0.0918637 100000 1.379 
0.252699 0.448402 0.166478 100000 1.02856 
0.342856 0.434578 0.104888 100000 1.33682 
0.276384 0.444505 0.232339 100000 1.24874 
0.391318 0.423707 0.0267359 100000 1.379 
0.247816 0.449001 0.18077 100000 1.02856 
0.281908 0.444408 0.11493 100000 1.0712 
0.779321 0.183174 0.0938977 100000 7.61297 
0.281908 0.444408 0.11493 100000 1.0712 
0.324983 0.438237 0.104888 100000 1.24874 
0.342856 0.434578 0.104888 100000 1.33682 
0.342856 0.434578 0.104888 100000 1.33682 
0.779321 0.183174 0.0938977 100000 7.61297 
0.231662 0.450243 0.232339 100000 1.02856 
0.231662 0.450243 0.232339 100000 1.02856 
0.545092 0.364443 0.0267359 100000 2.40224 
0.447249 0.407541 0.0273825 100000 1.68917 
0.231662 0.450243 0.232339 100000 1.02856 
0.426632 0.414292 0.0267359 100000 1.56666 
0.788801 0.182059 0.0651794 100000 7.61297 
0.231662 0.450243 0.232339 100000 1.02856 
0.231662 0.450243 0.232339 100000 1.02856 
0.231662 0.450243 0.232339 100000 1.02856 
0.788801 0.182059 0.0651794 100000 7.61297 
0.25262 0.448413 0.166706 100000 1.02856 
0.312029 0.440543 0.134979 100000 1.24874 
0.231662 0.450243 0.232339 100000 1.02856 
0.381609 0.426109 0.0440975 100000 1.379 
0.324983 0.438237 0.104888 100000 1.24874 
0.231662 0.450243 0.232339 100000 1.02856 
0.431693 0.412697 0.0273825 100000 1.59755 
0.81499 0.16978 0.0237733 100000 8.21912 
0.351107 0.432644 0.104888 100000 1.379 
0.231662 0.450243 0.232339 100000 1.02856 
0.274787 0.444586 0.237292 100000 1.24874 
0.231662 0.450243 0.232339 100000 1.02856 
0.200972 0.450925 0.258768 100000 0.92049 
0.324983 0.438237 0.104888 100000 1.24874 
0.609275 0.310767 0.0938977 100000 3.49264 
0.871348 0.100646 0.0938977 100000 7.61297 
0.364259 0.429084 0.0267359 100000 1.24874 
0.342856 0.434578 0.104888 100000 1.33682 
0.25262 0.448413 0.166706 100000 1.02856 
0.324983 0.438237 0.104888 100000 1.24874 
0.231662 0.450243 0.232339 100000 1.02856 
0.392179 0.423462 0.0237733 100000 1.37477 
0.231662 0.450243 0.232339 100000 1.02856 
0.324983 0.438237 0.104888 100000 1.24874 
0.231662 0.450243 0.232339 100000 1.02856 
0.803596 0.180249 0.0217088 100000 7.61297 
0.391318 0.423707 0.0267359 100000 1.379 
0.356255 0.431658 0.0938977 100000 1.379 
0.469036 0.399498 0.0273825 100000 1.82627 
0.252699 0.448402 0.166478 100000 1.02856 
0.351107 0.432644 0.104888 100000 1.379 
0.354964 0.43191 0.096623 100000 1.379 
0.342856 0.434578 0.104888 100000 1.33682 
0.231662 0.450243 0.232339 100000 1.02856 
0.779293 0.183178 0.0939841 100000 7.61297 
0.33093 0.437048 0.0918637 100000 1.24874 
0.231662 0.450243 0.232339 100000 1.02856 
0.250316 0.448706 0.173384 100000 1.02856 
0.231662 0.450243 0.232339 100000 1.02856 
0.351107 0.432644 0.104888 100000 1.379 
0.518145 0.378884 0.0217088 100000 2.15378 
0.231662 0.450243 0.232339 100000 1.02856 
0.231662 0.450243 0.232339 100000 1.02856 
0.384496 0.425134 0.0237733 100000 1.33682 
0.231662 0.450243 0.232339 100000 1.02856 
0.231662 0.450243 0.232339 100000 1.02856 
0.229846 0.450305 0.238588 100000 1.02856 
0.231662 0.450243 0.232339 100000 1.02856 
0.274787 0.444586 0.237292 100000 1.24874 
