0.993427 0.70098 1500 0.0904968 0.305964 1500 0.236969 1500 
0.993407 0.701801 1500 0.143973 0.285803 1500 0.271713 1500 
0.9933 0.703897 1500 0.0904968 0.369509 1500 0.271713 1500 
0.993428 0.700706 1500 0.0621493 0.305964 1500 0.236969 1500 
0.993428 0.700711 1500 0.0621493 0.305964 1500 0.236969 1500 
0.993818 0.68337 1500 0.131379 0.147011 1500 0.0938927 1500 
0.99395 0.672854 1500 0.146663 0.0517351 1500 0.0865692 1500 
0.993428 0.700774 1500 0.067958 0.305964 1500 0.236969 1500 
0.993427 0.701075 1500 0.119944 0.305964 1500 0.236969 1500 
0.993428 0.70071 1500 0.0621493 0.305964 1500 0.236969 1500 
0.993428 0.700707 1500 0.0621493 0.305964 1500 0.236969 1500 
0.993635 0.69328 1500 0.160301 0.144279 1500 0.236969 1500 
0.993453 0.700484 1500 0.143973 0.285803 1500 0.236969 1500 
0.993673 0.692012 1500 0.160301 0.144279 1500 0.207321 1500 
0.993427 0.701077 1500 0.119944 0.305964 1500 0.236969 1500 
0.993428 0.700705 1500 0.0621493 0.305964 1500 0.236969 1500 
0.993428 0.700712 1500 0.0621493 0.305964 1500 0.236969 1500 
0.993427 0.701021 1500 0.0951103 0.305964 1500 0.236969 1500 
0.993635 0.693294 1500 0.160301 0.144279 1500 0.236969 1500 
0.993427 0.700985 1500 0.0904968 0.305964 1500 0.236969 1500 
0.993427 0.701087 1500 0.119944 0.305964 1500 0.236969 1500 
0.993427 0.701097 1500 0.119944 0.305964 1500 0.236969 1500 
0.993427 0.700988 1500 0.0904968 0.305964 1500 0.236969 1500 
0.993452 0.700415 1500 0.160301 0.285803 1500 0.236969 1500 
0.993427 0.700987 1500 0.0904968 0.305964 1500 0.236969 1500 
0.993905 0.67796 1500 0.160301 0.0872919 1500 0.0865692 1500 
0.99341 0.701359 1500 0.0904968 0.319609 1500 0.236969 1500 
0.993428 0.700712 1500 0.0621493 0.305964 1500 0.236969 1500 
0.993427 0.701017 1500 0.0951103 0.305964 1500 0.236969 1500 
0.993427 0.701017 1500 0.0951103 0.305964 1500 0.236969 1500 
0.993921 0.676556 1500 0.160301 0.0861981 1500 0.0750234 1500 
0.993427 0.701026 1500 0.143341 0.305964 1500 0.236969 1500 
0.993427 0.700981 1500 0.0904968 0.305964 1500 0.236969 1500 
0.993427 0.701078 1500 0.119944 0.305964 1500 0.236969 1500 
0.993213 0.705916 1500 0.0904968 0.369509 1500 0.338919 1500 
0.99341 0.701364 1500 0.0904968 0.319609 1500 0.236969 1500 
0.993452 0.700424 1500 0.160301 0.285803 1500 0.236969 1500 
0.993427 0.700977 1500 0.0904968 0.305964 1500 0.236969 1500 
0.993427 0.701092 1500 0.1235 0.305964 1500 0.236969 1500 
0.993427 0.701079 1500 0.119944 0.305964 1500 0.236969 1500 
0.993427 0.700983 1500 0.0904968 0.305964 1500 0.236969 1500 
0.993427 0.701087 1500 0.119944 0.305964 1500 0.236969 1500 
0.993427 0.70109 1500 0.119944 0.305964 1500 0.236969 1500 
0.993811 0.684623 1500 0.160301 0.144279 1500 0.102094 1500 
0.993921 0.676553 1500 0.160301 0.0861981 1500 0.0750234 1500 
0.993905 0.676897 1500 0.1235 0.0872919 1500 0.0865692 1500 
0.993427 0.700991 1500 0.0904968 0.305964 1500 0.236969 1500 
0.993818 0.683365 1500 0.131379 0.147011 1500 0.0938927 1500 
0.993921 0.676071 1500 0.142636 0.0861981 1500 0.0750234 1500 
0.99395 0.672855 1500 0.146663 0.0517351 1500 0.0865692 1500 
0.993621 0.693919 1500 0.0904968 0.185362 1500 0.207321 1500 
0.993427 0.701074 1500 0.119944 0.305964 1500 0.236969 1500 
0.993427 0.700976 1500 0.0904968 0.305964 1500 0.236969 1500 
0.993427 0.701009 1500 0.0951103 0.305964 1500 0.236969 1500 
0.993427 0.701078 1500 0.1235 0.305964 1500 0.236969 1500 
0.993427 0.70107 1500 0.119944 0.305964 1500 0.236969 1500 
0.993635 0.693278 1500 0.160301 0.144279 1500 0.236969 1500 
0.993428 0.700714 1500 0.0621493 0.305964 1500 0.236969 1500 
0.9933 0.703893 1500 0.0904968 0.369509 1500 0.271713 1500 
0.993428 0.700712 1500 0.0621493 0.305964 1500 0.236969 1500 
0.993428 0.700539 1500 0.0504041 0.305964 1500 0.236969 1500 
0.993452 0.700414 1500 0.160301 0.285803 1500 0.236969 1500 
0.993427 0.701032 1500 0.143341 0.305964 1500 0.236969 1500 
0.993427 0.701091 1500 0.118216 0.305964 1500 0.236969 1500 
0.993428 0.700712 1500 0.0621493 0.305964 1500 0.236969 1500 
0.99341 0.701371 1500 0.0904968 0.319609 1500 0.236969 1500 
0.993452 0.700407 1500 0.160301 0.285803 1500 0.236969 1500 
0.993428 0.70071 1500 0.0621493 0.305964 1500 0.236969 1500 
0.993428 0.70078 1500 0.067958 0.305964 1500 0.236969 1500 
0.99397 0.670742 1500 0.142636 0.0476977 1500 0.0750234 1500 
0.993428 0.700712 1500 0.0621493 0.305964 1500 0.236969 1500 
0.993453 0.700495 1500 0.119944 0.285803 1500 0.236969 1500 
0.993428 0.700549 1500 0.0504041 0.305964 1500 0.236969 1500 
0.993427 0.701093 1500 0.119944 0.305964 1500 0.236969 1500 
0.993811 0.68462 1500 0.160301 0.144279 1500 0.102094 1500 
0.99395 0.67285 1500 0.146663 0.0517351 1500 0.0865692 1500 
0.993921 0.676555 1500 0.160301 0.0861981 1500 0.0750234 1500 
0.993428 0.700709 1500 0.0621493 0.305964 1500 0.236969 1500 
0.99341 0.701364 1500 0.0904968 0.319609 1500 0.236969 1500 
0.99341 0.701362 1500 0.0904968 0.319609 1500 0.236969 1500 
0.993845 0.682332 1500 0.218438 0.144279 1500 0.0750234 1500 
0.993428 0.700704 1500 0.0621493 0.305964 1500 0.236969 1500 
0.993427 0.70109 1500 0.119944 0.305964 1500 0.236969 1500 
0.993427 0.700975 1500 0.0904968 0.305964 1500 0.236969 1500 
0.99341 0.70137 1500 0.0904968 0.319609 1500 0.236969 1500 
0.993895 0.678709 1500 0.160301 0.0872919 1500 0.0938927 1500 
0.993427 0.700987 1500 0.0904968 0.305964 1500 0.236969 1500 
0.993452 0.700414 1500 0.160301 0.285803 1500 0.236969 1500 
0.993213 0.705914 1500 0.0904968 0.369509 1500 0.338919 1500 
0.993695 0.690186 1500 0.0904968 0.185362 1500 0.151014 1500 
0.993427 0.701084 1500 0.119944 0.305964 1500 0.236969 1500 
0.993427 0.70099 1500 0.0904968 0.305964 1500 0.236969 1500 
0.993427 0.701069 1500 0.119944 0.305964 1500 0.236969 1500 
0.99341 0.701365 1500 0.0904968 0.319609 1500 0.236969 1500 
0.993427 0.700983 1500 0.0904968 0.305964 1500 0.236969 1500 
0.993428 0.700705 1500 0.0621493 0.305964 1500 0.236969 1500 
0.993535 0.697617 1500 0.0904968 0.22251 1500 0.236969 1500 
0.99341 0.701204 1500 0.067958 0.319609 1500 0.236969 1500 
0.993427 0.700988 1500 0.0904968 0.305964 1500 0.236969 1500 
0.993453 0.700479 1500 0.143973 0.285803 1500 0.236969 1500 
0.993427 0.701093 1500 0.119944 0.305964 1500 0.236969 1500 
0.992984 0.70728 1500 0.0904968 0.369509 1500 0.514496 1500 
0.993428 0.700703 1500 0.0621493 0.305964 1500 0.236969 1500 
0.993153 0.706765 1500 0.0904968 0.369509 1500 0.384764 1500 
0.993427 0.701074 1500 0.119944 0.305964 1500 0.236969 1500 
0.993427 0.700993 1500 0.0904968 0.305964 1500 0.236969 1500 
0.993427 0.701091 1500 0.119944 0.305964 1500 0.236969 1500 
0.993635 0.693277 1500 0.160301 0.144279 1500 0.236969 1500 
0.993427 0.701082 1500 0.1235 0.305964 1500 0.236969 1500 
0.99341 0.701369 1500 0.0904968 0.319609 1500 0.236969 1500 
0.993428 0.700709 1500 0.0621493 0.305964 1500 0.236969 1500 
0.993428 0.700545 1500 0.0504041 0.305964 1500 0.236969 1500 
0.99341 0.701367 1500 0.0904968 0.319609 1500 0.236969 1500 
0.993427 0.700977 1500 0.0904968 0.305964 1500 0.236969 1500 
0.993427 0.70109 1500 0.114161 0.305964 1500 0.236969 1500 
0.993428 0.700713 1500 0.0621493 0.305964 1500 0.236969 1500 
0.993631 0.693404 1500 0.146663 0.147011 1500 0.236969 1500 
0.993427 0.701071 1500 0.119944 0.305964 1500 0.236969 1500 
0.993621 0.693916 1500 0.0904968 0.185362 1500 0.207321 1500 
0.993428 0.700784 1500 0.067958 0.305964 1500 0.236969 1500 
0.993427 0.701073 1500 0.119944 0.305964 1500 0.236969 1500 
0.99341 0.701369 1500 0.0904968 0.319609 1500 0.236969 1500 
0.9933 0.703891 1500 0.0904968 0.369509 1500 0.271713 1500 
0.993114 0.707098 1500 0.0904968 0.369509 1500 0.414978 1500 
0.993631 0.693412 1500 0.146663 0.147011 1500 0.236969 1500 
0.99341 0.701367 1500 0.0904968 0.319609 1500 0.236969 1500 
0.993427 0.701079 1500 0.119944 0.305964 1500 0.236969 1500 
0.993427 0.701094 1500 0.1235 0.305964 1500 0.236969 1500 
0.993408 0.701801 1500 0.0904968 0.285803 1500 0.271713 1500 
0.993427 0.701088 1500 0.1235 0.305964 1500 0.236969 1500 
0.993427 0.701076 1500 0.119944 0.305964 1500 0.236969 1500 
0.993427 0.700988 1500 0.0904968 0.305964 1500 0.236969 1500 
0.993427 0.700984 1500 0.0904968 0.305964 1500 0.236969 1500 
0.99341 0.701359 1500 0.0904968 0.319609 1500 0.236969 1500 
0.993427 0.701069 1500 0.119944 0.305964 1500 0.236969 1500 
0.993428 0.700548 1500 0.0504041 0.305964 1500 0.236969 1500 
0.99349 0.699448 1500 0.118587 0.25676 1500 0.236969 1500 
0.993382 0.702462 1500 0.119944 0.305964 1500 0.271713 1500 
0.993426 0.701012 1500 0.146663 0.305964 1500 0.236969 1500 
0.993427 0.700983 1500 0.0904968 0.305964 1500 0.236969 1500 
0.993427 0.701021 1500 0.143341 0.305964 1500 0.236969 1500 
0.993427 0.701084 1500 0.119944 0.305964 1500 0.236969 1500 
0.993427 0.700994 1500 0.0904968 0.305964 1500 0.236969 1500 
0.993354 0.703181 1500 0.0866936 0.305964 1500 0.292938 1500 
0.993428 0.700547 1500 0.0504041 0.305964 1500 0.236969 1500 
0.993427 0.700992 1500 0.0904968 0.305964 1500 0.236969 1500 
0.993426 0.701025 1500 0.146663 0.305964 1500 0.236969 1500 
0.993621 0.693918 1500 0.0904968 0.185362 1500 0.207321 1500 
0.99341 0.701361 1500 0.0904968 0.319609 1500 0.236969 1500 
0.993854 0.680734 1500 0.411833 0.0871546 1500 0.123589 1500 
0.993427 0.700985 1500 0.0904968 0.305964 1500 0.236969 1500 
0.993428 0.700704 1500 0.0621493 0.305964 1500 0.236969 1500 
0.993535 0.697609 1500 0.0904968 0.22251 1500 0.236969 1500 
0.993427 0.701082 1500 0.119944 0.305964 1500 0.236969 1500 
0.993407 0.701793 1500 0.143341 0.285803 1500 0.271713 1500 
0.993635 0.693278 1500 0.160301 0.144279 1500 0.236969 1500 
0.993428 0.700706 1500 0.0621493 0.305964 1500 0.236969 1500 
0.993428 0.700704 1500 0.0621493 0.305964 1500 0.236969 1500 
0.993427 0.701094 1500 0.1235 0.305964 1500 0.236969 1500 
0.993428 0.700704 1500 0.0621493 0.305964 1500 0.236969 1500 
0.993427 0.700985 1500 0.0904968 0.305964 1500 0.236969 1500 
0.993427 0.700982 1500 0.0904968 0.305964 1500 0.236969 1500 
0.993427 0.700981 1500 0.0904968 0.305964 1500 0.236969 1500 
0.993428 0.700709 1500 0.0621493 0.305964 1500 0.236969 1500 
0.993427 0.701018 1500 0.0951103 0.305964 1500 0.236969 1500 
0.993621 0.693919 1500 0.0904968 0.185362 1500 0.207321 1500 
0.993427 0.701089 1500 0.119944 0.305964 1500 0.236969 1500 
0.993427 0.700985 1500 0.0904968 0.305964 1500 0.236969 1500 
0.993427 0.701086 1500 0.119944 0.305964 1500 0.236969 1500 
0.993287 0.704542 1500 0.0621493 0.305964 1500 0.345111 1500 
0.99397 0.670741 1500 0.142636 0.0476977 1500 0.0750234 1500 
0.99341 0.701373 1500 0.0904968 0.319609 1500 0.236969 1500 
0.993427 0.700981 1500 0.0904968 0.305964 1500 0.236969 1500 
0.993428 0.700604 1500 0.0543715 0.305964 1500 0.236969 1500 
0.993427 0.70099 1500 0.0904968 0.305964 1500 0.236969 1500 
0.993428 0.700714 1500 0.0621493 0.305964 1500 0.236969 1500 
0.993453 0.700377 1500 0.0951103 0.285803 1500 0.236969 1500 
0.993695 0.6903 1500 0.0951103 0.185362 1500 0.151014 1500 
0.993426 0.701007 1500 0.146663 0.305964 1500 0.236969 1500 
0.993427 0.701018 1500 0.0951103 0.305964 1500 0.236969 1500 
0.993427 0.700981 1500 0.0904968 0.305964 1500 0.236969 1500 
0.993427 0.701094 1500 0.119944 0.305964 1500 0.236969 1500 
0.993427 0.700986 1500 0.0904968 0.305964 1500 0.236969 1500 
0.993427 0.701079 1500 0.119944 0.305964 1500 0.236969 1500 
0.993427 0.700984 1500 0.0904968 0.305964 1500 0.236969 1500 
0.993428 0.700545 1500 0.0504041 0.305964 1500 0.236969 1500 
0.993428 0.700546 1500 0.0504041 0.305964 1500 0.236969 1500 
0.993674 0.691487 1500 0.119944 0.144279 1500 0.207321 1500 
0.993427 0.701082 1500 0.119944 0.305964 1500 0.236969 1500 
0.993411 0.701597 1500 0.0904968 0.25676 1500 0.298495 1500 
0.993427 0.701096 1500 0.119944 0.305964 1500 0.236969 1500 
0.993213 0.705906 1500 0.0904968 0.369509 1500 0.338919 1500 
0.99395 0.673173 1500 0.160301 0.0517351 1500 0.0865692 1500 
0.993635 0.693279 1500 0.160301 0.144279 1500 0.236969 1500 
0.993427 0.701013 1500 0.0951103 0.305964 1500 0.236969 1500 
0.993427 0.700981 1500 0.0904968 0.305964 1500 0.236969 1500 
0.993427 0.701078 1500 0.114161 0.305964 1500 0.236969 1500 
0.993905 0.677968 1500 0.160301 0.0872919 1500 0.0865692 1500 
0.993427 0.701075 1500 0.131379 0.305964 1500 0.236969 1500 
0.993427 0.701089 1500 0.119944 0.305964 1500 0.236969 1500 
0.993428 0.700714 1500 0.0621493 0.305964 1500 0.236969 1500 
0.993428 0.700712 1500 0.0621493 0.305964 1500 0.236969 1500 
0.993428 0.700705 1500 0.0621493 0.305964 1500 0.236969 1500 
0.993635 0.693294 1500 0.160301 0.144279 1500 0.236969 1500 
0.993674 0.691618 1500 0.127751 0.144279 1500 0.207321 1500 
0.993428 0.700709 1500 0.0621493 0.305964 1500 0.236969 1500 
0.993427 0.701001 1500 0.0951103 0.305964 1500 0.236969 1500 
0.993428 0.700715 1500 0.0621493 0.305964 1500 0.236969 1500 
0.993427 0.701078 1500 0.119944 0.305964 1500 0.236969 1500 
0.993427 0.700976 1500 0.0904968 0.305964 1500 0.236969 1500 
0.99341 0.701369 1500 0.0904968 0.319609 1500 0.236969 1500 
0.993427 0.701086 1500 0.119944 0.305964 1500 0.236969 1500 
0.993354 0.703178 1500 0.0866936 0.305964 1500 0.292938 1500 
0.99341 0.70137 1500 0.0904968 0.319609 1500 0.236969 1500 
0.993453 0.700482 1500 0.143973 0.285803 1500 0.236969 1500 
0.993635 0.693294 1500 0.160301 0.144279 1500 0.236969 1500 
0.993427 0.70101 1500 0.0951103 0.305964 1500 0.236969 1500 
0.993427 0.701087 1500 0.119944 0.305964 1500 0.236969 1500 
0.993427 0.700981 1500 0.0904968 0.305964 1500 0.236969 1500 
0.993409 0.701609 1500 0.0904968 0.305964 1500 0.25112 1500 
0.993428 0.700782 1500 0.067958 0.305964 1500 0.236969 1500 
0.993905 0.676778 1500 0.119944 0.0872919 1500 0.0865692 1500 
0.993452 0.700427 1500 0.160301 0.285803 1500 0.236969 1500 
0.993213 0.705912 1500 0.0904968 0.369509 1500 0.338919 1500 
0.993427 0.70102 1500 0.143973 0.305964 1500 0.236969 1500 
0.993427 0.700984 1500 0.0904968 0.305964 1500 0.236969 1500 
0.993427 0.700985 1500 0.0904968 0.305964 1500 0.236969 1500 
0.993427 0.700979 1500 0.0904968 0.305964 1500 0.236969 1500 
0.99341 0.70137 1500 0.0904968 0.319609 1500 0.236969 1500 
0.993905 0.677602 1500 0.146663 0.0872919 1500 0.0865692 1500 
0.99341 0.701373 1500 0.0904968 0.319609 1500 0.236969 1500 
0.993427 0.701093 1500 0.1235 0.305964 1500 0.236969 1500 
0.993582 0.696057 1500 0.143973 0.185362 1500 0.236969 1500 
0.993635 0.69328 1500 0.160301 0.144279 1500 0.236969 1500 
0.993747 0.688702 1500 0.160301 0.144279 1500 0.151014 1500 
0.993631 0.693401 1500 0.146663 0.147011 1500 0.236969 1500 
0.993427 0.700992 1500 0.0904968 0.305964 1500 0.236969 1500 
0.993428 0.700546 1500 0.0504041 0.305964 1500 0.236969 1500 
0.993427 0.701097 1500 0.119944 0.305964 1500 0.236969 1500 
0.993635 0.693279 1500 0.160301 0.144279 1500 0.236969 1500 
0.993427 0.701019 1500 0.143973 0.305964 1500 0.236969 1500 
0.993427 0.700988 1500 0.0904968 0.305964 1500 0.236969 1500 
0.99341 0.701365 1500 0.0904968 0.319609 1500 0.236969 1500 
0.9933 0.703897 1500 0.0904968 0.369509 1500 0.271713 1500 
0.993427 0.700979 1500 0.0904968 0.305964 1500 0.236969 1500 
0.993427 0.700981 1500 0.0904968 0.305964 1500 0.236969 1500 
0.993427 0.701087 1500 0.1235 0.305964 1500 0.236969 1500 
0.993428 0.700703 1500 0.0621493 0.305964 1500 0.236969 1500 
0.993426 0.701 1500 0.146663 0.305964 1500 0.236969 1500 
0.993428 0.700711 1500 0.0621493 0.305964 1500 0.236969 1500 
0.993558 0.696617 1500 0.0904968 0.20449 1500 0.236969 1500 
0.993818 0.683361 1500 0.131379 0.147011 1500 0.0938927 1500 
0.993674 0.691547 1500 0.1235 0.144279 1500 0.207321 1500 
0.993458 0.700355 1500 0.114161 0.28206 1500 0.236969 1500 
0.993254 0.7053 1500 0.0621493 0.337623 1500 0.338919 1500 
0.993428 0.700709 1500 0.0621493 0.305964 1500 0.236969 1500 
0.99341 0.701378 1500 0.0904968 0.319609 1500 0.236969 1500 
0.99341 0.70137 1500 0.0904968 0.319609 1500 0.236969 1500 
0.993427 0.700981 1500 0.0904968 0.305964 1500 0.236969 1500 
0.99341 0.701367 1500 0.0904968 0.319609 1500 0.236969 1500 
0.993549 0.697019 1500 0.0904968 0.21151 1500 0.236969 1500 
0.993427 0.700986 1500 0.0904968 0.305964 1500 0.236969 1500 
0.993427 0.701094 1500 0.119944 0.305964 1500 0.236969 1500 
0.993428 0.700709 1500 0.0621493 0.305964 1500 0.236969 1500 
0.993427 0.700984 1500 0.0904968 0.305964 1500 0.236969 1500 
0.993427 0.700991 1500 0.0904968 0.305964 1500 0.236969 1500 
0.993412 0.701144 1500 0.0504041 0.305964 1500 0.249464 1500 
0.993635 0.693268 1500 0.160301 0.144279 1500 0.236969 1500 
0.993621 0.693919 1500 0.0904968 0.185362 1500 0.207321 1500 
0.993427 0.700979 1500 0.0904968 0.305964 1500 0.236969 1500 
0.993427 0.701084 1500 0.1235 0.305964 1500 0.236969 1500 
0.993582 0.695846 1500 0.119944 0.185362 1500 0.236969 1500 
0.993428 0.70071 1500 0.0621493 0.305964 1500 0.236969 1500 
0.993427 0.70099 1500 0.0904968 0.305964 1500 0.236969 1500 
0.99341 0.701372 1500 0.0904968 0.319609 1500 0.236969 1500 
0.993427 0.700978 1500 0.0904968 0.305964 1500 0.236969 1500 
0.993427 0.701087 1500 0.119944 0.305964 1500 0.236969 1500 
0.993427 0.700978 1500 0.0904968 0.305964 1500 0.236969 1500 
0.993427 0.701012 1500 0.0951103 0.305964 1500 0.236969 1500 
0.993453 0.700492 1500 0.119944 0.285803 1500 0.236969 1500 
0.993637 0.693118 1500 0.0904968 0.173417 1500 0.207321 1500 
0.993427 0.701079 1500 0.119944 0.305964 1500 0.236969 1500 
0.993427 0.700911 1500 0.0803638 0.305964 1500 0.236969 1500 
0.99341 0.701365 1500 0.0904968 0.319609 1500 0.236969 1500 
0.993427 0.700975 1500 0.0904968 0.305964 1500 0.236969 1500 
0.993428 0.700711 1500 0.0621493 0.305964 1500 0.236969 1500 
0.99336 0.703052 1500 0.0866936 0.301848 1500 0.292938 1500 
0.99341 0.701363 1500 0.0904968 0.319609 1500 0.236969 1500 
0.993452 0.700429 1500 0.160301 0.285803 1500 0.236969 1500 
0.993466 0.699626 1500 0.119944 0.305964 1500 0.207321 1500 
0.993631 0.693409 1500 0.146663 0.147011 1500 0.236969 1500 
0.99341 0.701375 1500 0.0904968 0.319609 1500 0.236969 1500 
0.993427 0.70099 1500 0.0904968 0.305964 1500 0.236969 1500 
0.993428 0.700547 1500 0.0504081 0.305964 1500 0.236969 1500 
0.993427 0.700953 1500 0.0866936 0.305964 1500 0.236969 1500 
0.993428 0.700709 1500 0.0621493 0.305964 1500 0.236969 1500 
0.993427 0.701088 1500 0.119944 0.305964 1500 0.236969 1500 
0.993427 0.700982 1500 0.0904968 0.305964 1500 0.236969 1500 
0.99341 0.701363 1500 0.0904968 0.319609 1500 0.236969 1500 
0.993453 0.700367 1500 0.0951103 0.285803 1500 0.236969 1500 
0.993621 0.694813 1500 0.160301 0.185362 1500 0.207321 1500 
0.993547 0.697089 1500 0.0904968 0.212752 1500 0.236969 1500 
0.993427 0.700981 1500 0.0904968 0.305964 1500 0.236969 1500 
0.993428 0.700708 1500 0.0621493 0.305964 1500 0.236969 1500 
0.99341 0.701371 1500 0.0904968 0.319609 1500 0.236969 1500 
0.993269 0.704848 1500 0.0621493 0.305964 1500 0.358655 1500 
0.993921 0.67656 1500 0.160301 0.0861981 1500 0.0750234 1500 
0.993427 0.701074 1500 0.119944 0.305964 1500 0.236969 1500 
0.993427 0.701017 1500 0.0951103 0.305964 1500 0.236969 1500 
0.993427 0.701073 1500 0.119944 0.305964 1500 0.236969 1500 
0.993427 0.700983 1500 0.0904968 0.305964 1500 0.236969 1500 
0.993427 0.700986 1500 0.0904968 0.305964 1500 0.236969 1500 
0.993453 0.700379 1500 0.0951103 0.285803 1500 0.236969 1500 
0.993427 0.700991 1500 0.0904968 0.305964 1500 0.236969 1500 
0.99341 0.701369 1500 0.0904968 0.319609 1500 0.236969 1500 
0.993427 0.701012 1500 0.0951103 0.305964 1500 0.236969 1500 
0.993452 0.700428 1500 0.160301 0.285803 1500 0.236969 1500 
0.993465 0.699628 1500 0.1235 0.305964 1500 0.207321 1500 
0.993427 0.700988 1500 0.0904968 0.305964 1500 0.236969 1500 
0.993427 0.701079 1500 0.119944 0.305964 1500 0.236969 1500 
0.993427 0.701061 1500 0.131379 0.305964 1500 0.236969 1500 
0.993428 0.700541 1500 0.0504041 0.305964 1500 0.236969 1500 
0.993635 0.69329 1500 0.160301 0.144279 1500 0.236969 1500 
0.993428 0.700709 1500 0.0621493 0.305964 1500 0.236969 1500 
0.993427 0.700988 1500 0.0904968 0.305964 1500 0.236969 1500 
0.993428 0.700708 1500 0.0621493 0.305964 1500 0.236969 1500 
0.993453 0.700483 1500 0.143973 0.285803 1500 0.236969 1500 
0.994004 0.665521 1500 0.0866936 0.0517351 1500 0.0458025 1500 
0.993427 0.70099 1500 0.0904968 0.305964 1500 0.236969 1500 
0.993427 0.701088 1500 0.119944 0.305964 1500 0.236969 1500 
0.993428 0.700711 1500 0.0621493 0.305964 1500 0.236969 1500 
0.993277 0.704828 1500 0.0904968 0.319609 1500 0.338919 1500 
0.993427 0.700993 1500 0.0904968 0.305964 1500 0.236969 1500 
0.993427 0.700977 1500 0.0904968 0.305964 1500 0.236969 1500 
0.993674 0.691626 1500 0.127751 0.144279 1500 0.207321 1500 
0.992754 0.708081 1500 0.0904968 0.540571 1500 0.52199 1500 
0.993427 0.700982 1500 0.0904968 0.305964 1500 0.236969 1500 
0.993427 0.700988 1500 0.0904968 0.305964 1500 0.236969 1500 
0.993428 0.700712 1500 0.0621493 0.305964 1500 0.236969 1500 
0.993427 0.701071 1500 0.119944 0.305964 1500 0.236969 1500 
0.993452 0.70041 1500 0.160301 0.285803 1500 0.236969 1500 
0.993831 0.682719 1500 0.146663 0.144279 1500 0.0865692 1500 
0.993411 0.7016 1500 0.0904968 0.25676 1500 0.298495 1500 
0.993427 0.700988 1500 0.0904968 0.305964 1500 0.236969 1500 
0.993153 0.706753 1500 0.0904968 0.369509 1500 0.384764 1500 
0.993673 0.692019 1500 0.160301 0.144279 1500 0.207321 1500 
0.993965 0.671992 1500 0.160301 0.0517351 1500 0.0750234 1500 
0.993427 0.70108 1500 0.119944 0.305964 1500 0.236969 1500 
0.993427 0.700988 1500 0.0904968 0.305964 1500 0.236969 1500 
0.993428 0.700541 1500 0.0504041 0.305964 1500 0.236969 1500 
0.993427 0.701017 1500 0.0951103 0.305964 1500 0.236969 1500 
0.993454 0.700381 1500 0.160301 0.284434 1500 0.236969 1500 
0.993427 0.700985 1500 0.0904968 0.305964 1500 0.236969 1500 
0.993427 0.701079 1500 0.118216 0.305964 1500 0.236969 1500 
0.993427 0.701076 1500 0.119944 0.305964 1500 0.236969 1500 
0.993427 0.70098 1500 0.0904968 0.305964 1500 0.236969 1500 
0.993453 0.700489 1500 0.143973 0.285803 1500 0.236969 1500 
0.993427 0.701015 1500 0.0951103 0.305964 1500 0.236969 1500 
0.993428 0.700708 1500 0.0621493 0.305964 1500 0.236969 1500 
0.993427 0.701009 1500 0.0951103 0.305964 1500 0.236969 1500 
0.993427 0.701076 1500 0.119944 0.305964 1500 0.236969 1500 
0.993428 0.700548 1500 0.0504041 0.305964 1500 0.236969 1500 
0.993428 0.700712 1500 0.0621493 0.305964 1500 0.236969 1500 
0.993818 0.683368 1500 0.131379 0.147011 1500 0.0938927 1500 
0.993428 0.700711 1500 0.0621493 0.305964 1500 0.236969 1500 
0.993428 0.700715 1500 0.0621493 0.305964 1500 0.236969 1500 
0.993453 0.700377 1500 0.0951103 0.285803 1500 0.236969 1500 
0.993427 0.701084 1500 0.119944 0.305964 1500 0.236969 1500 
0.993427 0.701094 1500 0.119944 0.305964 1500 0.236969 1500 
0.993428 0.700707 1500 0.0621493 0.305964 1500 0.236969 1500 
0.993427 0.700992 1500 0.0904968 0.305964 1500 0.236969 1500 
0.993831 0.682992 1500 0.160301 0.144279 1500 0.0865692 1500 
0.993427 0.700977 1500 0.0904968 0.305964 1500 0.236969 1500 
0.993427 0.701088 1500 0.119944 0.305964 1500 0.236969 1500 
0.993427 0.701078 1500 0.1235 0.305964 1500 0.236969 1500 
0.993921 0.676068 1500 0.142636 0.0861981 1500 0.0750234 1500 
0.992985 0.707793 1500 0.0621493 0.369509 1500 0.514496 1500 
0.993427 0.701011 1500 0.0951103 0.305964 1500 0.236969 1500 
0.993427 0.700979 1500 0.0904968 0.305964 1500 0.236969 1500 
0.993695 0.690303 1500 0.0951103 0.185362 1500 0.151014 1500 
0.993427 0.700964 1500 0.0866936 0.305964 1500 0.236969 1500 
0.993427 0.701077 1500 0.119944 0.305964 1500 0.236969 1500 
0.993428 0.70068 1500 0.0600086 0.305964 1500 0.236969 1500 
0.993897 0.678572 1500 0.160301 0.0872919 1500 0.0925005 1500 
0.993811 0.684622 1500 0.160301 0.144279 1500 0.102094 1500 
0.99341 0.701382 1500 0.0904968 0.319609 1500 0.236969 1500 
0.99341 0.70137 1500 0.0904968 0.319609 1500 0.236969 1500 
0.993427 0.70108 1500 0.119944 0.305964 1500 0.236969 1500 
0.993536 0.697638 1500 0.0951103 0.22178 1500 0.236969 1500 
0.993427 0.701008 1500 0.0951103 0.305964 1500 0.236969 1500 
0.993635 0.693287 1500 0.160301 0.144279 1500 0.236969 1500 
0.993427 0.701078 1500 0.119944 0.305964 1500 0.236969 1500 
0.993427 0.700988 1500 0.0904968 0.305964 1500 0.236969 1500 
0.9937 0.689138 1500 0.0904968 0.123932 1500 0.207321 1500 
0.993427 0.701079 1500 0.119944 0.305964 1500 0.236969 1500 
0.993427 0.70099 1500 0.0904968 0.305964 1500 0.236969 1500 
0.993427 0.701015 1500 0.0951103 0.305964 1500 0.236969 1500 
0.993427 0.700982 1500 0.0904968 0.305964 1500 0.236969 1500 
0.993427 0.700981 1500 0.0904968 0.305964 1500 0.236969 1500 
0.99341 0.701374 1500 0.0904968 0.319609 1500 0.236969 1500 
0.993427 0.701084 1500 0.119944 0.305964 1500 0.236969 1500 
0.993427 0.700986 1500 0.0904968 0.305964 1500 0.236969 1500 
0.993695 0.690305 1500 0.0951103 0.185362 1500 0.151014 1500 
0.99349 0.699527 1500 0.143973 0.25676 1500 0.236969 1500 
0.99341 0.701363 1500 0.0904968 0.319609 1500 0.236969 1500 
0.993427 0.700985 1500 0.0904968 0.305964 1500 0.236969 1500 
0.993453 0.700488 1500 0.119944 0.285803 1500 0.236969 1500 
0.993427 0.701072 1500 0.119944 0.305964 1500 0.236969 1500 
0.993631 0.693396 1500 0.146663 0.147011 1500 0.236969 1500 
0.99341 0.701371 1500 0.0904968 0.319609 1500 0.236969 1500 
0.993635 0.693289 1500 0.160301 0.144279 1500 0.236969 1500 
0.993453 0.700472 1500 0.114161 0.285803 1500 0.236969 1500 
0.993427 0.701075 1500 0.119944 0.305964 1500 0.236969 1500 
0.993427 0.701073 1500 0.119944 0.305964 1500 0.236969 1500 
0.9933 0.703906 1500 0.0904968 0.369509 1500 0.271713 1500 
0.993535 0.697128 1500 0.0621493 0.22251 1500 0.236969 1500 
0.993635 0.693279 1500 0.160301 0.144279 1500 0.236969 1500 
0.993428 0.700715 1500 0.0621493 0.305964 1500 0.236969 1500 
0.993428 0.700711 1500 0.0621493 0.305964 1500 0.236969 1500 
0.993427 0.701084 1500 0.119944 0.305964 1500 0.236969 1500 
0.993427 0.701075 1500 0.119944 0.305964 1500 0.236969 1500 
0.993427 0.701086 1500 0.1235 0.305964 1500 0.236969 1500 
0.993427 0.700988 1500 0.0904968 0.305964 1500 0.236969 1500 
0.993845 0.682333 1500 0.218438 0.144279 1500 0.0750234 1500 
0.993427 0.700981 1500 0.0904968 0.305964 1500 0.236969 1500 
0.993408 0.701864 1500 0.119944 0.285803 1500 0.271713 1500 
0.993427 0.700979 1500 0.0904968 0.305964 1500 0.236969 1500 
0.993428 0.700712 1500 0.0621493 0.305964 1500 0.236969 1500 
0.993354 0.70318 1500 0.0866936 0.305964 1500 0.292938 1500 
0.993427 0.700988 1500 0.0904968 0.305964 1500 0.236969 1500 
0.993427 0.700988 1500 0.0904968 0.305964 1500 0.236969 1500 
0.993427 0.700985 1500 0.0904968 0.305964 1500 0.236969 1500 
0.993427 0.700984 1500 0.0904968 0.305964 1500 0.236969 1500 
0.993428 0.700703 1500 0.0621493 0.305964 1500 0.236969 1500 
0.993635 0.693276 1500 0.160301 0.144279 1500 0.236969 1500 
0.993534 0.69794 1500 0.119944 0.22251 1500 0.236969 1500 
0.99341 0.701363 1500 0.0904968 0.319609 1500 0.236969 1500 
0.993465 0.699632 1500 0.1235 0.305964 1500 0.207321 1500 
0.993549 0.697021 1500 0.0904968 0.21151 1500 0.236969 1500 
0.993428 0.700707 1500 0.0621493 0.305964 1500 0.236969 1500 
0.993427 0.700987 1500 0.0904968 0.305964 1500 0.236969 1500 
0.99341 0.701377 1500 0.0904968 0.319609 1500 0.236969 1500 
0.993428 0.700653 1500 0.0580343 0.305964 1500 0.236969 1500 
0.993354 0.703189 1500 0.0904968 0.305964 1500 0.292938 1500 
0.993635 0.693265 1500 0.160301 0.144279 1500 0.236969 1500 
0.993427 0.700994 1500 0.0904968 0.305964 1500 0.236969 1500 
0.993635 0.693205 1500 0.146663 0.144279 1500 0.236969 1500 
0.99341 0.701374 1500 0.0904968 0.319609 1500 0.236969 1500 
0.993428 0.700707 1500 0.0621493 0.305964 1500 0.236969 1500 
0.993427 0.701082 1500 0.119944 0.305964 1500 0.236969 1500 
0.993427 0.701019 1500 0.143341 0.305964 1500 0.236969 1500 
0.993427 0.700982 1500 0.0904968 0.305964 1500 0.236969 1500 
0.993427 0.70099 1500 0.0904968 0.305964 1500 0.236969 1500 
0.993287 0.704542 1500 0.0621493 0.305964 1500 0.345111 1500 
0.993427 0.701019 1500 0.143973 0.305964 1500 0.236969 1500 
0.99341 0.701194 1500 0.067958 0.319609 1500 0.236969 1500 
0.9933 0.703889 1500 0.0951103 0.369509 1500 0.271713 1500 
0.993427 0.701074 1500 0.1235 0.305964 1500 0.236969 1500 
0.993427 0.701088 1500 0.119944 0.305964 1500 0.236969 1500 
0.993905 0.676893 1500 0.1235 0.0872919 1500 0.0865692 1500 
0.993427 0.701092 1500 0.119944 0.305964 1500 0.236969 1500 
0.993846 0.68161 1500 0.160301 0.144279 1500 0.0750234 1500 
0.993427 0.70098 1500 0.0904968 0.305964 1500 0.236969 1500 
0.993427 0.701005 1500 0.0951103 0.305964 1500 0.236969 1500 
0.993427 0.700985 1500 0.0904968 0.305964 1500 0.236969 1500 
0.993427 0.700983 1500 0.0904968 0.305964 1500 0.236969 1500 
0.993427 0.700977 1500 0.0904968 0.305964 1500 0.236969 1500 
0.993428 0.700705 1500 0.0621493 0.305964 1500 0.236969 1500 
0.993428 0.700547 1500 0.0504041 0.305964 1500 0.236969 1500 
0.993428 0.700711 1500 0.0621493 0.305964 1500 0.236969 1500 
0.993427 0.700985 1500 0.0904968 0.305964 1500 0.236969 1500 
0.993428 0.700609 1500 0.0543715 0.305964 1500 0.236969 1500 
0.99341 0.701374 1500 0.0904968 0.319609 1500 0.236969 1500 
0.993427 0.700962 1500 0.0866936 0.305964 1500 0.236969 1500 
0.99341 0.701367 1500 0.0904968 0.319609 1500 0.236969 1500 
0.993621 0.693921 1500 0.0904968 0.185362 1500 0.207321 1500 
0.993427 0.701089 1500 0.119944 0.305964 1500 0.236969 1500 
0.993428 0.70071 1500 0.0621493 0.305964 1500 0.236969 1500 
0.993427 0.701083 1500 0.119944 0.305964 1500 0.236969 1500 
0.993254 0.7053 1500 0.0600086 0.337623 1500 0.338919 1500 
0.993428 0.70055 1500 0.0504041 0.305964 1500 0.236969 1500 
0.993427 0.700996 1500 0.0904968 0.305964 1500 0.236969 1500 
0.993427 0.700986 1500 0.0904968 0.305964 1500 0.236969 1500 
0.993428 0.700711 1500 0.0621493 0.305964 1500 0.236969 1500 
0.993427 0.700988 1500 0.0904968 0.305964 1500 0.236969 1500 
0.993635 0.693291 1500 0.160301 0.144279 1500 0.236969 1500 
0.993427 0.70109 1500 0.119944 0.305964 1500 0.236969 1500 
0.993427 0.701016 1500 0.0951103 0.305964 1500 0.236969 1500 
0.993452 0.700415 1500 0.160301 0.285803 1500 0.236969 1500 
0.993462 0.69981 1500 0.0904968 0.22251 1500 0.292938 1500 
0.993428 0.700715 1500 0.0621493 0.305964 1500 0.236969 1500 
0.993428 0.700712 1500 0.0621243 0.305964 1500 0.236969 1500 
0.993654 0.692022 1500 0.160301 0.129158 1500 0.236969 1500 
0.99341 0.70137 1500 0.0904968 0.319609 1500 0.236969 1500 
0.993674 0.691492 1500 0.119944 0.144279 1500 0.207321 1500 
0.993427 0.701086 1500 0.119944 0.305964 1500 0.236969 1500 
0.993818 0.683993 1500 0.160301 0.147011 1500 0.0938927 1500 
0.993466 0.699609 1500 0.119944 0.305964 1500 0.207321 1500 
0.993254 0.705272 1500 0.0904968 0.337623 1500 0.338919 1500 
0.993427 0.701083 1500 0.119944 0.305964 1500 0.236969 1500 
0.993427 0.701083 1500 0.119944 0.305964 1500 0.236969 1500 
0.993428 0.700705 1500 0.0621493 0.305964 1500 0.236969 1500 
0.993427 0.700981 1500 0.0904968 0.305964 1500 0.236969 1500 
0.993428 0.700706 1500 0.0621493 0.305964 1500 0.236969 1500 
0.993427 0.700988 1500 0.0904968 0.305964 1500 0.236969 1500 
0.993294 0.704446 1500 0.0904968 0.305964 1500 0.338919 1500 
0.993426 0.701021 1500 0.146663 0.305964 1500 0.236969 1500 
0.993635 0.693294 1500 0.160301 0.144279 1500 0.236969 1500 
0.993427 0.701091 1500 0.119944 0.305964 1500 0.236969 1500 
0.993426 0.701015 1500 0.146663 0.305964 1500 0.236969 1500 
0.993427 0.701003 1500 0.0951103 0.305964 1500 0.236969 1500 
0.993481 0.699535 1500 0.0904968 0.264549 1500 0.236969 1500 
0.993427 0.700994 1500 0.0904968 0.305964 1500 0.236969 1500 
0.993427 0.700982 1500 0.0904968 0.305964 1500 0.236969 1500 
0.9933 0.703901 1500 0.0904968 0.369509 1500 0.271713 1500 
0.993886 0.679379 1500 0.160301 0.0872919 1500 0.100794 1500 
0.993427 0.701094 1500 0.119944 0.305964 1500 0.236969 1500 
0.993427 0.701022 1500 0.143341 0.305964 1500 0.236969 1500 
0.993465 0.699613 1500 0.1235 0.305964 1500 0.207321 1500 
0.993428 0.700703 1500 0.0621493 0.305964 1500 0.236969 1500 
0.993294 0.704288 1500 0.119944 0.305964 1500 0.338919 1500 
0.993427 0.701028 1500 0.143973 0.305964 1500 0.236969 1500 
0.993854 0.680724 1500 0.411833 0.0871546 1500 0.123589 1500 
0.993426 0.701006 1500 0.146663 0.305964 1500 0.236969 1500 
0.993427 0.700956 1500 0.0866936 0.305964 1500 0.236969 1500 
0.993427 0.700987 1500 0.0904968 0.305964 1500 0.236969 1500 
0.993213 0.705917 1500 0.0904968 0.369509 1500 0.338919 1500 
0.993294 0.704442 1500 0.0904968 0.305964 1500 0.338919 1500 
0.993428 0.700707 1500 0.0621493 0.305964 1500 0.236969 1500 
0.993427 0.701085 1500 0.114161 0.305964 1500 0.236969 1500 
0.9933 0.7039 1500 0.0904968 0.369509 1500 0.271713 1500 
0.993427 0.701021 1500 0.0951103 0.305964 1500 0.236969 1500 
0.993621 0.693919 1500 0.0904968 0.185362 1500 0.207321 1500 
0.99341 0.701377 1500 0.0904968 0.319609 1500 0.236969 1500 
0.993621 0.694556 1500 0.131379 0.185362 1500 0.207321 1500 
0.993827 0.683192 1500 0.160301 0.147011 1500 0.0865692 1500 
0.993427 0.701082 1500 0.119944 0.305964 1500 0.236969 1500 
0.993453 0.700496 1500 0.119944 0.285803 1500 0.236969 1500 
0.993269 0.704851 1500 0.0621493 0.305964 1500 0.358655 1500 
0.993427 0.70101 1500 0.0951103 0.305964 1500 0.236969 1500 
0.993427 0.700988 1500 0.0904968 0.305964 1500 0.236969 1500 
0.993428 0.700713 1500 0.0621493 0.305964 1500 0.236969 1500 
0.993427 0.701078 1500 0.119944 0.305964 1500 0.236969 1500 
0.993427 0.700975 1500 0.0904968 0.305964 1500 0.236969 1500 
0.993427 0.701012 1500 0.0951103 0.305964 1500 0.236969 1500 
0.993466 0.699616 1500 0.119944 0.305964 1500 0.207321 1500 
0.993428 0.700706 1500 0.0621493 0.305964 1500 0.236969 1500 
0.993427 0.701033 1500 0.143341 0.305964 1500 0.236969 1500 
0.993427 0.700982 1500 0.0904968 0.305964 1500 0.236969 1500 
0.993427 0.700964 1500 0.0866936 0.305964 1500 0.236969 1500 
0.993427 0.700995 1500 0.0904968 0.305964 1500 0.236969 1500 
0.993427 0.700982 1500 0.0904968 0.305964 1500 0.236969 1500 
0.99395 0.672869 1500 0.146663 0.0517351 1500 0.0865692 1500 
0.99341 0.701367 1500 0.0904968 0.319609 1500 0.236969 1500 
0.993597 0.695094 1500 0.0904968 0.20449 1500 0.207321 1500 
0.993427 0.701078 1500 0.119944 0.305964 1500 0.236969 1500 
0.993427 0.701001 1500 0.0951103 0.305964 1500 0.236969 1500 
0.993428 0.700706 1500 0.0621493 0.305964 1500 0.236969 1500 
0.993427 0.701091 1500 0.119944 0.305964 1500 0.236969 1500 
0.993427 0.700995 1500 0.0904968 0.305964 1500 0.236969 1500 
0.993427 0.700992 1500 0.0904968 0.305964 1500 0.236969 1500 
0.993427 0.70108 1500 0.1235 0.305964 1500 0.236969 1500 
0.993428 0.700544 1500 0.0504041 0.305964 1500 0.236969 1500 
0.993635 0.693297 1500 0.160301 0.144279 1500 0.236969 1500 
0.993426 0.701003 1500 0.146663 0.305964 1500 0.236969 1500 
0.993453 0.700482 1500 0.119944 0.285803 1500 0.236969 1500 
0.993427 0.70098 1500 0.0904968 0.305964 1500 0.236969 1500 
0.993248 0.705418 1500 0.0621493 0.336488 1500 0.345111 1500 
0.993452 0.700425 1500 0.160301 0.285803 1500 0.236969 1500 
0.993922 0.674232 1500 0.0904968 0.0861981 1500 0.0750234 1500 
0.993818 0.683367 1500 0.131379 0.147011 1500 0.0938927 1500 
0.993427 0.701037 1500 0.143341 0.305964 1500 0.236969 1500 
0.993588 0.695564 1500 0.119944 0.180741 1500 0.236969 1500 
0.993818 0.683368 1500 0.131379 0.147011 1500 0.0938927 1500 
0.993427 0.701032 1500 0.143973 0.305964 1500 0.236969 1500 
0.993427 0.700953 1500 0.0866936 0.305964 1500 0.236969 1500 
0.993427 0.700986 1500 0.0904968 0.305964 1500 0.236969 1500 
0.993427 0.700982 1500 0.0904968 0.305964 1500 0.236969 1500 
0.993427 0.701078 1500 0.119944 0.305964 1500 0.236969 1500 
0.993427 0.701075 1500 0.1235 0.305964 1500 0.236969 1500 
0.993427 0.700988 1500 0.0904968 0.305964 1500 0.236969 1500 
0.993818 0.683361 1500 0.131379 0.147011 1500 0.0938927 1500 
0.993621 0.693918 1500 0.0904968 0.185362 1500 0.207321 1500 
0.993428 0.700705 1500 0.0621493 0.305964 1500 0.236969 1500 
0.99341 0.701367 1500 0.0904968 0.319609 1500 0.236969 1500 
0.993427 0.700911 1500 0.0803638 0.305964 1500 0.236969 1500 
0.993582 0.696057 1500 0.146663 0.185362 1500 0.236969 1500 
0.993755 0.688034 1500 0.146663 0.144279 1500 0.144886 1500 
0.993674 0.691502 1500 0.119944 0.144279 1500 0.207321 1500 
0.993427 0.701073 1500 0.119944 0.305964 1500 0.236969 1500 
0.993427 0.700978 1500 0.0904968 0.305964 1500 0.236969 1500 
0.993354 0.703191 1500 0.089207 0.305964 1500 0.292938 1500 
0.99341 0.701378 1500 0.0904968 0.319609 1500 0.236969 1500 
0.993674 0.691824 1500 0.142636 0.144279 1500 0.207321 1500 
0.993427 0.701071 1500 0.114161 0.305964 1500 0.236969 1500 
0.993427 0.701094 1500 0.119944 0.305964 1500 0.236969 1500 
0.993427 0.700985 1500 0.0904968 0.305964 1500 0.236969 1500 
0.993427 0.700978 1500 0.0904968 0.305964 1500 0.236969 1500 
0.993635 0.69328 1500 0.160301 0.144279 1500 0.236969 1500 
0.993294 0.70444 1500 0.0904968 0.305964 1500 0.338919 1500 
0.993905 0.676776 1500 0.119944 0.0872919 1500 0.0865692 1500 
0.993427 0.700976 1500 0.0904968 0.305964 1500 0.236969 1500 
0.993427 0.701072 1500 0.119944 0.305964 1500 0.236969 1500 
0.993427 0.701043 1500 0.14151 0.305964 1500 0.236969 1500 
0.993427 0.700987 1500 0.0904968 0.305964 1500 0.236969 1500 
0.99341 0.70136 1500 0.0904968 0.319609 1500 0.236969 1500 
0.993674 0.691875 1500 0.146663 0.144279 1500 0.207321 1500 
0.993427 0.701008 1500 0.0951103 0.305964 1500 0.236969 1500 
0.993428 0.700771 1500 0.067958 0.305964 1500 0.236969 1500 
0.993427 0.700985 1500 0.0904968 0.305964 1500 0.236969 1500 
0.993428 0.700709 1500 0.0621493 0.305964 1500 0.236969 1500 
0.993427 0.700984 1500 0.0904968 0.305964 1500 0.236969 1500 
0.993427 0.701017 1500 0.0951103 0.305964 1500 0.236969 1500 
0.993427 0.700987 1500 0.0904968 0.305964 1500 0.236969 1500 
0.993427 0.700987 1500 0.0904968 0.305964 1500 0.236969 1500 
0.993427 0.700979 1500 0.0904968 0.305964 1500 0.236969 1500 
0.99341 0.701369 1500 0.0904968 0.319609 1500 0.236969 1500 
0.993427 0.701076 1500 0.119944 0.305964 1500 0.236969 1500 
0.993427 0.701075 1500 0.119944 0.305964 1500 0.236969 1500 
0.993427 0.701011 1500 0.0951103 0.305964 1500 0.236969 1500 
0.993674 0.691558 1500 0.1235 0.144279 1500 0.207321 1500 
0.993427 0.700981 1500 0.0904968 0.305964 1500 0.236969 1500 
0.99397 0.67114 1500 0.160301 0.0476977 1500 0.0750234 1500 
0.993364 0.70283 1500 0.0904968 0.319609 1500 0.271713 1500 
0.993428 0.700708 1500 0.0621493 0.305964 1500 0.236969 1500 
0.993427 0.701088 1500 0.1235 0.305964 1500 0.236969 1500 
0.993496 0.699297 1500 0.119944 0.252649 1500 0.236969 1500 
0.993427 0.701086 1500 0.119944 0.305964 1500 0.236969 1500 
0.993905 0.677602 1500 0.146663 0.0872919 1500 0.0865692 1500 
0.993427 0.70098 1500 0.0904968 0.305964 1500 0.236969 1500 
0.993428 0.700704 1500 0.0621493 0.305964 1500 0.236969 1500 
0.993558 0.696617 1500 0.0904968 0.20449 1500 0.236969 1500 
0.993428 0.70054 1500 0.0504041 0.305964 1500 0.236969 1500 
0.99341 0.701402 1500 0.0951103 0.319609 1500 0.236969 1500 
0.99341 0.701375 1500 0.0904968 0.319609 1500 0.236969 1500 
0.993427 0.700983 1500 0.0904968 0.305964 1500 0.236969 1500 
0.993534 0.697941 1500 0.119944 0.22251 1500 0.236969 1500 
0.993427 0.700983 1500 0.0904968 0.305964 1500 0.236969 1500 
0.9933 0.703905 1500 0.0904968 0.369509 1500 0.271713 1500 
0.993427 0.700979 1500 0.0904968 0.305964 1500 0.236969 1500 
0.993427 0.700985 1500 0.0904968 0.305964 1500 0.236969 1500 
0.993428 0.700715 1500 0.0621493 0.305964 1500 0.236969 1500 
0.993428 0.70071 1500 0.0621493 0.305964 1500 0.236969 1500 
0.993427 0.70099 1500 0.0904968 0.305964 1500 0.236969 1500 
0.993453 0.700478 1500 0.143973 0.285803 1500 0.236969 1500 
0.993354 0.703175 1500 0.0866936 0.305964 1500 0.292938 1500 
0.993428 0.700707 1500 0.0621493 0.305964 1500 0.236969 1500 
0.993637 0.693115 1500 0.0904968 0.173417 1500 0.207321 1500 
0.993673 0.691998 1500 0.160301 0.144279 1500 0.207321 1500 
0.99341 0.701374 1500 0.0904968 0.319609 1500 0.236969 1500 
0.993427 0.700979 1500 0.0904968 0.305964 1500 0.236969 1500 
0.993428 0.700705 1500 0.0621493 0.305964 1500 0.236969 1500 
0.993582 0.696124 1500 0.160301 0.185362 1500 0.236969 1500 
0.993427 0.700977 1500 0.0904968 0.305964 1500 0.236969 1500 
0.993427 0.700977 1500 0.0904968 0.305964 1500 0.236969 1500 
0.993427 0.701083 1500 0.119944 0.305964 1500 0.236969 1500 
0.993427 0.700984 1500 0.0904968 0.305964 1500 0.236969 1500 
0.993635 0.693273 1500 0.160301 0.144279 1500 0.236969 1500 
0.993428 0.700832 1500 0.0728176 0.305964 1500 0.236969 1500 
0.993427 0.701014 1500 0.0951103 0.305964 1500 0.236969 1500 
0.993427 0.700982 1500 0.0904968 0.305964 1500 0.236969 1500 
0.993427 0.701024 1500 0.0951103 0.305964 1500 0.236969 1500 
0.993428 0.700705 1500 0.0621493 0.305964 1500 0.236969 1500 
0.993428 0.700704 1500 0.0621493 0.305964 1500 0.236969 1500 
0.993427 0.700988 1500 0.0904968 0.305964 1500 0.236969 1500 
0.993427 0.701083 1500 0.119944 0.305964 1500 0.236969 1500 
0.993427 0.701027 1500 0.142636 0.305964 1500 0.236969 1500 
0.993427 0.700989 1500 0.0904968 0.305964 1500 0.236969 1500 
0.993427 0.701079 1500 0.119944 0.305964 1500 0.236969 1500 
0.993427 0.700981 1500 0.0904968 0.305964 1500 0.236969 1500 
0.993635 0.693287 1500 0.160301 0.144279 1500 0.236969 1500 
0.993427 0.701094 1500 0.119944 0.305964 1500 0.236969 1500 
0.993427 0.70098 1500 0.0904968 0.305964 1500 0.236969 1500 
0.993427 0.700987 1500 0.0904968 0.305964 1500 0.236969 1500 
0.993621 0.693917 1500 0.0904968 0.185362 1500 0.207321 1500 
0.993427 0.701016 1500 0.143973 0.305964 1500 0.236969 1500 
0.993427 0.700975 1500 0.0904968 0.305964 1500 0.236969 1500 
0.99341 0.701358 1500 0.0904968 0.319609 1500 0.236969 1500 
0.993428 0.700708 1500 0.0621493 0.305964 1500 0.236969 1500 
0.993427 0.70098 1500 0.0904968 0.305964 1500 0.236969 1500 
0.993382 0.702453 1500 0.0904968 0.305964 1500 0.271713 1500 
0.993427 0.701086 1500 0.118216 0.305964 1500 0.236969 1500 
0.993427 0.700983 1500 0.0904968 0.305964 1500 0.236969 1500 
0.9937 0.689138 1500 0.0904968 0.123932 1500 0.207321 1500 
0.993762 0.68788 1500 0.160301 0.144279 1500 0.139725 1500 
0.993558 0.69662 1500 0.0904968 0.20449 1500 0.236969 1500 
0.993428 0.700703 1500 0.0621493 0.305964 1500 0.236969 1500 
0.993427 0.700993 1500 0.0904968 0.305964 1500 0.236969 1500 
0.993427 0.701078 1500 0.119944 0.305964 1500 0.236969 1500 
0.993427 0.701081 1500 0.119944 0.305964 1500 0.236969 1500 
0.993797 0.685617 1500 0.160301 0.144279 1500 0.112496 1500 
0.993428 0.700707 1500 0.0621493 0.305964 1500 0.236969 1500 
0.99341 0.701375 1500 0.0904968 0.319609 1500 0.236969 1500 
0.993427 0.701074 1500 0.119944 0.305964 1500 0.236969 1500 
0.993427 0.701084 1500 0.119944 0.305964 1500 0.236969 1500 
0.993427 0.701075 1500 0.119944 0.305964 1500 0.236969 1500 
0.993427 0.701076 1500 0.119944 0.305964 1500 0.236969 1500 
0.993427 0.701081 1500 0.131379 0.305964 1500 0.236969 1500 
0.993427 0.701086 1500 0.119944 0.305964 1500 0.236969 1500 
0.993427 0.701085 1500 0.119944 0.305964 1500 0.236969 1500 
0.993452 0.700475 1500 0.146663 0.285803 1500 0.236969 1500 
0.993427 0.701075 1500 0.119944 0.305964 1500 0.236969 1500 
0.993905 0.67796 1500 0.160301 0.0872919 1500 0.0865692 1500 
0.993427 0.700995 1500 0.0904968 0.305964 1500 0.236969 1500 
0.99341 0.70137 1500 0.0904968 0.319609 1500 0.236969 1500 
0.993428 0.700703 1500 0.0621493 0.305964 1500 0.236969 1500 
0.993845 0.682331 1500 0.218438 0.144279 1500 0.0750234 1500 
0.993427 0.700981 1500 0.0904968 0.305964 1500 0.236969 1500 
0.993427 0.700995 1500 0.0904968 0.305964 1500 0.236969 1500 
0.993453 0.700505 1500 0.119944 0.285803 1500 0.236969 1500 
0.993412 0.701148 1500 0.0504041 0.305964 1500 0.249464 1500 
0.993905 0.676896 1500 0.1235 0.0872919 1500 0.0865692 1500 
0.993428 0.700704 1500 0.0621493 0.305964 1500 0.236969 1500 
0.993427 0.700994 1500 0.0904968 0.305964 1500 0.236969 1500 
0.993427 0.700981 1500 0.0904968 0.305964 1500 0.236969 1500 
0.993427 0.701079 1500 0.119944 0.305964 1500 0.236969 1500 
0.993382 0.702472 1500 0.119944 0.305964 1500 0.271713 1500 
0.993427 0.701087 1500 0.119944 0.305964 1500 0.236969 1500 
0.993635 0.693292 1500 0.160301 0.144279 1500 0.236969 1500 
0.993427 0.700959 1500 0.0866936 0.305964 1500 0.236969 1500 
0.993427 0.700966 1500 0.0866936 0.305964 1500 0.236969 1500 
0.99341 0.70119 1500 0.067958 0.319609 1500 0.236969 1500 
0.993535 0.697617 1500 0.0904968 0.22251 1500 0.236969 1500 
0.993427 0.701083 1500 0.119944 0.305964 1500 0.236969 1500 
0.993427 0.70098 1500 0.0904968 0.305964 1500 0.236969 1500 
0.993635 0.693187 1500 0.146663 0.144279 1500 0.236969 1500 
0.993428 0.70071 1500 0.0621493 0.305964 1500 0.236969 1500 
0.993452 0.700407 1500 0.160301 0.285803 1500 0.236969 1500 
0.993427 0.701074 1500 0.119944 0.305964 1500 0.236969 1500 
0.993427 0.70101 1500 0.0951103 0.305964 1500 0.236969 1500 
0.993427 0.701089 1500 0.119944 0.305964 1500 0.236969 1500 
0.993427 0.700987 1500 0.0904968 0.305964 1500 0.236969 1500 
0.993427 0.700985 1500 0.0904968 0.305964 1500 0.236969 1500 
0.993818 0.683366 1500 0.131379 0.147011 1500 0.0938927 1500 
0.993465 0.699621 1500 0.1235 0.305964 1500 0.207321 1500 
0.993427 0.700997 1500 0.0904968 0.305964 1500 0.236969 1500 
0.993458 0.700353 1500 0.114161 0.28206 1500 0.236969 1500 
0.993427 0.701079 1500 0.119944 0.305964 1500 0.236969 1500 
0.993534 0.698096 1500 0.160301 0.22251 1500 0.236969 1500 
0.993427 0.700996 1500 0.0904968 0.305964 1500 0.236969 1500 
0.993427 0.70108 1500 0.119944 0.305964 1500 0.236969 1500 
0.993427 0.701074 1500 0.119944 0.305964 1500 0.236969 1500 
0.993427 0.700983 1500 0.0904968 0.305964 1500 0.236969 1500 
0.993427 0.700983 1500 0.0904968 0.305964 1500 0.236969 1500 
0.993427 0.701013 1500 0.0951103 0.305964 1500 0.236969 1500 
0.993673 0.692 1500 0.160301 0.144279 1500 0.207321 1500 
0.993427 0.700979 1500 0.0904968 0.305964 1500 0.236969 1500 
0.993427 0.701072 1500 0.119944 0.305964 1500 0.236969 1500 
0.993428 0.700704 1500 0.0621493 0.305964 1500 0.236969 1500 
0.993427 0.700981 1500 0.0904968 0.305964 1500 0.236969 1500 
0.993453 0.700497 1500 0.119944 0.285803 1500 0.236969 1500 
0.993427 0.700981 1500 0.0904968 0.305964 1500 0.236969 1500 
0.993427 0.70098 1500 0.0904968 0.305964 1500 0.236969 1500 
0.993635 0.693282 1500 0.160301 0.144279 1500 0.236969 1500 
0.993453 0.700497 1500 0.119944 0.285803 1500 0.236969 1500 
0.993428 0.700546 1500 0.0504041 0.305964 1500 0.236969 1500 
0.99341 0.701369 1500 0.0904968 0.319609 1500 0.236969 1500 
0.993354 0.703153 1500 0.119944 0.305964 1500 0.292938 1500 
0.993427 0.700985 1500 0.0904968 0.305964 1500 0.236969 1500 
0.993427 0.700979 1500 0.0904968 0.305964 1500 0.236969 1500 
0.993427 0.701076 1500 0.119944 0.305964 1500 0.236969 1500 
0.993427 0.700961 1500 0.0866936 0.305964 1500 0.236969 1500 
0.993921 0.675345 1500 0.119944 0.0861981 1500 0.0750234 1500 
0.993427 0.700981 1500 0.0904968 0.305964 1500 0.236969 1500 
0.993428 0.70071 1500 0.0621493 0.305964 1500 0.236969 1500 
0.993428 0.700709 1500 0.0621493 0.305964 1500 0.236969 1500 
0.993427 0.700985 1500 0.0904968 0.305964 1500 0.236969 1500 
0.993462 0.69964 1500 0.0904968 0.305964 1500 0.210467 1500 
0.993905 0.676781 1500 0.119944 0.0872919 1500 0.0865692 1500 
0.993427 0.701081 1500 0.119944 0.305964 1500 0.236969 1500 
0.993354 0.70319 1500 0.0904968 0.305964 1500 0.292938 1500 
0.993427 0.701076 1500 0.119944 0.305964 1500 0.236969 1500 
0.993427 0.701036 1500 0.143973 0.305964 1500 0.236969 1500 
0.993427 0.701086 1500 0.1235 0.305964 1500 0.236969 1500 
0.993426 0.701021 1500 0.146663 0.305964 1500 0.236969 1500 
0.993427 0.701078 1500 0.119944 0.305964 1500 0.236969 1500 
0.993452 0.700416 1500 0.160301 0.285803 1500 0.236969 1500 
0.99395 0.672845 1500 0.146663 0.0517351 1500 0.0865692 1500 
0.993427 0.700979 1500 0.0904968 0.305964 1500 0.236969 1500 
0.993427 0.701079 1500 0.119944 0.305964 1500 0.236969 1500 
0.993427 0.700978 1500 0.0904968 0.305964 1500 0.236969 1500 
0.993427 0.70098 1500 0.0904968 0.305964 1500 0.236969 1500 
0.993621 0.693919 1500 0.0904968 0.185362 1500 0.207321 1500 
0.993427 0.701081 1500 0.1235 0.305964 1500 0.236969 1500 
0.993427 0.70098 1500 0.0904968 0.305964 1500 0.236969 1500 
0.993428 0.70054 1500 0.0504041 0.305964 1500 0.236969 1500 
0.993635 0.693289 1500 0.160301 0.144279 1500 0.236969 1500 
0.993427 0.700989 1500 0.0904968 0.305964 1500 0.236969 1500 
0.993427 0.700982 1500 0.0904968 0.305964 1500 0.236969 1500 
0.993427 0.700986 1500 0.0904968 0.305964 1500 0.236969 1500 
0.9933 0.703905 1500 0.0904968 0.369509 1500 0.271713 1500 
0.993427 0.701079 1500 0.1235 0.305964 1500 0.236969 1500 
0.993427 0.701078 1500 0.119944 0.305964 1500 0.236969 1500 
0.993427 0.700979 1500 0.0904968 0.305964 1500 0.236969 1500 
0.993428 0.700704 1500 0.0621493 0.305964 1500 0.236969 1500 
0.993427 0.701082 1500 0.119944 0.305964 1500 0.236969 1500 
0.993694 0.690838 1500 0.119944 0.185362 1500 0.151014 1500 
0.99341 0.701364 1500 0.0904968 0.319609 1500 0.236969 1500 
0.993428 0.700717 1500 0.0621493 0.305964 1500 0.236969 1500 
0.993426 0.701014 1500 0.146663 0.305964 1500 0.236969 1500 
0.993427 0.700988 1500 0.0904968 0.305964 1500 0.236969 1500 
0.993427 0.701084 1500 0.119944 0.305964 1500 0.236969 1500 
0.993635 0.693192 1500 0.146663 0.144279 1500 0.236969 1500 
0.993427 0.700986 1500 0.0904968 0.305964 1500 0.236969 1500 
0.99341 0.701375 1500 0.0904968 0.319609 1500 0.236969 1500 
0.993428 0.700706 1500 0.0621493 0.305964 1500 0.236969 1500 
0.993427 0.700987 1500 0.0904968 0.305964 1500 0.236969 1500 
0.993427 0.700982 1500 0.0904968 0.305964 1500 0.236969 1500 
0.993427 0.701087 1500 0.119944 0.305964 1500 0.236969 1500 
0.993427 0.701072 1500 0.114161 0.305964 1500 0.236969 1500 
0.993428 0.70071 1500 0.0621493 0.305964 1500 0.236969 1500 
0.993695 0.689394 1500 0.0621493 0.185362 1500 0.151014 1500 
0.993427 0.701084 1500 0.1235 0.305964 1500 0.236969 1500 
0.993428 0.700603 1500 0.0543715 0.305964 1500 0.236969 1500 
0.993694 0.69143 1500 0.160301 0.185362 1500 0.151014 1500 
0.993427 0.700989 1500 0.0904968 0.305964 1500 0.236969 1500 
0.993512 0.698831 1500 0.160301 0.239497 1500 0.236969 1500 
0.993427 0.701014 1500 0.0951103 0.305964 1500 0.236969 1500 
0.993427 0.701078 1500 0.119944 0.305964 1500 0.236969 1500 
0.99341 0.701385 1500 0.0951103 0.319609 1500 0.236969 1500 
0.993427 0.701081 1500 0.119944 0.305964 1500 0.236969 1500 
0.993635 0.693291 1500 0.160301 0.144279 1500 0.236969 1500 
0.993427 0.701015 1500 0.0951103 0.305964 1500 0.236969 1500 
0.993427 0.701018 1500 0.143973 0.305964 1500 0.236969 1500 
0.993818 0.683373 1500 0.131379 0.147011 1500 0.0938927 1500 
0.993427 0.700974 1500 0.0904968 0.305964 1500 0.236969 1500 
0.993427 0.700978 1500 0.0904968 0.305964 1500 0.236969 1500 
0.993427 0.701009 1500 0.0951103 0.305964 1500 0.236969 1500 
0.993213 0.705926 1500 0.0904968 0.369509 1500 0.338919 1500 
0.993955 0.672029 1500 0.146663 0.0476977 1500 0.0865692 1500 
0.993427 0.700988 1500 0.0904968 0.305964 1500 0.236969 1500 
0.993354 0.703156 1500 0.119944 0.305964 1500 0.292938 1500 
0.993287 0.704547 1500 0.0621493 0.305964 1500 0.345111 1500 
0.993428 0.700706 1500 0.0621493 0.305964 1500 0.236969 1500 
0.993634 0.693289 1500 0.218438 0.144279 1500 0.236969 1500 
0.993427 0.700993 1500 0.0904968 0.305964 1500 0.236969 1500 
0.993427 0.701073 1500 0.119944 0.305964 1500 0.236969 1500 
0.993428 0.700705 1500 0.0621493 0.305964 1500 0.236969 1500 
0.993427 0.701091 1500 0.119944 0.305964 1500 0.236969 1500 
0.99341 0.701353 1500 0.0878223 0.319609 1500 0.236969 1500 
0.993427 0.700982 1500 0.0904968 0.305964 1500 0.236969 1500 
0.993426 0.701017 1500 0.146663 0.305964 1500 0.236969 1500 
0.993382 0.702439 1500 0.0904968 0.305964 1500 0.271713 1500 
0.993428 0.70071 1500 0.0621493 0.305964 1500 0.236969 1500 
0.993427 0.70107 1500 0.114161 0.305964 1500 0.236969 1500 
0.993858 0.679412 1500 0.0904968 0.123932 1500 0.0865692 1500 
0.993427 0.700983 1500 0.0904968 0.305964 1500 0.236969 1500 
0.993635 0.693173 1500 0.143973 0.144279 1500 0.236969 1500 
0.993428 0.700706 1500 0.0621493 0.305964 1500 0.236969 1500 
0.993846 0.681625 1500 0.160301 0.144279 1500 0.0750234 1500 
0.993453 0.700489 1500 0.119944 0.285803 1500 0.236969 1500 
0.993427 0.700987 1500 0.0904968 0.305964 1500 0.236969 1500 
0.993427 0.700994 1500 0.0904968 0.305964 1500 0.236969 1500 
0.993427 0.700989 1500 0.0904968 0.305964 1500 0.236969 1500 
0.993428 0.700712 1500 0.0621493 0.305964 1500 0.236969 1500 
0.993427 0.701073 1500 0.119944 0.305964 1500 0.236969 1500 
0.993427 0.701083 1500 0.1235 0.305964 1500 0.236969 1500 
0.993428 0.700544 1500 0.0504041 0.305964 1500 0.236969 1500 
0.993921 0.67607 1500 0.142636 0.0861981 1500 0.0750234 1500 
0.993427 0.701084 1500 0.1235 0.305964 1500 0.236969 1500 
0.993635 0.693291 1500 0.160301 0.144279 1500 0.236969 1500 
0.993427 0.700992 1500 0.0904968 0.305964 1500 0.236969 1500 
0.993635 0.693285 1500 0.160301 0.144279 1500 0.236969 1500 
0.993428 0.700704 1500 0.0621493 0.305964 1500 0.236969 1500 
0.99341 0.701198 1500 0.067958 0.319609 1500 0.236969 1500 
0.993427 0.701093 1500 0.119944 0.305964 1500 0.236969 1500 
0.993427 0.700991 1500 0.0904968 0.305964 1500 0.236969 1500 
0.993427 0.70101 1500 0.0951103 0.305964 1500 0.236969 1500 
0.993427 0.700981 1500 0.0904968 0.305964 1500 0.236969 1500 
0.993427 0.701089 1500 0.119944 0.305964 1500 0.236969 1500 
0.993747 0.688701 1500 0.160301 0.144279 1500 0.151014 1500 
0.993427 0.70098 1500 0.0904968 0.305964 1500 0.236969 1500 
0.993427 0.701076 1500 0.119944 0.305964 1500 0.236969 1500 
0.993427 0.701073 1500 0.114161 0.305964 1500 0.236969 1500 
0.993408 0.701805 1500 0.0904968 0.285803 1500 0.271713 1500 
0.993621 0.693843 1500 0.0869149 0.185362 1500 0.207321 1500 
0.993427 0.701081 1500 0.119944 0.305964 1500 0.236969 1500 
0.993811 0.684623 1500 0.160301 0.144279 1500 0.102094 1500 
0.993428 0.700703 1500 0.0621493 0.305964 1500 0.236969 1500 
0.993427 0.700982 1500 0.0904968 0.305964 1500 0.236969 1500 
0.993427 0.701082 1500 0.119944 0.305964 1500 0.236969 1500 
0.993427 0.701076 1500 0.119944 0.305964 1500 0.236969 1500 
0.993635 0.693282 1500 0.160301 0.144279 1500 0.236969 1500 
0.99341 0.701372 1500 0.0904968 0.319609 1500 0.236969 1500 
0.993427 0.700979 1500 0.0904968 0.305964 1500 0.236969 1500 
0.993427 0.700987 1500 0.0904968 0.305964 1500 0.236969 1500 
0.993428 0.700709 1500 0.0621493 0.305964 1500 0.236969 1500 
0.993453 0.700488 1500 0.119944 0.285803 1500 0.236969 1500 
0.993427 0.700989 1500 0.0904968 0.305964 1500 0.236969 1500 
0.9933 0.703888 1500 0.0951103 0.369509 1500 0.271713 1500 
0.99341 0.701369 1500 0.0904968 0.319609 1500 0.236969 1500 
0.993582 0.695858 1500 0.119944 0.185362 1500 0.236969 1500 
0.993427 0.700986 1500 0.0904968 0.305964 1500 0.236969 1500 
0.993428 0.700715 1500 0.0621493 0.305964 1500 0.236969 1500 
0.993427 0.701084 1500 0.119944 0.305964 1500 0.236969 1500 
0.993427 0.701017 1500 0.0951103 0.305964 1500 0.236969 1500 
0.993427 0.700983 1500 0.0904968 0.305964 1500 0.236969 1500 
0.99341 0.70137 1500 0.0904968 0.319609 1500 0.236969 1500 
0.99341 0.701377 1500 0.0904968 0.319609 1500 0.236969 1500 
0.993428 0.700706 1500 0.0621493 0.305964 1500 0.236969 1500 
0.993427 0.700979 1500 0.0904968 0.305964 1500 0.236969 1500 
0.993428 0.700704 1500 0.0621493 0.305964 1500 0.236969 1500 
0.993427 0.700979 1500 0.0904968 0.305964 1500 0.236969 1500 
0.993354 0.703194 1500 0.0904968 0.305964 1500 0.292938 1500 
0.993427 0.701009 1500 0.0951103 0.305964 1500 0.236969 1500 
0.993589 0.695538 1500 0.119944 0.18047 1500 0.236969 1500 
0.993427 0.701084 1500 0.119944 0.305964 1500 0.236969 1500 
0.993427 0.700979 1500 0.0904968 0.305964 1500 0.236969 1500 
0.993427 0.701083 1500 0.119944 0.305964 1500 0.236969 1500 
0.993427 0.700989 1500 0.0904968 0.305964 1500 0.236969 1500 
0.993427 0.701022 1500 0.0951103 0.305964 1500 0.236969 1500 
0.993582 0.695837 1500 0.119944 0.185362 1500 0.236969 1500 
0.993631 0.693549 1500 0.177714 0.147011 1500 0.236969 1500 
0.993427 0.700978 1500 0.0904968 0.305964 1500 0.236969 1500 
0.993674 0.691551 1500 0.1235 0.144279 1500 0.207321 1500 
0.99341 0.70137 1500 0.0904968 0.319609 1500 0.236969 1500 
0.993428 0.700705 1500 0.0621493 0.305964 1500 0.236969 1500 
0.993269 0.704843 1500 0.0621493 0.305964 1500 0.358655 1500 
0.993549 0.697014 1500 0.0904968 0.21151 1500 0.236969 1500 
0.993428 0.700547 1500 0.0504041 0.305964 1500 0.236969 1500 
0.993427 0.70099 1500 0.0904968 0.305964 1500 0.236969 1500 
0.993971 0.669043 1500 0.0904968 0.0476977 1500 0.0750234 1500 
0.993635 0.693179 1500 0.143973 0.144279 1500 0.236969 1500 
0.99341 0.701379 1500 0.0904968 0.319609 1500 0.236969 1500 
0.993427 0.700991 1500 0.0904968 0.305964 1500 0.236969 1500 
0.993453 0.700481 1500 0.143973 0.285803 1500 0.236969 1500 
0.993427 0.700984 1500 0.0904968 0.305964 1500 0.236969 1500 
0.993428 0.70054 1500 0.0504041 0.305964 1500 0.236969 1500 
0.993427 0.701076 1500 0.119944 0.305964 1500 0.236969 1500 
0.993428 0.70078 1500 0.067958 0.305964 1500 0.236969 1500 
0.993427 0.701088 1500 0.119944 0.305964 1500 0.236969 1500 
0.993535 0.697613 1500 0.0904968 0.22251 1500 0.236969 1500 
0.993428 0.700786 1500 0.067958 0.305964 1500 0.236969 1500 
0.993635 0.693281 1500 0.160301 0.144279 1500 0.236969 1500 
0.993427 0.701017 1500 0.0951103 0.305964 1500 0.236969 1500 
0.993427 0.700988 1500 0.0904968 0.305964 1500 0.236969 1500 
0.99341 0.701364 1500 0.0904968 0.319609 1500 0.236969 1500 
0.993428 0.700708 1500 0.0621493 0.305964 1500 0.236969 1500 
0.993428 0.700704 1500 0.0621493 0.305964 1500 0.236969 1500 
0.993222 0.70549 1500 0.0621493 0.305964 1500 0.394643 1500 
0.993427 0.700986 1500 0.0904968 0.305964 1500 0.236969 1500 
0.993428 0.700711 1500 0.0621493 0.305964 1500 0.236969 1500 
0.993428 0.700711 1500 0.0621493 0.305964 1500 0.236969 1500 
0.993428 0.700711 1500 0.0621493 0.305964 1500 0.236969 1500 
0.993427 0.701079 1500 0.119944 0.305964 1500 0.236969 1500 
0.993427 0.701028 1500 0.143341 0.305964 1500 0.236969 1500 
0.993409 0.701643 1500 0.0951103 0.305964 1500 0.25112 1500 
0.993427 0.700985 1500 0.0904968 0.305964 1500 0.236969 1500 
0.993427 0.701088 1500 0.1235 0.305964 1500 0.236969 1500 
0.993287 0.704543 1500 0.0621493 0.305964 1500 0.345111 1500 
0.99338 0.702561 1500 0.0951103 0.285803 1500 0.292938 1500 
0.993427 0.701044 1500 0.143973 0.305964 1500 0.236969 1500 
0.993458 0.700358 1500 0.114161 0.28206 1500 0.236969 1500 
0.993427 0.70106 1500 0.131379 0.305964 1500 0.236969 1500 
0.993428 0.70071 1500 0.0621493 0.305964 1500 0.236969 1500 
0.993428 0.700709 1500 0.0621243 0.305964 1500 0.236969 1500 
0.993427 0.701075 1500 0.119944 0.305964 1500 0.236969 1500 
0.993427 0.700993 1500 0.0904968 0.305964 1500 0.236969 1500 
0.993428 0.700707 1500 0.0621493 0.305964 1500 0.236969 1500 
0.993427 0.70099 1500 0.0904968 0.305964 1500 0.236969 1500 
0.993428 0.700703 1500 0.0621493 0.305964 1500 0.236969 1500 
0.993462 0.699818 1500 0.0904968 0.22251 1500 0.292938 1500 
0.993427 0.701084 1500 0.119944 0.305964 1500 0.236969 1500 
0.993635 0.693274 1500 0.160301 0.144279 1500 0.236969 1500 
0.993427 0.701094 1500 0.1235 0.305964 1500 0.236969 1500 
0.993631 0.693417 1500 0.146663 0.147011 1500 0.236969 1500 
0.993427 0.700978 1500 0.0904968 0.305964 1500 0.236969 1500 
0.993428 0.700703 1500 0.0621493 0.305964 1500 0.236969 1500 
0.993621 0.693912 1500 0.0904968 0.185362 1500 0.207321 1500 
0.993427 0.700984 1500 0.0904968 0.305964 1500 0.236969 1500 
0.993428 0.700709 1500 0.0621493 0.305964 1500 0.236969 1500 
0.993428 0.700709 1500 0.0621493 0.305964 1500 0.236969 1500 
0.993382 0.702449 1500 0.0904968 0.305964 1500 0.271713 1500 
0.993427 0.701026 1500 0.143973 0.305964 1500 0.236969 1500 
0.993635 0.693289 1500 0.160301 0.144279 1500 0.236969 1500 
0.993427 0.701095 1500 0.119944 0.305964 1500 0.236969 1500 
0.993427 0.701024 1500 0.143341 0.305964 1500 0.236969 1500 
0.993427 0.700984 1500 0.0904968 0.305964 1500 0.236969 1500 
0.993536 0.697641 1500 0.0951103 0.22178 1500 0.236969 1500 
0.993427 0.701095 1500 0.1235 0.305964 1500 0.236969 1500 
0.993428 0.700547 1500 0.0504041 0.305964 1500 0.236969 1500 
0.993427 0.701087 1500 0.119944 0.305964 1500 0.236969 1500 
0.993428 0.700707 1500 0.0621493 0.305964 1500 0.236969 1500 
0.993427 0.701076 1500 0.1235 0.305964 1500 0.236969 1500 
0.993427 0.70099 1500 0.0904968 0.305964 1500 0.236969 1500 
0.993428 0.700712 1500 0.0621493 0.305964 1500 0.236969 1500 
0.993452 0.700421 1500 0.160301 0.285803 1500 0.236969 1500 
0.993427 0.700983 1500 0.0904968 0.305964 1500 0.236969 1500 
0.99341 0.701363 1500 0.0904968 0.319609 1500 0.236969 1500 
0.993427 0.70096 1500 0.0866936 0.305964 1500 0.236969 1500 
0.993453 0.700497 1500 0.115875 0.285803 1500 0.236969 1500 
0.993427 0.701086 1500 0.119944 0.305964 1500 0.236969 1500 
0.993465 0.699637 1500 0.127751 0.305964 1500 0.207321 1500 
0.993428 0.700778 1500 0.067958 0.305964 1500 0.236969 1500 
0.993427 0.701085 1500 0.1235 0.305964 1500 0.236969 1500 
0.993428 0.700704 1500 0.0621493 0.305964 1500 0.236969 1500 
0.993427 0.701076 1500 0.1235 0.305964 1500 0.236969 1500 
0.993427 0.700986 1500 0.0904968 0.305964 1500 0.236969 1500 
0.993905 0.676899 1500 0.1235 0.0872919 1500 0.0865692 1500 
0.993427 0.701071 1500 0.119944 0.305964 1500 0.236969 1500 
