0.531789 0.356836 1500 0.0648192 5.60517 
0.829001 0.153283 1500 0.0567349 21.8392 
0.503553 0.364593 1500 0.0580547 5.09047 
0.803332 0.180738 1500 0.0547203 18.0891 
0.557285 0.347925 1500 0.0649222 6.10648 
0.690072 0.274569 1500 0.0501919 9.98008 
0.855084 0.122297 1500 0.0598673 27.7208 
0.604947 0.327613 1500 0.0616015 7.20149 
0.5193 0.359253 1500 0.0547203 5.34999 
0.484845 0.367557 1500 0.052651 4.77775 
0.690072 0.274614 1500 0.0501919 9.98008 
0.686247 0.280259 1500 0.0710071 9.93159 
0.599571 0.328848 1500 0.0547203 7.03754 
0.894705 0.061808 1500 0.0501919 52.8478 
0.855084 0.122295 1500 0.0598673 27.7208 
0.5193 0.359334 1500 0.0547203 5.34999 
0.382743 0.383869 1500 0.0746602 3.48686 
0.5193 0.359273 1500 0.0547203 5.34999 
0.382743 0.383862 1500 0.0746602 3.48686 
0.66076 0.297352 1500 0.0616015 8.89712 
0.567585 0.342411 1500 0.0541719 6.28917 
0.633889 0.310412 1500 0.0521441 7.97363 
0.434472 0.378304 1500 0.0580547 4.07841 
0.474507 0.371489 1500 0.0580547 4.63468 
0.803331 0.180674 1500 0.0547203 18.0891 
0.728739 0.238259 1500 0.112902 12.3076 
0.897724 0.0525764 1500 0.0477512 61.1931 
0.457814 0.375146 1500 0.0616015 4.40169 
0.604947 0.327557 1500 0.0616015 7.20149 
0.531789 0.356773 1500 0.0648192 5.60517 
0.484845 0.367626 1500 0.052651 4.77775 
0.690072 0.274517 1500 0.0501919 9.98008 
0.847279 0.131676 1500 0.0547203 25.568 
0.484844 0.367599 1500 0.052651 4.77775 
0.557285 0.34798 1500 0.0649222 6.10648 
0.88696 0.0771342 1500 0.0616015 43.4426 
0.641915 0.307809 1500 0.0570677 8.24354 
0.503552 0.36463 1500 0.0580547 5.09047 
0.5193 0.359369 1500 0.0547203 5.34999 
0.5193 0.359312 1500 0.0547203 5.34999 
0.829001 0.153314 1500 0.0567349 21.8392 
0.484844 0.367674 1500 0.052651 4.77775 
0.883675 0.0806139 1500 0.0475541 40.261 
0.690072 0.274633 1500 0.0501919 9.98008 
0.503552 0.364613 1500 0.0580547 5.09047 
0.58047 0.3387 1500 0.0665156 6.6197 
0.382743 0.383949 1500 0.0746602 3.48686 
0.66076 0.29713 1500 0.0616015 8.89712 
0.803331 0.180668 1500 0.0547203 18.0891 
0.458942 0.373693 1500 0.0547203 4.40169 
0.599571 0.328811 1500 0.0547203 7.03754 
0.641275 0.308632 1500 0.0616015 8.24354 
0.533079 0.355528 1500 0.0567349 5.60517 
0.484844 0.367619 1500 0.052651 4.77775 
0.457814 0.3751 1500 0.0616015 4.40169 
0.484927 0.36751 1500 0.0521441 4.77775 
0.557035 0.348186 1500 0.0665156 6.10648 
0.474507 0.371463 1500 0.0580547 4.63468 
0.434472 0.378275 1500 0.0580547 4.07841 
0.606768 0.326421 1500 0.0704504 7.28361 
0.433656 0.378984 1500 0.0630406 4.07841 
0.422775 0.380644 1500 0.070964 3.95571 
0.855085 0.122295 1500 0.0598673 27.7208 
0.5193 0.359274 1500 0.0547203 5.34999 
0.567585 0.342493 1500 0.0541719 6.28917 
0.641962 0.307688 1500 0.0567349 8.24354 
0.641915 0.307739 1500 0.0570677 8.24354 
0.614845 0.321743 1500 0.0552787 7.44018 
0.599571 0.328823 1500 0.0547203 7.03754 
0.604947 0.327565 1500 0.0616015 7.20149 
0.803331 0.180648 1500 0.0547203 18.0891 
0.434472 0.37833 1500 0.0580547 4.07841 
0.728739 0.238194 1500 0.112902 12.3076 
0.614845 0.321762 1500 0.0552787 7.44018 
0.633233 0.312415 1500 0.0567349 7.97363 
0.802443 0.182132 1500 0.0648192 18.0891 
0.599571 0.328851 1500 0.0547203 7.03754 
0.474507 0.371454 1500 0.0580547 4.63468 
0.89414 0.0631069 1500 0.0665156 52.8478 
0.474507 0.371469 1500 0.0580547 4.63468 
0.689707 0.276439 1500 0.0530368 9.98008 
0.599071 0.329965 1500 0.0580547 7.03754 
0.829001 0.153257 1500 0.0567349 21.8392 
0.503552 0.364579 1500 0.0580547 5.09047 
0.641776 0.307999 1500 0.0580547 8.24354 
0.829001 0.153324 1500 0.0567349 21.8392 
0.66076 0.297194 1500 0.0616015 8.89712 
0.5193 0.359278 1500 0.0547203 5.34999 
0.66076 0.297109 1500 0.0616015 8.89712 
0.690072 0.274615 1500 0.0501919 9.98008 
0.803039 0.181468 1500 0.0580547 18.0891 
0.690072 0.274431 1500 0.0501919 9.98008 
0.503552 0.364585 1500 0.0580547 5.09047 
0.828901 0.153483 1500 0.0580547 21.8392 
0.5193 0.359311 1500 0.0547203 5.34999 
0.562055 0.345603 1500 0.0747058 6.23896 
0.554127 0.348895 1500 0.070964 6.06082 
0.458611 0.374303 1500 0.0567349 4.40169 
0.58047 0.338671 1500 0.0665156 6.6197 
0.831793 0.15025 1500 0.0598673 22.3813 
0.457814 0.375152 1500 0.0616015 4.40169 
0.855085 0.122277 1500 0.0598673 27.7208 
0.474507 0.371421 1500 0.0580547 4.63468 
0.803331 0.180809 1500 0.0547203 18.0891 
0.458942 0.373689 1500 0.0547203 4.40169 
0.66076 0.297247 1500 0.0616015 8.89712 
0.855085 0.122255 1500 0.0598673 27.7208 
0.458942 0.373691 1500 0.0547203 4.40169 
0.557285 0.348022 1500 0.0649222 6.10648 
0.384839 0.383268 1500 0.0616015 3.48686 
0.484845 0.36767 1500 0.052651 4.77775 
0.474507 0.371437 1500 0.0580547 4.63468 
0.503553 0.364589 1500 0.0580547 5.09047 
0.382743 0.383899 1500 0.0746602 3.48686 
0.660996 0.296883 1500 0.0598673 8.89712 
0.503766 0.364249 1500 0.0567349 5.09047 
0.641072 0.308833 1500 0.0630406 8.24354 
0.633889 0.310364 1500 0.0521441 7.97363 
0.533401 0.354977 1500 0.0547203 5.60517 
0.5193 0.359285 1500 0.0547203 5.34999 
0.533079 0.355648 1500 0.0567349 5.60517 
0.385947 0.382089 1500 0.0547203 3.48686 
0.557285 0.347917 1500 0.0649222 6.10648 
0.502978 0.365166 1500 0.0616015 5.09047 
0.383382 0.383833 1500 0.0706742 3.48686 
0.642246 0.306774 1500 0.0547203 8.24354 
0.897723 0.052564 1500 0.0477512 61.1931 
0.661423 0.296093 1500 0.0567349 8.89712 
0.829001 0.153298 1500 0.0567349 21.8392 
0.484845 0.367648 1500 0.052651 4.77775 
0.803331 0.180567 1500 0.0547203 18.0891 
0.503552 0.364552 1500 0.0580547 5.09047 
0.803039 0.181587 1500 0.0580547 18.0891 
0.474507 0.37142 1500 0.0580547 4.63468 
0.5193 0.359326 1500 0.0547203 5.34999 
0.566208 0.344514 1500 0.0630406 6.28917 
0.599571 0.328833 1500 0.0547203 7.03754 
0.484845 0.36758 1500 0.052651 4.77775 
0.633889 0.310403 1500 0.0521441 7.97363 
0.641776 0.307949 1500 0.0580547 8.24354 
0.633233 0.312435 1500 0.0567349 7.97363 
0.597211 0.330958 1500 0.0704504 7.03754 
0.382743 0.383884 1500 0.0746602 3.48686 
0.8289 0.153547 1500 0.0580547 21.8392 
0.641275 0.308528 1500 0.0616015 8.24354 
0.457814 0.375135 1500 0.0616015 4.40169 
0.828901 0.153515 1500 0.0580547 21.8392 
0.567585 0.342416 1500 0.0541719 6.28917 
0.382743 0.383863 1500 0.0746602 3.48686 
0.633441 0.311913 1500 0.0552787 7.97363 
0.802444 0.182147 1500 0.0648192 18.0891 
0.894556 0.0625488 1500 0.0547203 52.8478 
0.5675 0.342649 1500 0.0547203 6.28917 
0.642246 0.306942 1500 0.0547203 8.24354 
0.382743 0.383924 1500 0.0746602 3.48686 
0.641776 0.307935 1500 0.0580547 8.24354 
0.63197 0.313822 1500 0.0621949 7.95916 
0.854976 0.122365 1500 0.0616015 27.7208 
0.803331 0.180618 1500 0.0547203 18.0891 
0.382743 0.383865 1500 0.0746602 3.48686 
0.894706 0.0617276 1500 0.0501919 52.8478 
0.382743 0.383893 1500 0.0746602 3.48686 
0.66076 0.297151 1500 0.0616015 8.89712 
0.641776 0.308072 1500 0.0580547 8.24354 
0.531789 0.356888 1500 0.0648192 5.60517 
0.689637 0.276814 1500 0.0535799 9.98008 
0.382743 0.383883 1500 0.0746602 3.48686 
0.474507 0.371413 1500 0.0580547 4.63468 
0.661979 0.294315 1500 0.052651 8.89712 
0.803331 0.180646 1500 0.0547203 18.0891 
0.503552 0.364531 1500 0.0580547 5.09047 
0.581765 0.337566 1500 0.0580547 6.6197 
0.567414 0.342825 1500 0.0552787 6.28917 
0.898439 0.0460913 1500 0.0521441 71.5982 
0.503553 0.364616 1500 0.0580547 5.09047 
0.503259 0.364904 1500 0.0598673 5.09047 
0.5193 0.359435 1500 0.0547203 5.34999 
0.897338 0.0543651 1500 0.0616015 61.2384 
0.58047 0.338734 1500 0.0665156 6.6197 
0.829001 0.15324 1500 0.0567349 21.8392 
0.5193 0.359343 1500 0.0547203 5.34999 
0.484844 0.367586 1500 0.052651 4.77775 
0.640807 0.309057 1500 0.0649222 8.24354 
0.894706 0.0617434 1500 0.0501919 52.8478 
0.382743 0.383876 1500 0.0746602 3.48686 
0.474507 0.371451 1500 0.0580547 4.63468 
0.5193 0.359218 1500 0.0547203 5.34999 
0.58073 0.338573 1500 0.0648192 6.6197 
0.382743 0.383864 1500 0.0746602 3.48686 
0.5193 0.359345 1500 0.0547203 5.34999 
0.484845 0.367688 1500 0.052651 4.77775 
0.474507 0.371455 1500 0.0580547 4.63468 
0.828255 0.154077 1500 0.0665156 21.8392 
0.382743 0.383898 1500 0.0746602 3.48686 
0.642246 0.30677 1500 0.0547203 8.24354 
0.434472 0.378314 1500 0.0580547 4.07841 
0.8289 0.153574 1500 0.0580547 21.8392 
0.503552 0.364534 1500 0.0580547 5.09047 
0.5193 0.359401 1500 0.0547203 5.34999 
0.883566 0.081823 1500 0.0501919 40.261 
0.604005 0.328088 1500 0.0679305 7.20149 
0.474507 0.371578 1500 0.0580547 4.63468 
0.883483 0.0823836 1500 0.0521441 40.261 
0.474507 0.371369 1500 0.0580547 4.63468 
0.894706 0.0617509 1500 0.0501919 52.8478 
0.642246 0.306913 1500 0.0547203 8.24354 
0.567586 0.342382 1500 0.0541719 6.28917 
0.883676 0.0806283 1500 0.0475541 40.261 
0.503552 0.364538 1500 0.0580547 5.09047 
0.644107 0.30583 1500 0.0547203 8.30285 
0.530892 0.356995 1500 0.0704504 5.60517 
0.855084 0.122266 1500 0.0598673 27.7208 
0.58047 0.338673 1500 0.0665156 6.6197 
0.689707 0.276611 1500 0.0530368 9.98008 
0.5193 0.359348 1500 0.0547203 5.34999 
0.503552 0.364488 1500 0.0580547 5.09047 
0.382743 0.383887 1500 0.0746602 3.48686 
0.531519 0.356971 1500 0.0665156 5.60517 
0.697809 0.272143 1500 0.0704504 10.4354 
0.530892 0.356985 1500 0.0704504 5.60517 
0.5193 0.359319 1500 0.0547203 5.34999 
0.641072 0.308914 1500 0.0630406 8.24354 
0.599571 0.328795 1500 0.0547203 7.03754 
0.503552 0.364537 1500 0.0580547 5.09047 
0.58047 0.338726 1500 0.0665156 6.6197 
0.803331 0.180809 1500 0.0547203 18.0891 
0.66076 0.297148 1500 0.0616015 8.89712 
0.557285 0.347968 1500 0.0649222 6.10648 
0.599071 0.329973 1500 0.0580547 7.03754 
0.803332 0.180609 1500 0.0547203 18.0891 
0.8289 0.153443 1500 0.0580547 21.8392 
0.847279 0.131569 1500 0.0547203 25.568 
0.894642 0.062208 1500 0.0521441 52.8478 
0.633889 0.310513 1500 0.0521441 7.97363 
0.561323 0.346223 1500 0.0704504 6.20931 
0.567585 0.342493 1500 0.0541719 6.28917 
0.533401 0.354951 1500 0.0547203 5.60517 
0.385118 0.383047 1500 0.0598673 3.48686 
0.522506 0.359145 1500 0.0580547 5.41627 
0.608337 0.325854 1500 0.0598673 7.28361 
0.641776 0.307994 1500 0.0580547 8.24354 
0.484845 0.367653 1500 0.052651 4.77775 
0.641776 0.307941 1500 0.0580547 8.24354 
0.633889 0.310444 1500 0.0521441 7.97363 
0.898298 0.0467063 1500 0.0580547 71.4557 
0.458395 0.37466 1500 0.0580547 4.40169 
0.608801 0.325141 1500 0.0567349 7.28361 
0.894139 0.0630813 1500 0.0665156 52.8478 
0.66076 0.297145 1500 0.0616015 8.89712 
0.434472 0.37836 1500 0.0580547 4.07841 
0.642246 0.306788 1500 0.0547203 8.24354 
0.531789 0.356907 1500 0.0648192 5.60517 
0.5193 0.359251 1500 0.0547203 5.34999 
0.606768 0.326454 1500 0.0704504 7.28361 
0.382743 0.38393 1500 0.0746602 3.48686 
0.38541 0.382748 1500 0.0580547 3.48686 
0.633889 0.310344 1500 0.0521441 7.97363 
0.5193 0.359337 1500 0.0547203 5.34999 
0.533731 0.353956 1500 0.052651 5.60517 
0.897724 0.0525796 1500 0.0477512 61.1931 
0.518193 0.360863 1500 0.0616015 5.34999 
0.886959 0.0771484 1500 0.0616015 43.4426 
0.458942 0.373682 1500 0.0547203 4.40169 
0.457814 0.375125 1500 0.0616015 4.40169 
0.530892 0.357054 1500 0.0704504 5.60517 
0.567585 0.342371 1500 0.0541719 6.28917 
0.641776 0.307966 1500 0.0580547 8.24354 
0.632741 0.31322 1500 0.0601728 7.97363 
0.662048 0.294244 1500 0.0521441 8.89712 
0.53308 0.355558 1500 0.0567349 5.60517 
0.855084 0.12225 1500 0.0598673 27.7208 
0.8289 0.153469 1500 0.0580547 21.8392 
0.5193 0.359271 1500 0.0547203 5.34999 
0.689491 0.277368 1500 0.0547203 9.98008 
0.599571 0.328898 1500 0.0547203 7.03754 
0.5193 0.359264 1500 0.0547203 5.34999 
0.688605 0.279097 1500 0.0616015 9.98008 
0.604947 0.327558 1500 0.0616015 7.20149 
0.599071 0.329846 1500 0.0580547 7.03754 
0.633233 0.312417 1500 0.0567349 7.97363 
0.631351 0.314232 1500 0.0665156 7.95916 
0.659522 0.297568 1500 0.0706742 8.89712 
0.43544 0.376469 1500 0.0521441 4.07841 
0.58047 0.338668 1500 0.0665156 6.6197 
0.831792 0.150329 1500 0.0598673 22.3813 
0.58047 0.33866 1500 0.0665156 6.6197 
0.633889 0.310326 1500 0.0521441 7.97363 
0.484927 0.367294 1500 0.0521441 4.77775 
0.458941 0.373735 1500 0.0547203 4.40169 
0.484507 0.3684 1500 0.0547203 4.77775 
0.58073 0.338646 1500 0.0648192 6.6197 
0.660996 0.296778 1500 0.0598673 8.89712 
0.803331 0.180568 1500 0.0547203 18.0891 
0.503552 0.364525 1500 0.0580547 5.09047 
0.503552 0.364566 1500 0.0580547 5.09047 
0.871905 0.0993005 1500 0.0521441 33.6236 
0.557285 0.348006 1500 0.0649222 6.10648 
0.803039 0.181488 1500 0.0580547 18.0891 
0.855566 0.120871 1500 0.0521441 27.7208 
0.605671 0.326532 1500 0.0567349 7.20149 
0.433892 0.378854 1500 0.0616015 4.07841 
0.641915 0.307724 1500 0.0570677 8.24354 
0.641776 0.307965 1500 0.0580547 8.24354 
0.531789 0.356855 1500 0.0648192 5.60517 
0.803331 0.180567 1500 0.0547203 18.0891 
0.803039 0.1814 1500 0.0580547 18.0891 
0.581765 0.337611 1500 0.0580547 6.6197 
0.599571 0.32883 1500 0.0547203 7.03754 
0.503552 0.364541 1500 0.0580547 5.09047 
0.640821 0.308992 1500 0.0648192 8.24354 
0.66076 0.29718 1500 0.0616015 8.89712 
0.581765 0.337691 1500 0.0580547 6.6197 
0.365223 0.384037 1500 0.0630406 3.27522 
0.633889 0.310472 1500 0.0521441 7.97363 
0.689419 0.277754 1500 0.0552787 9.98008 
0.642246 0.306773 1500 0.0547203 8.24354 
0.458942 0.373672 1500 0.0547203 4.40169 
0.633521 0.311769 1500 0.0547203 7.97363 
0.5193 0.359334 1500 0.0547203 5.34999 
0.641275 0.308666 1500 0.0616015 8.24354 
0.386218 0.381538 1500 0.0530368 3.48686 
0.474507 0.371485 1500 0.0580547 4.63468 
0.5193 0.359287 1500 0.0547203 5.34999 
0.661698 0.295521 1500 0.0547203 8.89712 
0.382743 0.383867 1500 0.0746602 3.48686 
0.503552 0.364542 1500 0.0580547 5.09047 
0.642246 0.307035 1500 0.0547203 8.24354 
0.599571 0.328928 1500 0.0547203 7.03754 
0.883566 0.0818064 1500 0.0501919 40.261 
0.434472 0.378423 1500 0.0580547 4.07841 
0.615949 0.315769 1500 0.0477512 7.44018 
0.457814 0.375096 1500 0.0616015 4.40169 
0.38541 0.382709 1500 0.0580547 3.48686 
0.728739 0.238349 1500 0.112902 12.3076 
0.363381 0.384501 1500 0.0746602 3.27522 
0.803039 0.181646 1500 0.0580547 18.0891 
0.567585 0.342442 1500 0.0541719 6.28917 
0.687461 0.279846 1500 0.0616015 9.93159 
0.484845 0.367609 1500 0.052651 4.77775 
0.661698 0.295423 1500 0.0547203 8.89712 
0.457814 0.375124 1500 0.0616015 4.40169 
0.530892 0.357004 1500 0.0704504 5.60517 
0.457814 0.375166 1500 0.0616015 4.40169 
0.53179 0.356861 1500 0.0648192 5.60517 
0.385947 0.382051 1500 0.0547203 3.48686 
0.661423 0.29617 1500 0.0567349 8.89712 
0.533401 0.354929 1500 0.0547203 5.60517 
0.810106 0.174166 1500 0.0616015 19.0227 
0.666368 0.293536 1500 0.0665156 9.12438 
0.456282 0.37571 1500 0.070964 4.40169 
0.458395 0.3746 1500 0.0580547 4.40169 
0.854975 0.122376 1500 0.0616015 27.7208 
0.5675 0.342642 1500 0.0547203 6.28917 
0.803331 0.180686 1500 0.0547203 18.0891 
0.641275 0.308551 1500 0.0616015 8.24354 
0.458942 0.373715 1500 0.0547203 4.40169 
0.757707 0.221964 1500 0.0501919 13.759 
0.434472 0.378382 1500 0.0580547 4.07841 
0.894556 0.0625424 1500 0.0547203 52.8478 
0.384839 0.383296 1500 0.0616015 3.48686 
0.518193 0.360869 1500 0.0616015 5.34999 
0.641776 0.307944 1500 0.0580547 8.24354 
0.642246 0.306825 1500 0.0547203 8.24354 
0.847679 0.131088 1500 0.0547203 25.6655 
0.641776 0.307944 1500 0.0580547 8.24354 
0.633817 0.310598 1500 0.052651 7.97363 
0.530892 0.356971 1500 0.0704504 5.60517 
0.803331 0.180739 1500 0.0547203 18.0891 
0.803557 0.179707 1500 0.0521441 18.0891 
0.417447 0.381058 1500 0.0648192 3.87671 
0.567414 0.34285 1500 0.0552787 6.28917 
0.483384 0.369971 1500 0.0616015 4.77775 
0.803331 0.180661 1500 0.0547203 18.0891 
0.66076 0.297204 1500 0.0616015 8.89712 
0.581765 0.337711 1500 0.0580547 6.6197 
0.855685 0.119898 1500 0.0501919 27.7208 
0.898113 0.0467976 1500 0.0648192 71.5982 
0.855565 0.120811 1500 0.0521441 27.7208 
0.474507 0.371477 1500 0.0580547 4.63468 
0.608605 0.325517 1500 0.0580547 7.28361 
0.599571 0.328855 1500 0.0547203 7.03754 
0.503552 0.364518 1500 0.0580547 5.09047 
0.689756 0.276263 1500 0.052651 9.98008 
0.599571 0.328885 1500 0.0547203 7.03754 
0.504093 0.363643 1500 0.0547203 5.09047 
0.484927 0.367391 1500 0.0521441 4.77775 
0.458941 0.373648 1500 0.0547203 4.40169 
0.474507 0.371362 1500 0.0580547 4.63468 
0.484845 0.367637 1500 0.052651 4.77775 
0.385118 0.383051 1500 0.0598673 3.48686 
0.802443 0.182122 1500 0.0648192 18.0891 
0.897724 0.052604 1500 0.0477512 61.1931 
0.382743 0.383875 1500 0.0746602 3.48686 
0.87902 0.0886758 1500 0.0501919 37.262 
0.608801 0.325036 1500 0.0567349 7.28361 
0.567677 0.342304 1500 0.0535799 6.28917 
0.633889 0.31039 1500 0.0521441 7.97363 
0.633233 0.31247 1500 0.0567349 7.97363 
0.829001 0.153182 1500 0.0567349 21.8392 
0.475052 0.37058 1500 0.0547203 4.63468 
0.567762 0.341825 1500 0.0530368 6.28917 
0.474507 0.371396 1500 0.0580547 4.63468 
0.606768 0.326492 1500 0.0704504 7.28361 
0.854975 0.122441 1500 0.0616015 27.7208 
0.385857 0.382187 1500 0.0552787 3.48686 
0.633233 0.312474 1500 0.0567349 7.97363 
0.474507 0.3715 1500 0.0580547 4.63468 
0.532869 0.35585 1500 0.0580547 5.60517 
0.531789 0.356939 1500 0.0648192 5.60517 
0.474507 0.371397 1500 0.0580547 4.63468 
0.641962 0.307568 1500 0.0567349 8.24354 
0.58073 0.338521 1500 0.0648192 6.6197 
0.554127 0.3489 1500 0.070964 6.06082 
0.384839 0.383299 1500 0.0616015 3.48686 
0.661772 0.295128 1500 0.0541719 8.89712 
0.474507 0.371426 1500 0.0580547 4.63468 
0.697809 0.272148 1500 0.0704504 10.4354 
0.530892 0.356978 1500 0.0704504 5.60517 
0.883369 0.0829289 1500 0.0547203 40.261 
0.533401 0.355044 1500 0.0547203 5.60517 
0.557285 0.348024 1500 0.0649222 6.10648 
0.474507 0.371458 1500 0.0580547 4.63468 
0.472481 0.372442 1500 0.0704504 4.63468 
0.633521 0.311881 1500 0.0547203 7.97363 
0.385118 0.383081 1500 0.0598673 3.48686 
0.608337 0.325838 1500 0.0598673 7.28361 
0.484845 0.367633 1500 0.052651 4.77775 
0.51677 0.361332 1500 0.0704504 5.34999 
0.855084 0.122316 1500 0.0598673 27.7208 
0.382743 0.383896 1500 0.0746602 3.48686 
0.474507 0.371486 1500 0.0580547 4.63468 
0.458941 0.373708 1500 0.0547203 4.40169 
0.886959 0.077211 1500 0.0616015 43.4426 
0.803039 0.181533 1500 0.0580547 18.0891 
0.518193 0.360917 1500 0.0616015 5.34999 
0.606768 0.32646 1500 0.0704504 7.28361 
0.474507 0.3714 1500 0.0580547 4.63468 
0.503552 0.364602 1500 0.0580547 5.09047 
0.554127 0.348897 1500 0.070964 6.06082 
0.385947 0.382126 1500 0.0547203 3.48686 
0.5675 0.342634 1500 0.0547203 6.28917 
0.386361 0.381191 1500 0.0521441 3.48686 
0.609099 0.324312 1500 0.0547203 7.28361 
0.384049 0.383702 1500 0.0665156 3.48686 
0.504093 0.363606 1500 0.0547203 5.09047 
0.432355 0.37938 1500 0.0710071 4.07841 
0.504093 0.363553 1500 0.0547203 5.09047 
0.642246 0.306793 1500 0.0547203 8.24354 
0.803332 0.180708 1500 0.0547203 18.0891 
0.854885 0.122544 1500 0.0630406 27.7208 
0.581765 0.337693 1500 0.0580547 6.6197 
0.599571 0.328778 1500 0.0547203 7.03754 
0.8289 0.153497 1500 0.0580547 21.8392 
0.518193 0.360875 1500 0.0616015 5.34999 
0.689062 0.278469 1500 0.0580547 9.98008 
0.633521 0.311736 1500 0.0547203 7.97363 
0.583978 0.33707 1500 0.0616015 6.68388 
0.530892 0.356993 1500 0.0704504 5.60517 
0.5193 0.35929 1500 0.0547203 5.34999 
0.599071 0.329896 1500 0.0580547 7.03754 
0.597211 0.331036 1500 0.0704504 7.03754 
0.501544 0.365623 1500 0.0704504 5.09047 
0.613427 0.323407 1500 0.0649222 7.44018 
0.51921 0.359526 1500 0.0552787 5.34999 
0.484845 0.367612 1500 0.052651 4.77775 
0.660996 0.296989 1500 0.0598673 8.89712 
0.503552 0.364494 1500 0.0580547 5.09047 
0.557285 0.347971 1500 0.0649222 6.10648 
0.896267 0.0581722 1500 0.0547203 56.747 
0.687462 0.279939 1500 0.0616015 9.93159 
0.503552 0.364517 1500 0.0580547 5.09047 
0.606768 0.3264 1500 0.0704504 7.28361 
0.533079 0.355592 1500 0.0567349 5.60517 
0.566983 0.34372 1500 0.0580547 6.28917 
0.502978 0.365139 1500 0.0616015 5.09047 
0.567585 0.342509 1500 0.0541719 6.28917 
0.5193 0.359339 1500 0.0547203 5.34999 
0.434472 0.37835 1500 0.0580547 4.07841 
0.531519 0.356951 1500 0.0665156 5.60517 
0.687046 0.280227 1500 0.0648192 9.93159 
0.38541 0.382781 1500 0.0580547 3.48686 
0.484845 0.367637 1500 0.052651 4.77775 
0.533401 0.354847 1500 0.0547203 5.60517 
0.803331 0.180723 1500 0.0547203 18.0891 
0.385947 0.38204 1500 0.0547203 3.48686 
0.661698 0.295477 1500 0.0547203 8.89712 
0.385118 0.38305 1500 0.0598673 3.48686 
0.504093 0.363568 1500 0.0547203 5.09047 
0.484844 0.367663 1500 0.052651 4.77775 
0.385947 0.382089 1500 0.0547203 3.48686 
0.567585 0.342534 1500 0.0541719 6.28917 
0.671509 0.288026 1500 0.0521441 9.2444 
0.551526 0.349845 1500 0.0704504 6.00606 
0.530892 0.35704 1500 0.0704504 5.60517 
0.64152 0.308354 1500 0.0598673 8.24354 
0.661698 0.295425 1500 0.0547203 8.89712 
0.581765 0.33758 1500 0.0580547 6.6197 
0.66076 0.297217 1500 0.0616015 8.89712 
0.532869 0.355916 1500 0.0580547 5.60517 
0.58073 0.338612 1500 0.0648192 6.6197 
0.458942 0.373659 1500 0.0547203 4.40169 
0.5193 0.359346 1500 0.0547203 5.34999 
0.641776 0.308017 1500 0.0580547 8.24354 
0.855685 0.119959 1500 0.0501919 27.7208 
0.728739 0.238437 1500 0.112902 12.3076 
0.689756 0.276288 1500 0.052651 9.98008 
0.642483 0.306021 1500 0.0530368 8.24354 
0.518472 0.360693 1500 0.0598673 5.34999 
0.605474 0.326868 1500 0.0580547 7.20149 
0.898439 0.0460858 1500 0.0521441 71.5982 
0.384839 0.383288 1500 0.0616015 3.48686 
0.641776 0.307953 1500 0.0580547 8.24354 
0.458395 0.374594 1500 0.0580547 4.40169 
0.5193 0.359289 1500 0.0547203 5.34999 
0.641962 0.307724 1500 0.0567349 8.24354 
0.382743 0.383866 1500 0.0746602 3.48686 
0.581222 0.338228 1500 0.0616015 6.6197 
0.641776 0.307981 1500 0.0580547 8.24354 
0.383382 0.383837 1500 0.0706742 3.48686 
0.66009 0.29746 1500 0.0665156 8.89712 
0.687972 0.279452 1500 0.0665156 9.98008 
0.604947 0.327703 1500 0.0616015 7.20149 
0.567585 0.34255 1500 0.0541719 6.28917 
0.385118 0.383067 1500 0.0598673 3.48686 
0.58452 0.336423 1500 0.0580547 6.68388 
0.66076 0.297138 1500 0.0616015 8.89712 
0.689062 0.278516 1500 0.0580547 9.98008 
0.5193 0.359352 1500 0.0547203 5.34999 
0.474507 0.371494 1500 0.0580547 4.63468 
0.897958 0.0520866 1500 0.0530368 63.2093 
0.5193 0.359215 1500 0.0547203 5.34999 
0.5193 0.3594 1500 0.0547203 5.34999 
0.5193 0.359237 1500 0.0547203 5.34999 
0.58047 0.338649 1500 0.0665156 6.6197 
0.557285 0.347929 1500 0.0649222 6.10648 
0.484845 0.367713 1500 0.052651 4.77775 
0.662048 0.294027 1500 0.0521441 8.89712 
0.567585 0.342395 1500 0.0541719 6.28917 
0.434472 0.378342 1500 0.0580547 4.07841 
0.532303 0.356508 1500 0.0616015 5.60517 
0.561323 0.34621 1500 0.0704504 6.20931 
0.688802 0.27893 1500 0.0600744 9.98008 
0.855084 0.122289 1500 0.0598673 27.7208 
0.531789 0.356853 1500 0.0648192 5.60517 
0.649043 0.302895 1500 0.0547203 8.46339 
0.533401 0.354945 1500 0.0547203 5.60517 
0.383822 0.383785 1500 0.0679305 3.48686 
0.688828 0.278831 1500 0.0598673 9.98008 
0.661244 0.296695 1500 0.0580547 8.89712 
0.385947 0.381993 1500 0.0547203 3.48686 
0.641776 0.308086 1500 0.0580547 8.24354 
0.641962 0.307496 1500 0.0567349 8.24354 
0.567585 0.342452 1500 0.0541719 6.28917 
0.89414 0.0630632 1500 0.0665156 52.8478 
0.581222 0.338261 1500 0.0616015 6.6197 
0.660996 0.297063 1500 0.0598673 8.89712 
0.457814 0.37514 1500 0.0616015 4.40169 
0.611794 0.324167 1500 0.0616015 7.38272 
0.532303 0.356536 1500 0.0616015 5.60517 
0.457814 0.375118 1500 0.0616015 4.40169 
0.530892 0.35699 1500 0.0704504 5.60517 
0.5193 0.359275 1500 0.0547203 5.34999 
0.482843 0.370282 1500 0.0649222 4.77775 
0.894264 0.0630546 1500 0.0630406 52.8478 
0.531789 0.356867 1500 0.0648192 5.60517 
0.597211 0.33094 1500 0.0704504 7.03754 
0.5193 0.359281 1500 0.0547203 5.34999 
0.458941 0.373675 1500 0.0547203 4.40169 
0.614845 0.321635 1500 0.0552787 7.44018 
0.661698 0.295454 1500 0.0547203 8.89712 
0.689707 0.276549 1500 0.0530368 9.98008 
0.641072 0.308736 1500 0.0630406 8.24354 
0.518764 0.360345 1500 0.0580547 5.34999 
0.599071 0.32995 1500 0.0580547 7.03754 
0.517675 0.361254 1500 0.0648192 5.34999 
0.5193 0.359305 1500 0.0547203 5.34999 
0.581765 0.337524 1500 0.0580547 6.6197 
0.803039 0.181641 1500 0.0580547 18.0891 
0.641776 0.307969 1500 0.0580547 8.24354 
0.518472 0.360632 1500 0.0598673 5.34999 
0.887249 0.0765985 1500 0.0547203 43.4426 
0.599571 0.328786 1500 0.0547203 7.03754 
0.503553 0.364581 1500 0.0580547 5.09047 
0.599571 0.328823 1500 0.0547203 7.03754 
0.434472 0.37832 1500 0.0580547 4.07841 
0.5193 0.359322 1500 0.0547203 5.34999 
0.533312 0.355109 1500 0.0552787 5.60517 
0.606768 0.3264 1500 0.0704504 7.28361 
0.633044 0.31282 1500 0.0580547 7.97363 
0.855084 0.122208 1500 0.0598673 27.7208 
0.581765 0.337735 1500 0.0580547 6.6197 
0.458395 0.374625 1500 0.0580547 4.40169 
0.762615 0.217623 1500 0.0501919 14.1277 
0.474507 0.371407 1500 0.0580547 4.63468 
0.433892 0.378895 1500 0.0616015 4.07841 
0.689419 0.277624 1500 0.0552787 9.98008 
0.427568 0.37968 1500 0.0616015 3.99709 
0.434472 0.378434 1500 0.0580547 4.07841 
0.66076 0.297291 1500 0.0616015 8.89712 
0.518504 0.360577 1500 0.0596687 5.34999 
0.633521 0.311818 1500 0.0547203 7.97363 
0.660996 0.296921 1500 0.0598673 8.89712 
0.847056 0.13217 1500 0.0580547 25.568 
0.434472 0.378271 1500 0.0580547 4.07841 
0.382743 0.383888 1500 0.0746602 3.48686 
0.632076 0.313684 1500 0.0648192 7.97363 
0.641776 0.308095 1500 0.0580547 8.24354 
0.66009 0.297525 1500 0.0665156 8.89712 
0.434472 0.378281 1500 0.0580547 4.07841 
0.599571 0.328984 1500 0.0547203 7.03754 
0.503552 0.364609 1500 0.0580547 5.09047 
0.855685 0.119885 1500 0.0501919 27.7208 
0.661622 0.295682 1500 0.0552787 8.89712 
0.641915 0.307731 1500 0.0570677 8.24354 
0.581765 0.337742 1500 0.0580547 6.6197 
0.531789 0.356895 1500 0.0648192 5.60517 
0.458942 0.373768 1500 0.0547203 4.40169 
0.660321 0.297414 1500 0.0648192 8.89712 
0.633889 0.31031 1500 0.0521441 7.97363 
0.633521 0.311707 1500 0.0547203 7.97363 
0.82863 0.153849 1500 0.0616015 21.8392 
0.828255 0.154171 1500 0.0665156 21.8392 
0.599571 0.328876 1500 0.0547203 7.03754 
0.599071 0.329953 1500 0.0580547 7.03754 
0.66076 0.297181 1500 0.0616015 8.89712 
0.66703 0.293288 1500 0.0616015 9.12438 
0.385947 0.381992 1500 0.0547203 3.48686 
0.803331 0.180661 1500 0.0547203 18.0891 
0.63197 0.313881 1500 0.0621949 7.95916 
0.599487 0.329064 1500 0.0552787 7.03754 
0.599571 0.328803 1500 0.0547203 7.03754 
0.518763 0.360273 1500 0.0580547 5.34999 
0.474507 0.37141 1500 0.0580547 4.63468 
0.632536 0.313424 1500 0.0616015 7.97363 
0.847279 0.131565 1500 0.0547203 25.568 
0.633889 0.310507 1500 0.0521441 7.97363 
0.644107 0.305986 1500 0.0547203 8.30285 
0.458941 0.373708 1500 0.0547203 4.40169 
0.532869 0.355842 1500 0.0580547 5.60517 
0.53179 0.356788 1500 0.0648192 5.60517 
0.662048 0.294032 1500 0.0521441 8.89712 
0.66076 0.297155 1500 0.0616015 8.89712 
0.803331 0.180643 1500 0.0547203 18.0891 
0.802444 0.182195 1500 0.0648192 18.0891 
0.504002 0.363832 1500 0.0552787 5.09047 
0.690072 0.27443 1500 0.0501919 9.98008 
0.662048 0.29406 1500 0.0521441 8.89712 
0.458395 0.374626 1500 0.0580547 4.40169 
0.641776 0.307931 1500 0.0580547 8.24354 
0.385947 0.382072 1500 0.0547203 3.48686 
0.803332 0.180794 1500 0.0547203 18.0891 
0.642483 0.306035 1500 0.0530368 8.24354 
0.383578 0.383832 1500 0.0694548 3.48686 
0.482583 0.370404 1500 0.0665156 4.77775 
0.484845 0.367612 1500 0.052651 4.77775 
0.88322 0.0832813 1500 0.0580547 40.261 
0.518193 0.360868 1500 0.0616015 5.34999 
0.483149 0.370122 1500 0.0630406 4.77775 
0.474507 0.371444 1500 0.0580547 4.63468 
0.5193 0.359389 1500 0.0547203 5.34999 
0.503552 0.364507 1500 0.0580547 5.09047 
0.503552 0.364515 1500 0.0580547 5.09047 
0.433656 0.379033 1500 0.0630406 4.07841 
0.642246 0.30695 1500 0.0547203 8.24354 
0.557285 0.347915 1500 0.0649222 6.10648 
0.576637 0.339798 1500 0.0580547 6.50243 
0.483963 0.369426 1500 0.0580547 4.77775 
0.608605 0.325339 1500 0.0580547 7.28361 
0.503766 0.364336 1500 0.0567349 5.09047 
0.690072 0.274506 1500 0.0501919 9.98008 
0.803331 0.180571 1500 0.0547203 18.0891 
0.642323 0.306529 1500 0.0541719 8.24354 
0.633044 0.312921 1500 0.0580547 7.97363 
0.474507 0.371375 1500 0.0580547 4.63468 
0.581765 0.337589 1500 0.0580547 6.6197 
0.566432 0.344363 1500 0.0616015 6.28917 
0.581765 0.337704 1500 0.0580547 6.6197 
0.557285 0.347918 1500 0.0649222 6.10648 
0.887646 0.0760377 1500 0.0580547 43.9438 
0.518193 0.36088 1500 0.0616015 5.34999 
0.581765 0.337741 1500 0.0580547 6.6197 
0.802443 0.182128 1500 0.0648192 18.0891 
0.422859 0.380564 1500 0.0704504 3.95571 
0.58073 0.338531 1500 0.0648192 6.6197 
0.728739 0.238283 1500 0.112902 12.3076 
0.483963 0.369423 1500 0.0580547 4.77775 
0.855084 0.122315 1500 0.0598673 27.7208 
0.689231 0.278178 1500 0.0567349 9.98008 
0.802727 0.181892 1500 0.0616015 18.0891 
0.458942 0.373699 1500 0.0547203 4.40169 
0.661764 0.295162 1500 0.0542332 8.89712 
0.567414 0.342846 1500 0.0552787 6.28917 
0.599571 0.328769 1500 0.0547203 7.03754 
0.642246 0.30684 1500 0.0547203 8.24354 
0.474507 0.371472 1500 0.0580547 4.63468 
0.581765 0.337641 1500 0.0580547 6.6197 
0.475052 0.370542 1500 0.0547203 4.63468 
0.883483 0.0824338 1500 0.0521441 40.261 
0.644107 0.305802 1500 0.0547203 8.30285 
0.385857 0.382133 1500 0.0552787 3.48686 
0.689756 0.276261 1500 0.052651 9.98008 
0.642246 0.306955 1500 0.0547203 8.24354 
0.456366 0.375682 1500 0.0704504 4.40169 
0.599071 0.32992 1500 0.0580547 7.03754 
0.38541 0.382801 1500 0.0580547 3.48686 
0.474507 0.371431 1500 0.0580547 4.63468 
0.474507 0.371375 1500 0.0580547 4.63468 
0.484927 0.367328 1500 0.0521441 4.77775 
0.661772 0.295131 1500 0.0541719 8.89712 
0.642246 0.306872 1500 0.0547203 8.24354 
0.528453 0.357577 1500 0.0598673 5.52901 
0.554824 0.348833 1500 0.0665156 6.06082 
0.633889 0.310404 1500 0.0521441 7.97363 
0.5193 0.35932 1500 0.0547203 5.34999 
0.604004 0.327997 1500 0.0679305 7.20149 
0.557301 0.347887 1500 0.0648192 6.10648 
0.5193 0.359307 1500 0.0547203 5.34999 
0.599571 0.32881 1500 0.0547203 7.03754 
0.484845 0.367705 1500 0.052651 4.77775 
0.481942 0.370453 1500 0.0704504 4.77775 
0.632785 0.313172 1500 0.0598673 7.97363 
0.891473 0.0690056 1500 0.0616015 48.3771 
0.363381 0.384485 1500 0.0746602 3.27522 
0.484845 0.367606 1500 0.052651 4.77775 
0.484844 0.367563 1500 0.052651 4.77775 
0.828901 0.153526 1500 0.0580547 21.8392 
0.504093 0.363616 1500 0.0547203 5.09047 
0.533401 0.354951 1500 0.0547203 5.60517 
0.803331 0.180634 1500 0.0547203 18.0891 
0.385947 0.382115 1500 0.0547203 3.48686 
0.609099 0.32429 1500 0.0547203 7.28361 
0.5193 0.359331 1500 0.0547203 5.34999 
0.803556 0.179607 1500 0.0521441 18.0891 
0.385947 0.382017 1500 0.0547203 3.48686 
0.472398 0.372537 1500 0.070964 4.63468 
0.557285 0.347974 1500 0.0649222 6.10648 
0.564646 0.344789 1500 0.0580547 6.23896 
0.533731 0.354036 1500 0.052651 5.60517 
0.503766 0.364199 1500 0.0567349 5.09047 
0.668235 0.290446 1500 0.052651 9.12438 
0.567585 0.34237 1500 0.0541719 6.28917 
0.641776 0.308153 1500 0.0580547 8.24354 
0.581222 0.338271 1500 0.0616015 6.6197 
0.458941 0.373744 1500 0.0547203 4.40169 
0.557285 0.347943 1500 0.0649222 6.10648 
0.66076 0.297172 1500 0.0616015 8.89712 
0.58073 0.338528 1500 0.0648192 6.6197 
0.828901 0.153519 1500 0.0580547 21.8392 
0.5193 0.359262 1500 0.0547203 5.34999 
0.45701 0.375507 1500 0.0665156 4.40169 
0.458942 0.373748 1500 0.0547203 4.40169 
0.501544 0.365618 1500 0.0704504 5.09047 
0.641776 0.308068 1500 0.0580547 8.24354 
0.803331 0.180718 1500 0.0547203 18.0891 
0.38541 0.382764 1500 0.0580547 3.48686 
0.882768 0.0835665 1500 0.0679305 40.261 
0.503552 0.364544 1500 0.0580547 5.09047 
0.803039 0.181503 1500 0.0580547 18.0891 
0.661698 0.295357 1500 0.0547203 8.89712 
0.897723 0.0525823 1500 0.0477512 61.1931 
0.633889 0.310318 1500 0.0521441 7.97363 
0.599071 0.329895 1500 0.0580547 7.03754 
0.802727 0.182011 1500 0.0616015 18.0891 
0.566982 0.343766 1500 0.0580547 6.28917 
0.458395 0.374508 1500 0.0580547 4.40169 
0.608801 0.325124 1500 0.0567349 7.28361 
0.792793 0.190519 1500 0.0521441 16.869 
0.474507 0.371423 1500 0.0580547 4.63468 
0.598056 0.330812 1500 0.0648192 7.03754 
0.5675 0.342579 1500 0.0547203 6.28917 
0.382743 0.383879 1500 0.0746602 3.48686 
0.504093 0.363538 1500 0.0547203 5.09047 
0.803331 0.180736 1500 0.0547203 18.0891 
0.435205 0.377118 1500 0.0535799 4.07841 
0.532869 0.355986 1500 0.0580547 5.60517 
0.583978 0.337113 1500 0.0616015 6.68388 
0.457814 0.375189 1500 0.0616015 4.40169 
0.53179 0.356824 1500 0.0648192 5.60517 
0.614631 0.322093 1500 0.0567349 7.44018 
0.608605 0.325357 1500 0.0580547 7.28361 
0.533079 0.355605 1500 0.0567349 5.60517 
0.518764 0.360289 1500 0.0580547 5.34999 
0.847679 0.131084 1500 0.0547203 25.6655 
0.597211 0.330919 1500 0.0704504 7.03754 
0.474507 0.371447 1500 0.0580547 4.63468 
0.803331 0.180649 1500 0.0547203 18.0891 
0.642246 0.30687 1500 0.0547203 8.24354 
0.599571 0.328891 1500 0.0547203 7.03754 
0.474507 0.371484 1500 0.0580547 4.63468 
0.385947 0.382031 1500 0.0547203 3.48686 
0.385118 0.383052 1500 0.0598673 3.48686 
0.5193 0.359254 1500 0.0547203 5.34999 
0.641962 0.307601 1500 0.0567349 8.24354 
0.5193 0.359362 1500 0.0547203 5.34999 
0.803331 0.180681 1500 0.0547203 18.0891 
0.660996 0.297031 1500 0.0598673 8.89712 
0.53179 0.356895 1500 0.0648192 5.60517 
0.532869 0.35598 1500 0.0580547 5.60517 
0.599071 0.32992 1500 0.0580547 7.03754 
0.518193 0.360886 1500 0.0616015 5.34999 
0.887135 0.0767652 1500 0.0547203 43.3376 
0.567187 0.34342 1500 0.0567349 6.28917 
0.5193 0.359391 1500 0.0547203 5.34999 
0.435018 0.377476 1500 0.0547203 4.07841 
0.599071 0.329883 1500 0.0580547 7.03754 
0.897978 0.0474367 1500 0.0704504 70.5565 
0.633889 0.31033 1500 0.0521441 7.97363 
0.633233 0.312553 1500 0.0567349 7.97363 
0.642246 0.306895 1500 0.0547203 8.24354 
0.803039 0.181633 1500 0.0580547 18.0891 
0.458941 0.373746 1500 0.0547203 4.40169 
0.609099 0.324353 1500 0.0547203 7.28361 
0.566208 0.344494 1500 0.0630406 6.28917 
0.503259 0.364933 1500 0.0598673 5.09047 
0.661244 0.296526 1500 0.0580547 8.89712 
0.53179 0.356922 1500 0.0648192 5.60517 
0.484782 0.367788 1500 0.0530368 4.77775 
0.457814 0.375156 1500 0.0616015 4.40169 
0.503552 0.364589 1500 0.0580547 5.09047 
0.640821 0.308947 1500 0.0648192 8.24354 
0.558359 0.347119 1500 0.0580547 6.10648 
0.484845 0.367626 1500 0.052651 4.77775 
0.458942 0.373699 1500 0.0547203 4.40169 
0.382743 0.383874 1500 0.0746602 3.48686 
0.803331 0.180693 1500 0.0547203 18.0891 
0.533401 0.355044 1500 0.0547203 5.60517 
0.641962 0.307564 1500 0.0567349 8.24354 
0.384068 0.383671 1500 0.0663985 3.48686 
0.609099 0.324373 1500 0.0547203 7.28361 
0.518764 0.360333 1500 0.0580547 5.34999 
0.803039 0.181517 1500 0.0580547 18.0891 
0.384322 0.383534 1500 0.0648192 3.48686 
0.661423 0.29615 1500 0.0567349 8.89712 
0.503553 0.364581 1500 0.0580547 5.09047 
0.661979 0.294324 1500 0.052651 8.89712 
0.632076 0.313812 1500 0.0648192 7.97363 
0.484507 0.368495 1500 0.0547203 4.77775 
0.641776 0.307945 1500 0.0580547 8.24354 
0.557285 0.347922 1500 0.0649222 6.10648 
0.829153 0.152831 1500 0.0547203 21.8392 
0.633233 0.312502 1500 0.0567349 7.97363 
0.475052 0.370559 1500 0.0547203 4.63468 
0.847315 0.131408 1500 0.0541719 25.568 
0.633889 0.31038 1500 0.0521441 7.97363 
0.633889 0.31032 1500 0.0521441 7.97363 
0.504093 0.363624 1500 0.0547203 5.09047 
0.641776 0.30792 1500 0.0580547 8.24354 
0.504093 0.363606 1500 0.0547203 5.09047 
0.503553 0.364509 1500 0.0580496 5.09047 
0.458942 0.37365 1500 0.0547203 4.40169 
0.896348 0.0579407 1500 0.0567349 57.1552 
0.474507 0.371412 1500 0.0580547 4.63468 
0.633233 0.312473 1500 0.0567349 7.97363 
0.474961 0.370828 1500 0.0552787 4.63468 
0.661754 0.295199 1500 0.0543056 8.89712 
0.828254 0.154053 1500 0.0665156 21.8392 
0.641776 0.308002 1500 0.0580547 8.24354 
0.424067 0.380215 1500 0.0630406 3.95571 
0.481858 0.370472 1500 0.070964 4.77775 
0.641776 0.308013 1500 0.0580547 8.24354 
0.599571 0.328831 1500 0.0547203 7.03754 
0.605205 0.327308 1500 0.0598673 7.20149 
0.457814 0.375118 1500 0.0616015 4.40169 
0.383335 0.383861 1500 0.070964 3.48686 
0.43544 0.376511 1500 0.0521441 4.07841 
0.604947 0.327564 1500 0.0616015 7.20149 
0.828901 0.153521 1500 0.0580547 21.8392 
0.474507 0.371431 1500 0.0580547 4.63468 
0.385947 0.381973 1500 0.0547203 3.48686 
0.599571 0.32875 1500 0.0547203 7.03754 
0.53179 0.356887 1500 0.0648192 5.60517 
0.5193 0.359321 1500 0.0547203 5.34999 
0.88711 0.0770167 1500 0.0580547 43.4426 
0.641776 0.308054 1500 0.0580547 8.24354 
0.890959 0.0698315 1500 0.0648192 47.873 
0.503766 0.364212 1500 0.0567349 5.09047 
0.503552 0.364643 1500 0.0580547 5.09047 
0.382743 0.38388 1500 0.0746602 3.48686 
0.530892 0.356978 1500 0.0704504 5.60517 
0.385118 0.383071 1500 0.0598673 3.48686 
0.894441 0.062846 1500 0.0580547 52.8478 
0.855406 0.121499 1500 0.0547203 27.7208 
0.518193 0.360932 1500 0.0616015 5.34999 
0.503552 0.364524 1500 0.0580547 5.09047 
0.532303 0.356577 1500 0.0616015 5.60517 
0.566432 0.344341 1500 0.0616015 6.28917 
0.474507 0.371494 1500 0.0580547 4.63468 
0.567413 0.342903 1500 0.0552787 6.28917 
0.661698 0.295568 1500 0.0547203 8.89712 
0.483384 0.369905 1500 0.0616015 4.77775 
0.58073 0.338564 1500 0.0648192 6.6197 
0.82931 0.152179 1500 0.052651 21.8392 
0.474507 0.371418 1500 0.0580547 4.63468 
0.434634 0.37819 1500 0.0570677 4.07841 
0.642246 0.306961 1500 0.0547203 8.24354 
0.661698 0.295487 1500 0.0547203 8.89712 
0.503552 0.364585 1500 0.0580547 5.09047 
0.599571 0.328852 1500 0.0547203 7.03754 
0.609099 0.32431 1500 0.0547203 7.28361 
0.38541 0.382757 1500 0.0580547 3.48686 
0.433892 0.378914 1500 0.0616015 4.07841 
0.503552 0.364612 1500 0.0580547 5.09047 
0.474507 0.3714 1500 0.0580547 4.63468 
0.803478 0.179904 1500 0.0530368 18.0891 
0.583487 0.33749 1500 0.0648192 6.68388 
0.59804 0.330911 1500 0.0649222 7.03754 
0.687972 0.279543 1500 0.0665156 9.98008 
0.614927 0.321319 1500 0.0547203 7.44018 
0.803331 0.180575 1500 0.0547203 18.0891 
0.689707 0.276762 1500 0.0530368 9.98008 
0.641776 0.307879 1500 0.0580547 8.24354 
0.532869 0.355961 1500 0.0580547 5.60517 
0.384839 0.383219 1500 0.0616015 3.48686 
0.689491 0.277422 1500 0.0547203 9.98008 
0.803332 0.180685 1500 0.0547203 18.0891 
0.533401 0.354898 1500 0.0547203 5.60517 
0.641776 0.307948 1500 0.0580547 8.24354 
0.5193 0.359367 1500 0.0547203 5.34999 
0.484845 0.367609 1500 0.052651 4.77775 
0.384839 0.383236 1500 0.0616015 3.48686 
0.599071 0.329883 1500 0.0580547 7.03754 
0.803331 0.180583 1500 0.0547203 18.0891 
0.633233 0.312502 1500 0.0567349 7.97363 
0.598539 0.330515 1500 0.0616015 7.03754 
0.518193 0.36088 1500 0.0616015 5.34999 
0.607351 0.326382 1500 0.0665156 7.28361 
0.522506 0.359196 1500 0.0580547 5.41627 
0.5193 0.359324 1500 0.0547203 5.34999 
0.434472 0.378252 1500 0.0580547 4.07841 
0.599571 0.328807 1500 0.0547203 7.03754 
0.897339 0.0543585 1500 0.0616015 61.2384 
0.886822 0.0772118 1500 0.0648192 43.4426 
0.803331 0.18071 1500 0.0547203 18.0891 
0.382743 0.383893 1500 0.0746602 3.48686 
0.661423 0.296176 1500 0.0567349 8.89712 
0.568203 0.340117 1500 0.0501919 6.28917 
0.503766 0.364236 1500 0.0567349 5.09047 
0.45701 0.375497 1500 0.0665156 4.40169 
0.567187 0.343322 1500 0.0567349 6.28917 
0.565916 0.344688 1500 0.0649222 6.28917 
0.567677 0.342137 1500 0.0535799 6.28917 
0.5193 0.359349 1500 0.0547203 5.34999 
0.433366 0.379201 1500 0.0648192 4.07841 
0.66076 0.297205 1500 0.0616015 8.89712 
0.533401 0.355009 1500 0.0547203 5.60517 
0.457814 0.37512 1500 0.0616015 4.40169 
0.567585 0.342536 1500 0.0541719 6.28917 
0.504093 0.363582 1500 0.0547203 5.09047 
0.38541 0.38283 1500 0.0580547 3.48686 
0.661423 0.296118 1500 0.0567349 8.89712 
0.58047 0.338648 1500 0.0665156 6.6197 
0.564646 0.344746 1500 0.0580547 6.23896 
0.385947 0.382064 1500 0.0547203 3.48686 
0.541064 0.353649 1500 0.0616015 5.77127 
0.641915 0.307735 1500 0.0570677 8.24354 
0.889256 0.0731262 1500 0.0616015 45.7277 
0.803332 0.180721 1500 0.0547203 18.0891 
0.474507 0.37142 1500 0.0580547 4.63468 
0.53179 0.356774 1500 0.0648192 5.60517 
0.66076 0.297136 1500 0.0616015 8.89712 
0.457814 0.375175 1500 0.0616015 4.40169 
0.688605 0.279112 1500 0.0616015 9.98008 
0.614845 0.321707 1500 0.0552787 7.44018 
0.642246 0.306995 1500 0.0547203 8.24354 
0.660996 0.296821 1500 0.0598673 8.89712 
0.883369 0.082914 1500 0.0547203 40.261 
0.897438 0.0542445 1500 0.0580547 61.1931 
0.599071 0.329831 1500 0.0580547 7.03754 
0.474507 0.371538 1500 0.0580547 4.63468 
0.484927 0.367454 1500 0.0521441 4.77775 
0.633044 0.312822 1500 0.0580547 7.97363 
0.882993 0.0835279 1500 0.0630406 40.261 
0.384322 0.383609 1500 0.0648192 3.48686 
0.503766 0.364246 1500 0.0567349 5.09047 
0.557301 0.347858 1500 0.0648192 6.10648 
0.385622 0.382538 1500 0.0567349 3.48686 
0.58073 0.338577 1500 0.0648192 6.6197 
0.66076 0.297198 1500 0.0616015 8.89712 
0.503552 0.364599 1500 0.0580547 5.09047 
0.661423 0.296159 1500 0.0567349 8.89712 
0.467932 0.373487 1500 0.0665156 4.55818 
0.699787 0.270252 1500 0.0547203 10.4354 
0.855406 0.121518 1500 0.0547203 27.7208 
0.581765 0.337739 1500 0.0580547 6.6197 
0.583978 0.337037 1500 0.0616015 6.68388 
0.887249 0.076585 1500 0.0547203 43.4426 
0.504093 0.363592 1500 0.0547203 5.09047 
0.503552 0.364582 1500 0.0580547 5.09047 
0.457814 0.375137 1500 0.0616015 4.40169 
0.59035 0.334075 1500 0.0704504 6.868 
0.533079 0.355607 1500 0.0567349 5.60517 
0.504093 0.363588 1500 0.0547203 5.09047 
0.503553 0.364536 1500 0.0580547 5.09047 
0.633889 0.310344 1500 0.0521441 7.97363 
0.557285 0.347987 1500 0.0649222 6.10648 
0.484845 0.367619 1500 0.052651 4.77775 
0.384839 0.383275 1500 0.0616015 3.48686 
0.518764 0.360296 1500 0.0580547 5.34999 
0.604452 0.327843 1500 0.0649222 7.20149 
0.803039 0.181501 1500 0.0580547 18.0891 
