0.4164 0.216364 136.563 0.1 0.1 
0.4379 0.200252 109.731 0.1 0.1 
0.9971 0.108911 1000 1000 0.1 
0.9971 0.12026 1000 1000 0.1 
0.9978 0.0873038 1000 1000 0.1 
0.99475 0.163551 1000 369.452 0.1 
0.99655 0.145561 1000 1000 0.1 
0.9971 0.119865 1000 1000 0.1 
0.9967 0.141173 1000 1000 0.1 
0.99725 0.1063 1000 1000 0.1 
0.9967 0.126628 1000 1000 0.1 
0.99795 0.00668789 1000 1000 0.62228 
0.9974 0.0952711 1000 1000 0.1 
0.99745 0.0940224 1000 1000 0.1 
0.99765 0.0902873 1000 1000 0.1 
0.9968 0.120744 1000 1000 0.1 
0.9971 0.111826 1000 1000 0.100839 
0.9966 0.145335 1000 1000 0.1 
0.9973 0.105005 1000 1000 0.1 
0.9974 0.0987843 1000 1000 0.1 
0.8582 0.183897 1000 0.387928 0.1 
0.99795 0.0147696 1000 1000 0.1 
0.9967 0.134056 1000 1000 0.1 
0.9952 0.160221 1000 304.129 0.1 
0.99795 0.057687 1000 1000 0.1 
0.9965 0.159657 1000 1000 0.1 
0.7693 0.06845 173.486 0.387928 0.1 
0.02355 0.000145658 0.1 1000 0.14979 
0.02345 6.71921e-05 0.1 1000 0.457496 
0.8094 0.0814169 1000 0.387928 0.1 
0.9929 0.0253857 1000 138.578 0.1 
0.3335 0.119283 5.28164 0.1 0.1 
0.82945 0.102268 1000 0.387928 0.1 
0.79375 0.0641606 1000 0.387928 0.1 
0.89365 0.0540799 1000 0.982988 0.1 
0.30905 0.00686869 0.683862 1000 0.1 
0.2382 0.0146609 0.505538 0.389788 0.1 
0.74345 0.0545784 1000 0.485634 0.1 
0.99465 0.0647512 1000 1000 0.1 
0.91505 0.0516627 138.645 3.77259 0.1 
0.99465 0.0652775 1000 304.129 0.1 
0.8971 2.79776e-09 44.0535 5.97301 1000 
0.17285 2.17399e-13 0.485857 1000 1000 
0.9957 0.132988 1000 1000 0.100839 
0.46315 0.0817918 1000 0.1 0.100839 
0.9963 0.0377243 1000 1000 0.1 
0.9965 0.0415761 1000 1000 0.1 
0.99615 0.00177711 1000 1000 0.457496 
0.6595 0.0147598 3.52285 1000 0.14979 
0.9945 0.0250001 647.018 1000 1000 
0.9972 0.0511135 1000 1000 0.1 
0.0558 0.000770878 0.115408 1000 0.1 
0.997 0.022039 1000 1000 0.1 
0.99605 0.0964936 1000 1000 0.1 
0.9957 0.0547544 1000 1000 0.1 
0.99595 0.0406819 1000 1000 0.1 
0.99505 0.0140759 1000 1000 0.150024 
0.46385 0.127669 1000 0.1 0.1 
0.9599 0.000166008 117.48 23.3423 0.286635 
0.7622 0.0897106 1000 0.308184 0.1 
0.99625 0.0287832 1000 1000 0.100839 
0.9957 0.0785851 1000 1000 0.1 
0.99645 0.0431776 1000 1000 0.1 
0.94785 0.0497955 1000 5.77542 0.1 
0.79675 0.072167 1000 0.308184 0.1 
0.8044 0.080141 1000 0.423299 0.1 
0.99585 0.119964 1000 1000 0.1 
0.9958 0.0472129 1000 1000 0.1 
0.9791 0.0370679 674.805 1000 0.1 
0.362 0.00710033 1000 0.1 0.358538 
0.9959 3.03833e-08 1000 1000 1000 
0.09085 0.00155731 0.121855 0.389788 0.14979 
0.99625 0.0455378 1000 1000 0.1 
0.0203 0.000795261 0.1 3.77259 0.1 
0.5844 0.00220433 3.58352 369.452 0.1 
0.9955 0.00129853 1000 1000 0.358538 
0.3223 0.140004 3.58352 0.1 0.1 
0.99545 0.0201391 1000 1000 0.1 
0.9914 6.85373e-06 1000 1000 48.0787 
0.99575 5.78045e-12 1000 1000 914.654 
0.292 1.24888e-06 1000 0.1 1000 
0.99715 0.0558799 1000 1000 0.1 
0.1591 0.000671503 0.267632 5.02549 0.1 
0.99665 0.063544 1000 1000 0.1 
0.98995 0.012127 1000 1000 0.139249 
0.77345 0.058939 1000 0.270144 0.1 
0.99635 0.0416431 1000 1000 0.1 
0.2868 0.00822497 0.559439 1000 0.1 
0.0301 6.43495e-07 0.1 1000 0.1 
0.2153 0.067695 0.350561 0.1 0.1 
0.9955 0.051665 1000 1000 0.1 
0.66555 9.83791e-08 1000 0.389788 1000 
0.8176 0.118468 1000 0.308184 0.1 
0.0399 4.94404e-05 0.1 2.85165 0.390541 
0.9271 0.0336344 67.4805 1000 0.1 
0.9402 4.08662e-07 1000 2.65297 374.065 
0.9958 0.0670352 1000 1000 0.1 
0.99585 0.0576145 1000 1000 0.1 
0.99605 0.0646191 1000 1000 0.1 
0.92175 0.0475629 1000 0.844816 0.1 
0.03895 0.000469795 0.121855 1000 0.104181 
0.99605 0.0581803 1000 1000 0.1 
0.44695 0.0104338 0.683862 0.389788 0.14979 
0.0229 1.34034e-06 0.1 1000 0.1 
0.99575 2.69556e-05 1000 1000 0.62228 
0.9961 0.0291936 1000 1000 0.1 
0.99645 0.0623581 1000 1000 0.1 
0.89865 0.0694421 1000 0.541159 0.1 
0.9955 0.0255046 1000 1000 0.1 
0.9961 0.0446237 1000 1000 0.1 
0.9957 0.0585559 1000 1000 0.1 
0.9952 0.0805543 1000 1000 0.101416 
0.9952 0.0341585 1000 1000 0.1 
0.9955 0.00882777 1000 1000 0.150024 
0.2898 4.93023e-07 24.0856 0.1 307.911 
0.9957 0.0922394 1000 1000 0.1 
0.0207 1.29013e-05 0.1 1000 0.286635 
0.9963 0.0809277 1000 1000 0.1 
0.7208 0.00211483 1000 0.387928 0.411381 
0.59765 0.00102224 2.97947 1000 0.457496 
0.1122 7.79997e-09 0.350561 0.1 1000 
0.9725 0.0195027 1000 1000 0.301701 
0.9965 0.069268 1000 1000 0.1 
0.74405 0.0695097 1000 0.389788 0.1 
0.97205 0.0532833 1000 27.6203 0.1 
0.9646 0.0711241 1000 7.47242 0.1 
0.0282 1.39051e-06 0.1 1000 0.1 
0.9967 0.0333122 1000 1000 0.1 
0.99535 0.00244797 1000 1000 0.237107 
0.99625 3.23648e-11 1000 1000 480.787 
0.9955 0.0730937 1000 1000 0.1 
0.81685 0.0378995 1000 0.387928 0.1 
0.95635 0.0947768 1000 2.51295 0.1 
0.82945 0.0441607 1000 0.541159 0.1 
0.35835 1.0405e-06 1000 0.1 1000 
0.05215 0.00022368 0.167532 1000 0.1 
0.99605 0.078669 1000 1000 0.1 
0.99565 1.07323e-07 1000 1000 539.737 
0.9955 0.00742362 1000 1000 0.14979 
0.0301 0.00240579 0.1 3.77259 0.1 
0.36295 0.0900019 3.58352 0.1 0.1 
0.9244 0.066223 1000 2.51295 0.1 
0.99385 0.0538874 1000 286.758 0.1 
0.9503 0.0884703 1000 3.77259 0.1 
0.99515 0.0119899 1000 1000 0.457496 
0.99595 0.000226415 1000 1000 9.31918 
0.996 0.0328453 1000 1000 0.1 
0.99655 1.56695e-07 1000 1000 469.127 
0.40265 0.129207 1000 0.1 0.1 
0.99635 4.62533e-07 1000 1000 7.92578 
0.13345 1.54666e-11 0.247313 294.926 1000 
0.0222 6.10505e-05 0.1 1000 0.14979 
0.16205 8.08012e-08 0.505538 0.1 1000 
0.1033 3.0534e-08 0.247313 1000 58.4532 
0.99565 0.0593991 1000 1000 0.100839 
0.99665 0.0396207 1000 1000 0.1 
0.99525 0.0771052 1000 1000 0.1 
0.15685 4.69477e-05 0.247313 0.389788 0.62228 
0.94155 5.54947e-08 1000 2.85165 1000 
0.77405 0.105538 1000 0.387928 0.1 
0.99645 0.0590382 1000 1000 0.1 
0.19645 0.0027686 0.421161 2.51295 0.1 
0.95155 0.0235836 1000 1.7608 0.25421 
0.99545 0.0440835 1000 1000 0.1 
0.26385 0.112236 0.683862 0.1 0.1 
0.99595 0.034458 1000 1000 0.104181 
0.03695 0.0399661 0.1 0.1 0.1 
0.9956 0.0297289 1000 1000 0.1 
0.9961 0.000188401 1000 1000 0.933539 
0.99615 1.75018e-08 1000 1000 1000 
0.0333 0.0140624 0.1 0.120729 0.1 
0.13505 8.88511e-11 0.267632 1000 405.049 
0.7271 0.06189 1000 0.270144 0.1 
0.99585 0.0966426 1000 1000 0.1 
0.99615 0.0338168 1000 1000 0.100839 
0.05535 2.20325e-06 0.121855 1000 0.411272 
0.99605 0.000360489 1000 1000 0.457496 
0.7486 1.84325e-07 1000 0.435701 914.654 
0.4578 0.108827 1000 0.1 0.1 
0.98405 0.0923237 1000 48.4018 0.1 
0.93765 0.0768745 213.591 5.70578 0.1 
0.9954 0.103422 1000 1000 0.1 
0.99545 0.0553056 1000 1000 0.1 
0.0242 3.05024e-09 0.1 1000 58.4532 
0.45885 0.0910913 1000 0.1 0.100839 
0.9952 0.0439029 1000 1000 0.1 
0.9959 0.0231403 1000 1000 0.100839 
0.7493 0.105349 1000 0.308184 0.1 
0.96445 0.0872618 1000 5.82996 0.1 
0.9959 0.0743035 1000 1000 0.1 
0.9956 6.365e-08 1000 1000 584.532 
0.1707 6.36482e-07 0.247313 0.146736 58.4532 
0.99625 1.23407e-07 1000 1000 1000 
0.72825 0.00570472 1000 0.387928 0.62228 
0.9934 0.0205531 1000 165.203 3.6776 
0.99595 0.00800876 1000 1000 0.159395 
0.7888 0.0036378 1000 0.387928 0.62228 
0.96515 1.47435e-05 1000 8.45738 48.0787 
0.25655 0.000822414 131.883 0.1 1.07569 
0.99545 0.0340864 1000 1000 0.1 
0.996 0.0182566 1000 1000 0.1 
0.9225 0.0824426 1000 0.952349 0.1 
0.7737 0.0677568 1000 0.236377 0.1 
0.99515 4.31957e-07 1000 1000 115.177 
0.99625 0.0371608 1000 1000 0.1 
0.99545 0.005363 568.776 1000 0.358538 
0.9957 7.4104e-08 1000 1000 266.665 
0.96795 0.0545399 1000 47.4818 0.1 
0.9963 0.0252869 1000 1000 0.1 
0.99695 0.0032762 1000 1000 5.91117 
0.99575 0.0383178 1000 1000 0.1 
0.05455 1.1491e-05 0.115408 4.14258 0.62228 
0.14705 0.00175515 0.485857 1000 0.101416 
0.85735 0.0153649 1000 0.709282 0.1 
0.9946 0.0430037 1000 294.926 0.1 
0.9958 0.0330973 1000 1000 0.1 
0.9952 9.16224e-08 1000 1000 480.787 
0.0312 0.00068918 0.1 48.8639 0.1 
0.9963 4.0619e-08 1000 1000 1000 
0.40185 0.120193 1000 0.1 0.1 
0.99525 0.0705273 1000 1000 0.1 
0.99595 0.0861113 1000 1000 0.1 
0.9957 7.55486e-12 1000 1000 1000 
0.99525 0.052015 1000 1000 0.1 
0.9956 0.0545408 1000 1000 0.1 
0.6153 0.00346762 3.52285 1000 0.14979 
0.99615 0.0524391 1000 1000 0.1 
0.9665 0.063035 117.48 1000 0.1 
0.1432 0.00103426 0.350561 1000 0.1 
0.0201 1.62258e-11 0.1 1000 291.801 
0.99635 0.0591669 1000 1000 0.1 
0.5123 0.0107605 2.54919 1000 0.1 
0.148 0.000119564 0.267632 1000 0.214718 
0.8068 0.0822489 1000 0.435701 0.1 
0.93675 0.0521975 1000 5.77542 0.1 
0.9958 0.0201887 1000 1000 0.1 
0.9872 0.000757452 103.077 1000 0.1 
0.9963 0.006461 1000 1000 0.14979 
0.20555 0.00380538 0.267632 0.389788 0.214718 
0.10875 4.97306e-13 0.267632 1000 1000 
0.0328 2.95067e-06 0.1 1000 0.1 
0.8327 0.066669 1000 0.305965 0.1 
0.0372 0.00235056 0.115408 394.209 0.1 
0.0235 0.000753695 0.1 0.541159 0.14979 
0.989 0.000401615 103.302 1000 0.286635 
0.996 0.0156453 1000 1000 0.1 
0.4313 0.176773 1000 0.1 0.1 
0.99705 0.0162137 1000 1000 0.1 
0.9959 0.000491841 1000 1000 0.411381 
0.9068 0.0422353 1000 0.541159 0.1 
0.99435 0.0836435 1000 187.57 0.1 
0.99525 0.0742908 1000 1000 0.1 
0.99635 0.0488918 1000 1000 0.1 
0.9967 0.0215142 1000 1000 0.100839 
0.99475 0.12829 1000 1000 0.1 
0.9712 0.0429432 1000 1000 0.1 
0.95855 0.102928 1000 6.45209 0.1 
0.99645 0.0418549 1000 1000 0.1 
0.9957 0.0276851 1000 1000 0.1 
0.9964 0.0420565 1000 1000 0.1 
0.26725 0.00429367 0.527351 0.1 0.237107 
0.9958 0.0493288 1000 1000 0.1 
0.0209 2.61712e-05 0.1 1000 0.1 
0.12635 0.000564872 0.267632 1000 0.214718 
0.9629 0.0325727 1000 5.77542 0.1 
0.99675 0.0390916 1000 1000 0.1 
0.4037 0.113003 109.731 0.1 0.1 
0.996 0.0491561 1000 1000 0.1 
0.1991 4.46723e-05 0.247313 0.387928 0.62228 
0.996 0.0633563 1000 1000 0.1 
0.93185 0.0237512 1000 3.12965 0.1 
0.99015 0.0784402 152.939 1000 0.1 
0.17595 0.000568606 0.247313 0.389788 0.62228 
0.9956 0.0321626 1000 1000 0.1 
0.0211 4.89863e-08 0.1 1000 5.15004 
0.99545 0.0455917 1000 1000 0.100839 
0.9953 7.76959e-08 1000 1000 1000 
0.99675 0.0480818 1000 1000 0.1 
0.99615 0.00051946 1000 1000 0.933539 
0.9963 0.00273045 1000 1000 0.25421 
0.29995 0.00777973 1000 0.1 0.237107 
0.9878 0.0152279 109.365 1000 0.1 
0.6995 0.00391409 17.8919 1000 0.214718 
0.047 0.000152814 0.117754 1000 0.1 
0.99555 0.0410651 1000 1000 0.100839 
0.7458 0.082552 1000 0.387928 0.1 
0.99565 0.0574799 1000 1000 0.101416 
0.9951 0.0566859 1000 1000 0.100839 
0.9961 0.0221652 1000 1000 0.1 
0.96155 0.0196352 67.4805 1000 0.1 
0.99615 0.0326326 1000 1000 0.1 
0.9956 0.0631855 1000 1000 0.1 
0.99615 0.0175364 1000 1000 0.130419 
0.42945 0.137903 809.672 0.1 0.1 
0.5522 0.0083778 3.58352 0.389788 0.14979 
0.99575 1.6373e-07 1000 1000 1000 
0.20455 0.0184069 1000 0.1 48.0787 
0.9965 0.0542041 1000 1000 0.101416 
0.02065 4.18254e-06 0.1 1000 0.159395 
0.991 0.0291141 1000 148.483 0.457496 
0.99595 0.0429543 1000 1000 0.1 
0.0292 2.15359e-10 0.1 1000 58.4532 
0.9958 0.0870814 1000 1000 0.1 
0.99525 0.0222459 1000 1000 0.1 
0.7659 0.0983617 1000 0.284758 0.100839 
0.99415 0.0515327 721.738 1000 0.1 
0.0249 0.00912962 0.1 0.541159 0.1 
0.4612 0.0957166 1000 0.1 0.100839 
0.99595 0.0290968 1000 1000 0.1 
0.559 0.0536748 4.08853 0.387928 0.1 
0.05515 4.55103e-09 0.132038 0.146736 584.532 
0.9954 0.030291 1000 1000 0.1 
0.6603 0.00230353 3.33639 1000 0.104181 
0.1703 0.00558205 0.505538 1000 0.1 
0.8757 8.23611e-08 32.5834 1000 1000 
0.05265 0.000988773 0.121855 570.754 0.1 
0.02355 5.73576e-05 0.1 3.77259 0.390541 
0.1889 0.00364995 0.247313 0.709282 0.100839 
0.99585 0.0606449 1000 1000 0.1 
0.99655 0.023876 1000 1000 0.1 
0.9959 0.0683636 1000 1000 0.1 
0.99605 0.0776184 1000 1000 0.1 
0.996 0.0632694 1000 1000 0.1 
0.98375 0.0525948 1000 1000 0.1 
0.9962 1.64204e-07 1000 1000 1000 
0.03245 0.000382075 0.1 3.77259 0.1 
0.0267 5.42249e-06 0.1 1000 0.1 
0.04445 0.000173052 0.121855 570.754 0.1 
0.11325 0.0128174 0.206231 0.372283 0.1 
0.99545 0.00186642 1000 1000 0.358538 
0.24405 0.0164552 0.505538 0.372283 0.1 
0.8074 0.0251586 32.5834 1000 0.933539 
0.9957 0.0532083 1000 1000 0.1 
0.9817 0.0276662 1000 1000 0.1 
0.9931 0.000102169 1000 111.74 7.92578 
0.80605 0.0933609 1000 0.387928 0.1 
0.9972 0.0183762 1000 1000 0.1 
0.27445 1.11651e-07 1000 0.1 1000 
0.9959 0.0932032 1000 1000 0.1 
0.16385 0.00185133 0.267632 1000 0.1 
0.99585 4.95606e-05 1000 1000 0.933539 
0.9952 2.33942e-08 1000 1000 1000 
0.9962 0.0517149 1000 1000 0.1 
0.9957 3.82167e-06 1000 1000 9.31918 
0.9954 0.0446085 568.776 1000 0.1 
0.99685 0.0644023 1000 1000 0.1 
0.9963 4.69655e-08 1000 1000 1000 
0.9887 0.00826814 139.9 1000 0.1 
0.9957 0.0111115 1000 1000 0.1 
0.99545 0.0209938 1000 1000 0.1 
0.9696 0.0328682 130.357 1000 0.1 
0.1969 0.0131348 0.247313 0.389788 0.100839 
0.91485 0.0437315 1000 0.709282 0.1 
0.98255 0.0674962 117.48 96.8548 0.1 
0.2336 4.34601e-05 1000 0.1 48.0787 
0.9961 0.051546 1000 1000 0.1 
0.99595 3.0429e-11 1000 1000 480.787 
0.99635 0.0797959 1000 1000 0.1 
0.0541 0.00322599 0.121855 1000 0.101416 
0.71645 0.00130193 1000 0.389788 0.62228 
0.06475 0.00110764 0.121855 1.38706 0.104181 
0.80685 0.0523105 110.067 0.389788 0.1 
0.9963 0.0453395 1000 1000 0.1 
0.93855 0.0702922 1000 5.7015 0.1 
0.37595 0.0107423 0.61734 1000 0.1 
0.81705 0.00588637 1000 0.389788 0.14979 
0.99595 5.83263e-08 1000 1000 1000 
0.77845 0.0438477 38.5298 1000 0.1 
0.76395 0.0197515 1000 0.389788 0.14979 
0.9726 0.0370906 117.48 1000 0.1 
0.99665 0.006262 1000 1000 0.286635 
0.9967 8.24107e-07 1000 1000 7.0133 
0.9963 0.00154181 1000 1000 0.457496 
0.9967 5.19943e-12 1000 1000 1000 
0.76095 3.40125e-06 1000 0.308184 750.977 
0.98525 0.0334533 117.48 1000 0.1 
0.76935 0.0802913 1000 0.389788 0.1 
0.9962 1.44778e-05 1000 1000 0.62228 
0.7004 0.00031861 1000 0.325715 0.62228 
0.9712 0.046355 1000 304.129 0.1 
0.95555 0.0386345 1000 1.50762 0.1 
0.99145 0.0608602 152.939 1000 0.1 
0.9957 0.0526724 1000 1000 0.100839 
0.9965 1.27403e-05 1000 1000 48.0787 
0.04575 4.42462e-06 0.112072 1000 0.62228 
0.04155 0.00076196 0.115408 1000 0.1 
0.99635 6.7184e-08 1000 1000 641.941 
0.56305 0.0341089 4.12126 1000 0.1 
0.99595 0.0048161 1000 1000 0.14979 
0.94685 0.104485 1000 4.14258 0.1 
0.082 0.00135947 0.121855 57.0754 0.1 
0.9956 0.0230893 1000 1000 0.1 
0.9926 0.00114355 1000 124.552 0.457496 
0.99465 0.0438352 1000 1000 0.1 
0.9946 0.0452275 1000 1000 0.1 
0.9954 0.0419524 1000 1000 0.1 
0.81565 0.0766835 110.067 0.389788 0.1 
0.9963 0.0562783 1000 1000 0.1 
0.02075 8.36682e-05 0.1 0.541159 0.286635 
0.99625 0.0503321 1000 1000 0.1 
