0.995683 0.655765 1500 1500 0.0734084 0.0444352 0.0483694 58.4994 0.0958154 1500 0.249206 1500 
0.995731 0.650709 1500 1500 0.0460986 0.0444352 0.0459607 23.3211 0.0958154 1500 0.0902286 1500 
0.995747 0.609416 1500 1500 0.0460986 0.0444352 0.0440674 0.600129 0.0871972 0.147435 0.0902286 1500 
0.995688 0.655611 1500 1500 0.0734084 0.0444352 0.0483694 52.6037 0.0871972 1500 0.222613 1500 
0.995747 0.618064 1500 1500 0.0460986 0.0444352 0.0440674 1.03477 0.0620485 1500 0.0902286 1500 
0.995741 0.646335 1500 1500 0.0460986 0.0444352 0.0440674 9.94803 0.100235 2.10937 0.0902286 1500 
0.995742 0.643466 1500 1500 0.0452931 0.0444352 0.0459607 6.95655 0.0958154 0.20645 0.0902286 1500 
0.995648 0.657293 1500 1500 0.0988232 0.0444352 0.0483694 79.3504 0.0665208 5.19416 0.249206 1500 
0.995739 0.647154 1500 1500 0.0460986 0.0444352 0.0440674 9.94803 0.0665208 1500 0.222613 1500 
0.995748 0.604225 1500 1500 0.0460986 0.0444352 0.0440674 0.386698 0.0620485 4.19693 0.0902286 1500 
0.995648 0.657275 1500 1500 0.0988232 0.0444352 0.0483694 79.3504 0.0665208 9.27513 0.249206 1500 
0.995111 0.659291 1500 1500 0.121634 0.0444352 0.0459607 1500 0.0740807 1500 0.255722 1500 
0.995735 0.649472 1500 1500 0.0460986 0.0444352 0.0440674 17.0674 0.0620485 5.03264 0.0902286 1500 
0.995739 0.64731 1500 1500 0.0468027 0.0444352 0.0440674 9.94803 0.0665208 0.0546336 0.222613 1500 
0.995741 0.646447 1500 1500 0.0460986 0.0444352 0.0440674 9.94803 0.0620485 1500 0.0902286 1500 
0.995735 0.6495 1500 1500 0.0452931 0.0444352 0.0459607 19.0447 0.115605 0.391374 0.0902286 1500 
0.995746 0.632079 1500 1500 0.0460986 0.0444352 0.0440674 2.6212 0.0964794 1500 0.0902286 1500 
0.995748 0.604574 1500 1500 0.0452931 0.0444352 0.0440674 0.386698 0.0683501 2.10937 0.222613 1500 
0.995168 0.658439 1500 1500 0.0988232 0.0444352 0.0440674 1500 0.0683501 2.10937 0.197274 1500 
0.995723 0.652139 1500 1500 0.0460986 0.0444352 0.0459607 31.6607 0.0964557 0.082352 0.17784 1500 
0.995721 0.65234 1500 1500 0.0460986 0.0444352 0.0459607 31.6607 0.0620485 0.082352 0.17784 1500 
0.995747 0.624487 1500 1500 0.0460986 0.0444352 0.0440674 1.58503 0.0903154 1500 0.0902286 1500 
0.995748 0.603759 1500 1500 0.0452931 0.0444352 0.0440674 0.386698 0.0683501 41.2493 0.0569371 1500 
0.995722 0.652217 1500 1500 0.0468027 0.0444352 0.0440674 36.6636 0.0683501 1500 0.0902286 1500 
0.995201 0.657856 1500 1500 0.0988232 0.0444352 0.0440674 1500 0.0964794 1500 0.17784 1500 
0.995677 0.655884 1500 1500 0.0734084 0.0444352 0.0483694 69.4783 0.0871972 1500 0.197274 1500 
0.995746 0.632371 1500 1500 0.0452931 0.0444352 0.0440674 2.6212 0.0683501 1500 0.0902286 1500 
0.995748 0.597324 1500 1500 0.0460986 0.0444352 0.0440674 0.191777 0.0620485 1.69474 0.0902286 1500 
0.995736 0.649798 1500 1500 0.0460986 0.0444352 0.0440674 19.0447 0.0964557 1500 0.0759701 1500 
0.995048 0.659609 1500 1500 0.0988232 0.0444352 0.0483694 1500 0.0683501 0.968893 0.356392 1500 
0.99574 0.646763 1500 1500 0.0468027 0.0444352 0.0440674 9.94803 0.100235 1500 0.17784 1500 
0.995739 0.648039 1500 1500 0.0460986 0.0444352 0.0440674 13.6542 0.115605 1.69474 0.0902286 1500 
0.995105 0.659319 1500 1500 0.121634 0.0444352 0.0459607 1500 0.0688416 0.646259 0.255722 1500 
0.995733 0.650014 1500 1500 0.0460986 0.0444352 0.0459607 19.0447 0.0740807 0.082352 0.0902286 1500 
0.995171 0.658426 1500 1500 0.0988232 0.0444352 0.0440674 1500 0.0958154 9.27513 0.222613 1500 
0.995745 0.637904 1500 1500 0.0460986 0.0444352 0.0440674 4.17761 0.115605 1500 0.0902286 1500 
0.995741 0.646384 1500 1500 0.0460986 0.0444352 0.0440674 9.94803 0.0964557 1500 0.0902286 1500 
0.995747 0.617461 1500 1500 0.0460986 0.0444352 0.0440674 1.03477 0.0964557 1500 0.0902286 1500 
0.995741 0.646495 1500 1500 0.0460986 0.0444352 0.0440674 9.94803 0.0620485 1.17187 0.0902286 1500 
0.995747 0.618114 1500 1500 0.0468027 0.0444352 0.0440674 1.03477 0.0620485 0.0587703 0.0902286 1500 
0.995746 0.625317 1500 1500 0.0460986 0.0444352 0.0440674 1.58503 0.0683501 67.5818 0.249206 1500 
0.995745 0.638502 1500 1500 0.0460986 0.0444352 0.0440674 4.17761 0.0620485 1500 0.0902286 1500 
0.995727 0.651792 1500 1500 0.0460986 0.0444352 0.0440674 31.6607 0.0860713 1500 0.0902286 1500 
0.995728 0.651677 1500 1500 0.0460986 0.0444352 0.0440674 31.6607 0.0958154 1500 0.0902286 1500 
0.995743 0.643673 1500 1500 0.0460986 0.0444352 0.0440674 6.95655 0.0620485 0.082352 0.0902286 1500 
0.995046 0.659646 1500 1500 0.0988232 0.0444352 0.0459607 1500 0.0620485 1.18216 0.35587 1500 
0.995747 0.618119 1500 1500 0.0468027 0.0444352 0.0440674 1.03477 0.0620485 1500 0.0902286 1500 
0.995743 0.643213 1500 1500 0.0460986 0.0444352 0.0440674 6.95655 0.115605 0.082352 0.0902286 1500 
0.995732 0.65037 1500 1500 0.0460986 0.0444352 0.0459607 23.3211 0.115605 1500 0.0902286 1500 
0.995716 0.653431 1500 1500 0.0523017 0.0444352 0.0459607 31.6607 0.0683501 0.0531511 0.249206 1500 
0.995747 0.632237 1500 1500 0.0452931 0.0444352 0.0440674 2.6212 0.0683501 1500 0.0759701 1500 
0.995747 0.617734 1500 1500 0.0460986 0.0444352 0.0440674 1.03477 0.0620485 1500 0.0569371 1500 
0.995748 0.617986 1500 1500 0.0452931 0.0444352 0.0440674 1.03477 0.0620485 0.368601 0.0902286 1500 
0.995744 0.638384 1500 1500 0.0460986 0.0444352 0.0440674 4.17761 0.0958154 1500 0.249206 1500 
0.995202 0.657549 1500 1500 0.0988232 0.0484776 0.0483694 1500 0.0871972 0.0732891 0.14311 1500 
0.995746 0.634794 1500 1500 0.0460986 0.0444352 0.0440674 3.10621 0.0665208 0.0546336 0.0902286 1500 
0.995745 0.634915 1500 1500 0.0468027 0.0444352 0.0440674 3.12473 0.0620485 1500 0.0902286 1500 
0.995744 0.643183 1500 1500 0.0452931 0.0444352 0.0440674 6.95655 0.0958154 0.20645 0.0544743 1500 
0.995148 0.65875 1500 1500 0.0988232 0.0444352 0.0450844 1500 0.0683501 0.0636475 0.222613 1500 
0.995747 0.617467 1500 1500 0.0460986 0.0444352 0.0440674 1.03477 0.0964557 2.10937 0.0902286 1500 
0.995741 0.646403 1500 1500 0.0460986 0.0444352 0.0440674 9.94803 0.0958154 1500 0.0902286 1500 
0.995741 0.646466 1500 1500 0.0460986 0.0444352 0.0440674 9.94803 0.0620485 1.69474 0.0902286 1500 
0.995747 0.617718 1500 1500 0.0460986 0.0444352 0.0440674 1.03477 0.0964557 1.20275 0.169554 1500 
0.995746 0.618146 1500 1500 0.0468027 0.0444352 0.0440674 1.03477 0.0871972 1500 0.178974 1500 
0.99519 0.658021 1500 1500 0.0988232 0.0444352 0.0456626 1500 0.0871972 0.454231 0.178974 1500 
0.995221 0.657314 1500 1500 0.102795 0.0444352 0.0440674 1500 0.0964557 0.082352 0.14311 1500 
0.995732 0.650241 1500 1500 0.0460986 0.0444352 0.0459607 19.0447 0.100235 2.10937 0.17784 1500 
0.995748 0.603754 1500 1500 0.0452931 0.0444352 0.0440674 0.386698 0.0683501 41.2493 0.0569371 1500 
0.995746 0.620436 1500 1500 0.0460986 0.0444352 0.0440674 1.58503 0.196876 1.81708 0.17784 1500 
0.995154 0.658674 1500 1500 0.0988232 0.0444352 0.0440674 1500 0.0958154 1500 0.249206 1500 
0.995746 0.632082 1500 1500 0.0460986 0.0444352 0.0440674 2.6212 0.0964557 1500 0.0902286 1500 
0.995748 0.604589 1500 1500 0.0452931 0.0444352 0.0440674 0.386698 0.0683501 0.082352 0.222613 1500 
0.995745 0.632521 1500 1500 0.0468027 0.0444352 0.0440674 2.6212 0.0683501 0.0644608 0.0902286 1500 
0.995747 0.609429 1500 1500 0.0460986 0.0444352 0.0440674 0.600129 0.0871972 0.147435 0.0902286 1500 
0.9952 0.657887 1500 1500 0.0988232 0.0444352 0.0440674 1500 0.0958154 1500 0.178974 1500 
0.995748 0.617163 1500 1500 0.0452931 0.0444352 0.0440674 1.03477 0.0958154 1500 0.0544743 1500 
0.995741 0.646477 1500 1500 0.0460986 0.0444352 0.0440674 9.94803 0.0903154 0.0546336 0.0902286 1500 
0.995748 0.597336 1500 1500 0.0460986 0.0444352 0.0440674 0.191777 0.0620485 1.81708 0.0902286 1500 
0.995739 0.648281 1500 1500 0.0460986 0.0444352 0.0440674 13.6542 0.100235 1500 0.0902286 1500 
0.995748 0.588754 1500 1500 0.0460986 0.0444352 0.0440674 0.0536367 0.0903154 1500 0.0902286 1500 
0.995748 0.597325 1500 1500 0.0460986 0.0444352 0.0440674 0.191777 0.0620485 1500 0.0902286 1500 
0.995747 0.609852 1500 1500 0.0460986 0.0444352 0.0440674 0.600129 0.0665208 1500 0.0902286 1500 
0.995719 0.653269 1500 1500 0.0523017 0.0444352 0.0440674 31.6607 0.0860713 4.93243 0.249206 1500 
0.995186 0.65805 1500 1500 0.0988232 0.0444352 0.0459607 1500 0.100235 1500 0.197274 1500 
0.99513 0.6591 1500 1500 0.0988232 0.0444352 0.0440674 1500 0.0683501 2.10937 0.255722 1500 
0.995728 0.65119 1500 1500 0.0460986 0.0444352 0.0459607 30.0668 0.115605 1.69474 0.0902286 1500 
0.995706 0.65407 1500 1500 0.0523017 0.0444352 0.0459607 52.6037 0.0958154 1500 0.178974 1500 
0.995158 0.658643 1500 1500 0.0988232 0.0444352 0.0459607 1500 0.0830984 1.81708 0.222613 1500 
0.995726 0.652018 1500 1500 0.0460986 0.0444352 0.0440674 31.6607 0.0958154 1500 0.130693 1500 
0.9952 0.657888 1500 1500 0.0988232 0.0444352 0.0440674 1500 0.0958154 1500 0.178974 1500 
0.995748 0.60408 1500 1500 0.0452931 0.0444352 0.0440674 0.386698 0.0683501 2.10937 0.0902286 1500 
0.995748 0.607186 1500 1500 0.0452931 0.0444352 0.0440674 0.494125 0.0620485 0.193827 0.0902286 1500 
0.995746 0.632101 1500 1500 0.0460986 0.0444352 0.0440674 2.6212 0.0964557 0.898013 0.0902286 1500 
0.995733 0.650093 1500 1500 0.0468027 0.0444352 0.0459607 19.0447 0.0871972 1.81708 0.0902286 1500 
0.99574 0.646929 1500 1500 0.0468027 0.0444352 0.0440674 10.6376 0.0958154 0.265019 0.0902286 1500 
0.995743 0.64365 1500 1500 0.0468027 0.0444352 0.0440674 6.95655 0.0964557 1500 0.0902286 1500 
0.99574 0.646759 1500 1500 0.0460986 0.0444352 0.0440674 9.94803 0.0958154 1500 0.178974 1500 
0.995131 0.659075 1500 1500 0.0964685 0.0444352 0.0440674 1500 0.0683501 2.10937 0.255722 1500 
0.995047 0.659627 1500 1500 0.0988232 0.0444352 0.0459607 1500 0.0620485 1.18216 0.35587 1500 
0.995746 0.618576 1500 1500 0.0460986 0.0444352 0.0440674 1.03477 0.0620485 1500 0.222613 1500 
0.995746 0.631928 1500 1500 0.0452931 0.0444352 0.0440674 2.6212 0.100235 1500 0.222613 1500 
0.995745 0.633847 1500 1500 0.0460986 0.0444352 0.0440674 3.10621 0.115605 1.81708 0.241995 1500 
0.995747 0.599833 1500 1500 0.0460986 0.0444352 0.0440674 0.386698 0.196876 4.19693 0.0902286 1500 
0.995738 0.648416 1500 1500 0.0468027 0.0444352 0.0440674 13.6542 0.0958154 1500 0.0902286 1500 
0.995744 0.638551 1500 1500 0.0468027 0.0444352 0.0440674 4.17761 0.0620485 0.0624824 0.0902286 1500 
0.99574 0.646676 1500 1500 0.0460986 0.0444352 0.0440674 9.94803 0.100235 1500 0.17784 1500 
0.995739 0.64717 1500 1500 0.0460986 0.0444352 0.0440674 9.94803 0.0665208 0.100583 0.222613 1500 
0.995219 0.657417 1500 1500 0.0988232 0.0444352 0.0440674 1500 0.0871972 0.0732891 0.14311 1500 
0.995184 0.658285 1500 1500 0.0988232 0.0444352 0.0440674 1500 0.0871972 2.10937 0.197274 1500 
0.99574 0.646605 1500 1500 0.0468027 0.0444352 0.0440674 9.94803 0.0665208 0.147435 0.0902286 1500 
0.99574 0.647155 1500 1500 0.0460986 0.0444352 0.0440674 9.94803 0.0688416 0.0506881 0.178974 1500 
0.994971 0.660232 1500 1500 0.133229 0.0444352 0.0440674 1500 0.0683501 0.205959 0.45332 1500 
0.995741 0.646399 1500 1500 0.0460986 0.0444352 0.0440674 9.94803 0.0964557 2.10937 0.0902286 1500 
0.995741 0.646509 1500 1500 0.0460986 0.0444352 0.0440674 9.94803 0.0871972 1500 0.0902286 1500 
0.995741 0.646079 1500 1500 0.0460986 0.0444352 0.0440674 9.94803 0.115605 1.69474 0.0902286 1500 
0.995748 0.587424 1500 1500 0.0460986 0.0444352 0.0440674 0.0461563 0.0958154 1500 0.0902286 1500 
0.995747 0.618002 1500 1500 0.0460986 0.0444352 0.0440674 1.03477 0.0871972 1500 0.178974 1500 
0.995728 0.651693 1500 1500 0.0460986 0.0444352 0.0440674 31.6607 0.0958154 0.0550808 0.0902286 1500 
0.995748 0.588741 1500 1500 0.0460986 0.0444352 0.0440674 0.0557852 0.0964557 1500 0.0902286 1500 
0.995748 0.589883 1500 1500 0.0452931 0.0444352 0.0440674 0.0543725 0.0620485 1500 0.0569371 1500 
0.995746 0.631898 1500 1500 0.0460986 0.0444352 0.0440674 2.6212 0.049372 2.10937 0.0902286 1500 
0.995748 0.604553 1500 1500 0.0452931 0.0444352 0.0440674 0.386698 0.0683501 2.10937 0.222613 1500 
0.995748 0.604077 1500 1500 0.0452931 0.0444352 0.0440674 0.386698 0.0683501 5.76481 0.0902286 1500 
0.995144 0.658822 1500 1500 0.0988232 0.0444352 0.0456626 1500 0.0871972 0.454231 0.249206 1500 
0.995048 0.659612 1500 1500 0.0988232 0.0444352 0.0459607 1500 0.0620485 0.205959 0.35587 1500 
0.995739 0.6483 1500 1500 0.0460986 0.0444352 0.0440674 13.6542 0.100235 0.147435 0.0902286 1500 
0.995747 0.631596 1500 1500 0.0452931 0.0444352 0.0440674 2.6212 0.115605 0.0644608 0.0902286 1500 
0.995201 0.657888 1500 1500 0.0988232 0.0444352 0.0440674 1500 0.0958154 1500 0.178974 1500 
0.99566 0.656845 1500 1500 0.0988232 0.0444352 0.0483694 65.0531 0.0683501 0.34488 0.232335 1500 
0.995743 0.643512 1500 1500 0.0460986 0.0444352 0.0440674 6.95655 0.100235 1500 0.0902286 1500 
0.995747 0.617456 1500 1500 0.0460986 0.0444352 0.0440674 1.03477 0.0964557 2.10937 0.0902286 1500 
0.995693 0.655016 1500 1500 0.0523017 0.0444352 0.0440674 65.0531 0.0683501 0.34488 0.232335 1500 
0.995747 0.616804 1500 1500 0.0460986 0.0444352 0.0440674 1.03477 0.115605 1500 0.06574 1500 
0.995747 0.61804 1500 1500 0.0468027 0.0444352 0.0440674 1.06748 0.0958154 0.140828 0.0902286 1500 
0.995747 0.617482 1500 1500 0.0460986 0.0444352 0.0440674 1.03477 0.0958154 1500 0.0902286 1500 
0.995746 0.632108 1500 1500 0.0460986 0.0444352 0.0440674 2.6212 0.0964794 0.898013 0.0902286 1500 
0.995748 0.596442 1500 1500 0.0460986 0.0444352 0.0440674 0.191777 0.0958154 1500 0.0902286 1500 
0.995129 0.659111 1500 1500 0.0988232 0.0444352 0.0440674 1500 0.0683501 4.19693 0.255722 1500 
0.995702 0.654222 1500 1500 0.0523017 0.0444352 0.0459607 52.6037 0.0958154 5.01149 0.249206 1500 
0.995747 0.607417 1500 1500 0.0460986 0.0444352 0.0440674 0.52932 0.0964557 1500 0.0902286 1500 
0.995747 0.621327 1500 1500 0.0460986 0.0444352 0.0440674 1.58503 0.196876 1500 0.0902286 1500 
0.995748 0.604219 1500 1500 0.0460986 0.0444352 0.0440674 0.386698 0.0620485 1500 0.0902286 1500 
0.995741 0.646411 1500 1500 0.0460986 0.0444352 0.0440674 9.94803 0.0958154 2.10937 0.0902286 1500 
0.995195 0.657894 1500 1500 0.102795 0.0444352 0.0459607 1500 0.0964557 1500 0.17784 1500 
0.99574 0.646902 1500 1500 0.0460986 0.0444352 0.0440674 9.94803 0.0688416 4.19693 0.130693 1500 
0.995741 0.646417 1500 1500 0.0460986 0.0444352 0.0440674 9.94803 0.0958154 1500 0.0902286 1500 
0.995743 0.643584 1500 1500 0.0460986 0.0444352 0.0440674 6.95655 0.0958154 2.10937 0.0902286 1500 
0.99574 0.647188 1500 1500 0.0468027 0.0444352 0.0440674 9.94803 0.0688416 0.0587703 0.157318 1500 
0.995046 0.659629 1500 1500 0.0988232 0.0444352 0.0459607 1500 0.0620485 1.18216 0.35587 1500 
0.995748 0.603801 1500 1500 0.0460986 0.0444352 0.0440674 0.386698 0.0683501 1500 0.0569371 1500 
0.995746 0.632431 1500 1500 0.0460986 0.0444352 0.0440674 2.6212 0.0620485 1500 0.0902286 1500 
0.99574 0.646899 1500 1500 0.0460986 0.0444352 0.0440674 10.6376 0.0620485 0.265019 0.0902286 1500 
0.995747 0.609856 1500 1500 0.0460986 0.0444352 0.0440674 0.600129 0.0665208 1500 0.0902286 1500 
0.995747 0.618074 1500 1500 0.0460986 0.0444352 0.0440674 1.03477 0.0620485 58.057 0.0902286 1500 
0.9952 0.657888 1500 1500 0.0988232 0.0444352 0.0440674 1500 0.0958154 1500 0.178974 1500 
0.995748 0.607187 1500 1500 0.0452931 0.0444352 0.0440674 0.494125 0.0620485 1.81708 0.0902286 1500 
0.995741 0.646415 1500 1500 0.0460986 0.0444352 0.0440674 9.94803 0.0964557 2.10937 0.0902286 1500 
0.995748 0.597324 1500 1500 0.0460986 0.0444352 0.0440674 0.191777 0.0620485 0.0587703 0.0902286 1500 
0.995748 0.617976 1500 1500 0.0452931 0.0444352 0.0440674 1.03477 0.0683501 1500 0.0902286 1500 
0.995746 0.618382 1500 1500 0.0468027 0.0444352 0.0440674 1.03477 0.0683501 1500 0.130693 1500 
0.995726 0.65205 1500 1500 0.0460986 0.0444352 0.0440674 31.6607 0.0958154 0.235468 0.130693 1500 
0.995741 0.6464 1500 1500 0.0460986 0.0444352 0.0440674 9.94803 0.0964557 1500 0.0902286 1500 
0.995728 0.651535 1500 1500 0.0452931 0.0444352 0.0440674 31.6607 0.100235 1500 0.0902286 1500 
0.995741 0.646567 1500 1500 0.0460986 0.0444352 0.0440674 9.94803 0.0740807 1500 0.0902286 1500 
0.995747 0.609735 1500 1500 0.0460986 0.0444352 0.0440674 0.600129 0.0871972 0.0732891 0.249206 1500 
0.995748 0.587917 1500 1500 0.0460986 0.0444352 0.0440674 0.0490398 0.0958154 1500 0.0902286 1500 
0.995746 0.624389 1500 1500 0.0460986 0.0444352 0.0440674 1.58503 0.100235 0.0636475 0.222613 1500 
0.99574 0.647112 1500 1500 0.0460986 0.0444352 0.0440674 9.94803 0.073267 1.69474 0.176889 1500 
0.995747 0.604874 1500 1500 0.0460986 0.0444352 0.0440674 0.457735 0.115605 1500 0.0902286 1500 
0.995745 0.634875 1500 1500 0.0468027 0.0444352 0.0440674 3.10621 0.0665208 0.0546336 0.0902286 1500 
0.995746 0.632388 1500 1500 0.0452931 0.0444352 0.0440674 2.6212 0.0871972 1500 0.222613 1500 
0.995748 0.59734 1500 1500 0.0460986 0.0444352 0.0440674 0.191777 0.0620485 1.77265 0.0902286 1500 
0.995747 0.607254 1500 1500 0.0460986 0.0444352 0.0440674 0.494125 0.0620485 0.0587703 0.0902286 1500 
0.995741 0.646448 1500 1500 0.0460986 0.0444352 0.0440674 9.94803 0.0620485 1.17187 0.0902286 1500 
0.995743 0.643214 1500 1500 0.0460986 0.0444352 0.0440674 6.95655 0.115605 1500 0.0902286 1500 
0.995747 0.617524 1500 1500 0.0452931 0.0444352 0.0440674 1.03477 0.0964557 1.18216 0.222613 1500 
0.995746 0.625306 1500 1500 0.0460986 0.0444352 0.0440674 1.58503 0.0620485 1500 0.222613 1500 
0.995741 0.646495 1500 1500 0.0460986 0.0444352 0.0440674 9.94803 0.0871972 0.0732891 0.0902286 1500 
0.995748 0.603883 1500 1500 0.0452931 0.0444352 0.0440674 0.386698 0.0871972 2.10937 0.197274 1500 
0.99574 0.647132 1500 1500 0.0460986 0.0444352 0.0440674 9.94803 0.0688416 1500 0.178974 1500 
0.995746 0.618026 1500 1500 0.0468027 0.0444352 0.0440674 1.03477 0.0871972 0.0644608 0.14311 1500 
0.995746 0.632369 1500 1500 0.0452931 0.0444352 0.0440674 2.6212 0.0683501 1500 0.0902286 1500 
0.995737 0.648748 1500 1500 0.0460986 0.0444352 0.0440674 13.6542 0.0964557 1.20275 0.197274 1500 
0.995747 0.617713 1500 1500 0.0460986 0.0444352 0.0440674 1.03477 0.0964557 1500 0.169554 1500 
0.995747 0.618569 1500 1500 0.0460986 0.0444352 0.0440674 1.03477 0.0665208 1500 0.222613 1500 
0.995748 0.603859 1500 1500 0.0452931 0.0444352 0.0440674 0.386698 0.0871972 5.76481 0.14311 1500 
0.995747 0.618063 1500 1500 0.0460986 0.0444352 0.0440674 1.03477 0.0620485 1500 0.0902286 1500 
0.995747 0.624373 1500 1500 0.0460986 0.0444352 0.0440674 1.58503 0.0958154 1500 0.0902286 1500 
0.995216 0.657437 1500 1500 0.102795 0.0444352 0.0440674 1500 0.0871972 1500 0.14311 1500 
0.995747 0.617473 1500 1500 0.0460986 0.0444352 0.0440674 1.03477 0.0964557 1500 0.0902286 1500 
0.995746 0.637797 1500 1500 0.0452931 0.0444352 0.0440674 4.17761 0.115605 1500 0.0902286 1500 
0.995748 0.60341 1500 1500 0.0460986 0.0444352 0.0440674 0.386698 0.0958154 1500 0.0902286 1500 
0.995738 0.648378 1500 1500 0.0460986 0.0444352 0.0440674 13.6542 0.0620485 4.19693 0.0902286 1500 
0.995112 0.659282 1500 1500 0.121634 0.0444352 0.0459607 1500 0.0740807 1500 0.255722 1500 
0.995747 0.618117 1500 1500 0.0468027 0.0444352 0.0440674 1.03477 0.0620485 0.0587703 0.0902286 1500 
0.99574 0.646929 1500 1500 0.0468027 0.0444352 0.0440674 10.6376 0.0958154 0.265019 0.0902286 1500 
0.995719 0.653047 1500 1500 0.0523017 0.0444352 0.0440674 31.6607 0.0958154 4.93243 0.249206 1500 
0.995742 0.645538 1500 1500 0.0460986 0.0444352 0.0440674 8.51718 0.0964557 0.0455018 0.146755 1500 
0.995747 0.617354 1500 1500 0.0460986 0.0444352 0.0440674 1.03477 0.100235 1500 0.0902286 1500 
0.995747 0.618055 1500 1500 0.0460986 0.0444352 0.0440674 1.03477 0.0620485 1500 0.0902286 1500 
0.995747 0.603168 1500 1500 0.0452931 0.0444352 0.0440674 0.386698 0.0958154 1500 0.32541 1500 
0.995741 0.646401 1500 1500 0.0460986 0.0444352 0.0440674 9.94803 0.0964557 0.100583 0.0902286 1500 
0.995741 0.64641 1500 1500 0.0460986 0.0444352 0.0440674 9.94803 0.0964557 2.10937 0.0902286 1500 
0.995747 0.624367 1500 1500 0.0460986 0.0444352 0.0440674 1.58503 0.0958154 1.81708 0.0902286 1500 
0.995748 0.60408 1500 1500 0.0452931 0.0444352 0.0440674 0.386698 0.0683501 0.0610317 0.0902286 1500 
0.995742 0.64521 1500 1500 0.0468027 0.0444352 0.0440674 8.51718 0.103512 1500 0.0902286 1500 
0.995746 0.624594 1500 1500 0.0475108 0.0444352 0.0440674 1.58503 0.0903154 1500 0.0902286 1500 
0.995745 0.632496 1500 1500 0.0468027 0.0444352 0.0440674 2.6212 0.0620485 1500 0.0902286 1500 
0.995745 0.632537 1500 1500 0.0468027 0.0444352 0.0440674 2.6212 0.0683501 1.81708 0.0902286 1500 
0.995748 0.605594 1500 1500 0.0452931 0.0444352 0.0440674 0.421703 0.0683501 1500 0.222613 1500 
0.995736 0.649645 1500 1500 0.0460986 0.0444352 0.0440674 19.0447 0.115605 0.391374 0.0902286 1500 
0.995128 0.65912 1500 1500 0.0988232 0.0444352 0.0440674 1500 0.0688416 0.0664745 0.255722 1500 
0.995743 0.64364 1500 1500 0.0452931 0.0444352 0.0440674 6.95655 0.0620485 1500 0.0902286 1500 
0.995653 0.657226 1500 1500 0.0988232 0.0444352 0.0456626 79.3504 0.0818838 5.19416 0.249206 1500 
0.995148 0.658772 1500 1500 0.0988232 0.0444352 0.0440674 1500 0.0665208 2.10937 0.222613 1500 
0.995131 0.659098 1500 1500 0.0964685 0.0444352 0.0440674 1500 0.0683501 2.10937 0.255722 1500 
0.995747 0.618042 1500 1500 0.0460986 0.0444352 0.0440674 1.03477 0.0871972 1500 0.197274 1500 
0.995747 0.609475 1500 1500 0.0468027 0.0444352 0.0440674 0.600129 0.0871972 0.147435 0.0902286 1500 
0.99574 0.647096 1500 1500 0.0460986 0.0444352 0.0440674 9.94803 0.0683501 1500 0.169554 1500 
0.995745 0.632491 1500 1500 0.0468027 0.0444352 0.0440674 2.6212 0.0620485 0.0644608 0.0902286 1500 
0.995747 0.632168 1500 1500 0.0452931 0.0444352 0.0440674 2.6212 0.0871972 1500 0.0902286 1500 
0.995748 0.589951 1500 1500 0.0460986 0.0444352 0.0440674 0.0543725 0.0620485 2.14494 0.0569371 1500 
0.995747 0.617717 1500 1500 0.0460986 0.0444352 0.0440674 1.03477 0.0958154 1500 0.17784 1500 
0.995746 0.631877 1500 1500 0.0460986 0.0444352 0.0440674 2.6212 0.049372 1.17187 0.0902286 1500 
0.995744 0.638371 1500 1500 0.0460986 0.0444352 0.0440674 4.17761 0.0958154 1500 0.249206 1500 
0.995741 0.646401 1500 1500 0.0460986 0.0444352 0.0440674 9.94803 0.0964557 0.0644608 0.0902286 1500 
0.995737 0.648603 1500 1500 0.0460986 0.0444352 0.0440674 13.6542 0.100235 1.69474 0.222613 1500 
0.995746 0.632456 1500 1500 0.0460986 0.0444352 0.0440674 2.6212 0.0665208 0.898013 0.0902286 1500 
0.995747 0.609194 1500 1500 0.0460986 0.0444352 0.0440674 0.600129 0.0958154 0.265019 0.0902286 1500 
0.995741 0.646563 1500 1500 0.0460986 0.0444352 0.0440674 9.94803 0.0688416 1500 0.0902286 1500 
0.995746 0.619741 1500 1500 0.0460986 0.0444352 0.0440674 1.17454 0.0958154 1500 0.222613 1500 
0.995747 0.61746 1500 1500 0.0460986 0.0444352 0.0440674 1.03477 0.0964557 2.10937 0.0902286 1500 
0.995746 0.632434 1500 1500 0.0460986 0.0444352 0.0440674 2.6212 0.0620485 41.2493 0.0902286 1500 
0.995748 0.604542 1500 1500 0.0452931 0.0444352 0.0440674 0.386698 0.0683501 0.082352 0.249206 1500 
0.995747 0.621244 1500 1500 0.0452931 0.0444352 0.0440674 1.58503 0.196876 0.368601 0.0902286 1500 
0.995742 0.645251 1500 1500 0.0460986 0.0444352 0.0440674 8.51718 0.0964557 0.0455018 0.0902286 1500 
0.995747 0.604273 1500 1500 0.0468027 0.0444352 0.0440674 0.386698 0.0620485 0.0754061 0.0902286 1500 
0.995746 0.632439 1500 1500 0.0460986 0.0444352 0.0440674 2.6212 0.0620485 1500 0.0902286 1500 
0.99521 0.657449 1500 1500 0.103057 0.0449064 0.0459607 1500 0.0871972 0.34488 0.14311 1500 
0.995741 0.646452 1500 1500 0.0460986 0.0444352 0.0440674 9.94803 0.0620485 1500 0.0902286 1500 
0.995746 0.634045 1500 1500 0.0460986 0.0444352 0.0440674 3.10621 0.115605 1500 0.0902286 1500 
0.995747 0.604573 1500 1500 0.0460986 0.0444352 0.0440674 0.386698 0.0620485 0.0849191 0.14311 1500 
0.995741 0.646404 1500 1500 0.0460986 0.0444352 0.0440674 9.94803 0.0958154 1500 0.0902286 1500 
0.995202 0.657873 1500 1500 0.0988232 0.0444352 0.0440674 1500 0.0958154 1500 0.178974 1500 
0.995742 0.645269 1500 1500 0.0460986 0.0444352 0.0440674 8.51718 0.0964557 0.898013 0.0902286 1500 
0.995741 0.64635 1500 1500 0.0460986 0.0444352 0.0440674 9.94803 0.100235 0.0624824 0.0902286 1500 
0.995726 0.652138 1500 1500 0.0460986 0.0444352 0.0440674 31.6607 0.0871972 6.64008 0.130693 1500 
0.995747 0.631559 1500 1500 0.0452931 0.0444352 0.0440674 2.6212 0.115605 0.0644608 0.0902286 1500 
0.995747 0.611285 1500 1500 0.0460986 0.0444352 0.0440674 0.690016 0.100235 1500 0.197274 1500 
0.995743 0.643735 1500 1500 0.0460986 0.0444352 0.0440674 6.95655 0.100235 1500 0.130693 1500 
0.995739 0.647144 1500 1500 0.0460986 0.0444352 0.0440674 9.94803 0.0665208 0.0546336 0.222613 1500 
0.995743 0.643744 1500 1500 0.0460986 0.0444352 0.0440674 6.95655 0.0665208 1500 0.0902286 1500 
0.995743 0.643653 1500 1500 0.0468027 0.0444352 0.0440674 6.95655 0.0958154 0.0849191 0.0902286 1500 
0.995728 0.651681 1500 1500 0.0460986 0.0444352 0.0440674 31.6607 0.0958154 1.03015 0.0902286 1500 
0.995744 0.641206 1500 1500 0.0452931 0.0444352 0.0440674 6.95655 0.196876 0.20645 0.0544743 1500 
0.995722 0.652187 1500 1500 0.0468027 0.0444352 0.0440674 36.6636 0.0665208 1500 0.0902286 1500 
0.995745 0.635795 1500 1500 0.0460986 0.0444352 0.0440674 3.35676 0.0958154 0.0636475 0.17784 1500 
0.995748 0.603519 1500 1500 0.0452931 0.0444352 0.0440674 0.386698 0.0958154 2.10937 0.222613 1500 
0.995155 0.658658 1500 1500 0.0988232 0.0444352 0.0440674 1500 0.0964794 1500 0.249206 1500 
0.995748 0.617668 1500 1500 0.0452931 0.0444352 0.0440674 1.03477 0.0620485 0.368601 0.0569371 1500 
0.995728 0.65172 1500 1500 0.0460986 0.0444352 0.0440674 31.6607 0.0958154 2.10937 0.0902286 1500 
0.995716 0.653456 1500 1500 0.0523017 0.0444352 0.0459607 31.6607 0.0683501 0.0531511 0.249206 1500 
0.995742 0.644289 1500 1500 0.0460986 0.0444352 0.0440674 6.95655 0.0683501 1500 0.169554 1500 
0.995739 0.648277 1500 1500 0.0452931 0.0444352 0.0440674 13.6542 0.0958154 0.20645 0.0902286 1500 
0.995741 0.646545 1500 1500 0.0460986 0.0444352 0.0440674 9.94803 0.0665208 1500 0.0902286 1500 
0.99574 0.647136 1500 1500 0.0460986 0.0444352 0.0440674 9.94803 0.0688416 1500 0.178974 1500 
0.995748 0.600171 1500 1500 0.0452931 0.0444352 0.0440674 0.296073 0.0958154 5.62681 0.0544743 1500 
0.995748 0.58948 1500 1500 0.0460986 0.0444352 0.0440674 0.0536367 0.0683501 0.082352 0.0902286 1500 
0.995745 0.633723 1500 1500 0.0468027 0.0444352 0.0440674 2.85664 0.0620485 0.147435 0.0902286 1500 
0.995748 0.617413 1500 1500 0.0452931 0.0444352 0.0440674 1.03477 0.0958154 1500 0.0902286 1500 
0.995746 0.618142 1500 1500 0.0468027 0.0444352 0.0440674 1.03477 0.0871972 1.81708 0.178974 1500 
0.995743 0.643648 1500 1500 0.0468027 0.0444352 0.0440674 6.95655 0.0964557 1500 0.0902286 1500 
0.99574 0.646969 1500 1500 0.0468027 0.0444352 0.0440674 10.6376 0.0620485 0.265019 0.0902286 1500 
0.995746 0.632156 1500 1500 0.0468027 0.0444352 0.0440674 2.6212 0.0964557 1500 0.0902286 1500 
0.995159 0.658581 1500 1500 0.0988232 0.0484776 0.0450844 1500 0.0871972 0.0732891 0.222613 1500 
0.99574 0.646928 1500 1500 0.0460986 0.0444352 0.0440674 9.94803 0.0688416 4.19693 0.130693 1500 
0.995742 0.645371 1500 1500 0.0452931 0.0444352 0.0440674 9.15395 0.115605 1500 0.0902286 1500 
0.995747 0.605513 1500 1500 0.0468027 0.0444352 0.0440674 0.428383 0.0620485 0.0624824 0.0902286 1500 
0.995748 0.602644 1500 1500 0.0460986 0.0444352 0.0440674 0.386698 0.115605 1500 0.0569371 1500 
0.995747 0.618123 1500 1500 0.0468027 0.0444352 0.0440674 1.03477 0.0620485 1500 0.0902286 1500 
0.995748 0.601356 1500 1500 0.0460986 0.0444352 0.0440674 0.323421 0.0964557 2.10937 0.0902286 1500 
0.995748 0.588767 1500 1500 0.0460986 0.0444352 0.0440674 0.0536367 0.0903154 1500 0.0902286 1500 
0.995747 0.618064 1500 1500 0.0460986 0.0444352 0.0440674 1.03477 0.0620485 0.147435 0.0902286 1500 
0.995741 0.64666 1500 1500 0.0460986 0.0444352 0.0440674 9.94803 0.0958154 1500 0.130693 1500 
0.995743 0.643399 1500 1500 0.0452931 0.0444352 0.0440674 6.75196 0.0665208 5.76481 0.0902286 1500 
0.995748 0.587798 1500 1500 0.0460986 0.0444352 0.0440674 0.0482986 0.0958154 1500 0.0902286 1500 
0.995747 0.607262 1500 1500 0.0460986 0.0444352 0.0440674 0.494125 0.0620485 1500 0.0902286 1500 
0.995736 0.649612 1500 1500 0.0460986 0.0444352 0.0440674 17.0674 0.0683501 1.57007 0.0902286 1500 
0.995741 0.646655 1500 1500 0.0460986 0.0444352 0.0440674 9.94803 0.0958154 1500 0.130693 1500 
0.995741 0.646642 1500 1500 0.0460986 0.0444352 0.0440674 9.94803 0.0964557 4.19693 0.130693 1500 
0.995748 0.604067 1500 1500 0.0452931 0.0444352 0.0440674 0.386698 0.0683501 0.082352 0.0902286 1500 
0.99515 0.658734 1500 1500 0.0988232 0.0449064 0.0440674 1500 0.0958154 9.27513 0.255722 1500 
0.995747 0.607317 1500 1500 0.0468027 0.0444352 0.0440674 0.494125 0.0620485 1500 0.0902286 1500 
0.995741 0.646432 1500 1500 0.0460986 0.0444352 0.0440674 9.94803 0.0958154 2.10937 0.0902286 1500 
0.995747 0.617492 1500 1500 0.0460986 0.0444352 0.0440674 1.03477 0.0958154 1500 0.0902286 1500 
0.995213 0.657443 1500 1500 0.0988232 0.0444352 0.0459607 1500 0.0830984 1.81708 0.14311 1500 
0.995746 0.632456 1500 1500 0.0460986 0.0444352 0.0440674 2.6212 0.0683501 1500 0.0902286 1500 
0.995747 0.617495 1500 1500 0.0460986 0.0444352 0.0440674 1.03477 0.0958154 1500 0.0902286 1500 
0.995741 0.646438 1500 1500 0.0460986 0.0444352 0.0440674 9.94803 0.0958154 1500 0.0902286 1500 
0.995747 0.617712 1500 1500 0.0460986 0.0444352 0.0440674 1.03477 0.0958154 0.0636475 0.222613 1500 
0.995739 0.648332 1500 1500 0.0460986 0.0444352 0.0440674 13.6542 0.0964557 1.3988 0.0902286 1500 
0.995675 0.656101 1500 1500 0.0988232 0.0444352 0.0440674 52.6037 0.0964557 1.99147 0.222613 1500 
0.995748 0.60423 1500 1500 0.0460986 0.0444352 0.0440674 0.386698 0.0620485 4.19693 0.0902286 1500 
0.995047 0.659615 1500 1500 0.0988232 0.0444352 0.0459607 1500 0.0620485 1500 0.35587 1500 
0.995748 0.597322 1500 1500 0.0460986 0.0444352 0.0440674 0.191777 0.0620485 2.10937 0.0902286 1500 
0.995671 0.65668 1500 1500 0.0988232 0.0444352 0.0440674 52.6037 0.0620485 1500 0.249206 1500 
0.995745 0.638295 1500 1500 0.0460986 0.0444352 0.0440674 4.17761 0.0958154 0.20645 0.0902286 1500 
0.995748 0.587943 1500 1500 0.0460986 0.0444352 0.0440674 0.0490398 0.0958154 0.147435 0.0902286 1500 
0.995737 0.649461 1500 1500 0.0460986 0.0444352 0.0440674 17.0674 0.0964557 1500 0.0902286 1500 
0.995745 0.632496 1500 1500 0.0460986 0.0444352 0.0440674 2.6212 0.0871972 1500 0.249206 1500 
0.995741 0.646407 1500 1500 0.0460986 0.0444352 0.0440674 9.94803 0.0958154 1500 0.0902286 1500 
0.995743 0.643231 1500 1500 0.0460986 0.0444352 0.0440674 6.95655 0.115605 1500 0.0902286 1500 
0.995748 0.604082 1500 1500 0.0452931 0.0444352 0.0440674 0.386698 0.0683501 5.76481 0.0902286 1500 
0.995746 0.631652 1500 1500 0.0460986 0.0444352 0.0440674 2.6212 0.115605 1500 0.0902286 1500 
0.995739 0.648363 1500 1500 0.0460986 0.0444352 0.0440674 13.6542 0.0964557 1500 0.0902286 1500 
0.995747 0.632029 1500 1500 0.0452931 0.0444352 0.0440674 2.6212 0.0964557 1500 0.0902286 1500 
0.995745 0.632564 1500 1500 0.0460986 0.0444352 0.0440674 2.6212 0.0871972 1500 0.222613 1500 
0.995741 0.646413 1500 1500 0.0460986 0.0444352 0.0440674 9.94803 0.0964557 2.10937 0.0902286 1500 
0.995747 0.617469 1500 1500 0.0460986 0.0444352 0.0440674 1.03477 0.0964557 1500 0.0902286 1500 
0.995747 0.617476 1500 1500 0.0452931 0.0444352 0.0440674 1.03477 0.0964557 1500 0.222613 1500 
0.995747 0.632167 1500 1500 0.0452931 0.0444352 0.0440674 2.6212 0.0871972 1500 0.0902286 1500 
0.995748 0.596439 1500 1500 0.0460986 0.0444352 0.0440674 0.191777 0.0958154 2.10937 0.0902286 1500 
0.995748 0.60936 1500 1500 0.0452931 0.0444352 0.0440674 0.600129 0.0871972 0.147435 0.0902286 1500 
0.995748 0.604239 1500 1500 0.0460986 0.0444352 0.0440674 0.386698 0.0620485 1500 0.0902286 1500 
0.995743 0.643212 1500 1500 0.0460986 0.0444352 0.0440674 6.95655 0.115605 1500 0.0902286 1500 
0.995747 0.609847 1500 1500 0.0460986 0.0444352 0.0440674 0.600129 0.0665208 1500 0.0902286 1500 
0.995739 0.647157 1500 1500 0.0460986 0.0444352 0.0440674 9.94803 0.0683501 1500 0.222613 1500 
0.995747 0.604386 1500 1500 0.0460986 0.0444352 0.0440674 0.444654 0.115605 1.99147 0.222613 1500 
0.995748 0.588405 1500 1500 0.0460986 0.0444352 0.0440674 0.0528153 0.0964557 1500 0.0902286 1500 
0.995747 0.607255 1500 1500 0.0460986 0.0444352 0.0440674 0.494125 0.0620485 1500 0.0902286 1500 
0.995748 0.603418 1500 1500 0.0460986 0.0444352 0.0440674 0.386698 0.0958154 1500 0.0902286 1500 
0.995747 0.617382 1500 1500 0.0460986 0.0444352 0.0440674 1.03477 0.100235 1500 0.0902286 1500 
0.995741 0.646396 1500 1500 0.0460986 0.0444352 0.0440674 9.94803 0.0958154 1500 0.0902286 1500 
0.995747 0.617489 1500 1500 0.0460986 0.0444352 0.0440674 1.03477 0.0958154 1.18216 0.0902286 1500 
0.995748 0.590911 1500 1500 0.0460986 0.0444352 0.0440674 0.0689439 0.0665208 1500 0.0902286 1500 
0.995748 0.59734 1500 1500 0.0460986 0.0444352 0.0440674 0.191777 0.0620485 1500 0.0902286 1500 
0.995747 0.617686 1500 1500 0.0460986 0.0444352 0.0440674 1.03477 0.0964557 0.898013 0.169554 1500 
0.995747 0.60486 1500 1500 0.0460986 0.0444352 0.0440674 0.56373 0.196876 0.100583 0.0902286 1500 
0.995734 0.64985 1500 1500 0.0460986 0.0444352 0.0459607 19.0447 0.100235 1500 0.0902286 1500 
0.995747 0.618467 1500 1500 0.0460986 0.0444352 0.0440674 1.03477 0.0688416 1500 0.178974 1500 
0.995747 0.617486 1500 1500 0.0460986 0.0444352 0.0440674 1.03477 0.0958154 8.01547 0.0902286 1500 
0.995747 0.624281 1500 1500 0.0452931 0.0444352 0.0440674 1.58503 0.0958154 1.81708 0.0902286 1500 
0.995747 0.609417 1500 1500 0.0460986 0.0444352 0.0440674 0.600129 0.0871972 0.0732891 0.0902286 1500 
0.995648 0.657293 1500 1500 0.0988232 0.0444352 0.0483694 79.3504 0.0665208 1500 0.249206 1500 
0.995739 0.647136 1500 1500 0.0460986 0.0444352 0.0440674 9.94803 0.0740807 1500 0.249206 1500 
0.995748 0.616765 1500 1500 0.0452931 0.0444352 0.0440674 1.03477 0.115605 1500 0.06574 1500 
0.99574 0.646773 1500 1500 0.0452931 0.0444352 0.0440674 9.94803 0.0620485 5.76481 0.14311 1500 
0.995746 0.631649 1500 1500 0.0460986 0.0444352 0.0440674 2.6212 0.115605 67.5818 0.0902286 1500 
0.995741 0.646398 1500 1500 0.0460986 0.0444352 0.0440674 9.94803 0.0964557 1500 0.0902286 1500 
0.995747 0.60946 1500 1500 0.0468027 0.0444352 0.0440674 0.600129 0.0871972 0.0546336 0.0902286 1500 
0.995748 0.605022 1500 1500 0.0460986 0.0444352 0.0440674 0.413318 0.0620485 1500 0.0902286 1500 
0.995747 0.61833 1500 1500 0.0452931 0.0444352 0.0440674 1.03477 0.0683501 2.10937 0.169554 1500 
0.99574 0.646265 1500 1500 0.0452931 0.0444352 0.0459607 9.94803 0.0958154 1.69474 0.0902286 1500 
0.995743 0.643575 1500 1500 0.0460986 0.0444352 0.0440674 6.95655 0.0958154 2.10937 0.0902286 1500 
0.995743 0.643508 1500 1500 0.0460986 0.0444352 0.0440674 6.95655 0.100235 0.20645 0.0902286 1500 
0.995745 0.634872 1500 1500 0.0468027 0.0444352 0.0440674 3.10621 0.0665208 1500 0.0902286 1500 
0.995746 0.632418 1500 1500 0.0460986 0.0444352 0.0440674 2.6212 0.0620485 1500 0.0902286 1500 
0.995743 0.643693 1500 1500 0.0460986 0.0444352 0.0440674 6.95655 0.0620485 1500 0.0902286 1500 
0.995747 0.609459 1500 1500 0.0468027 0.0444352 0.0440674 0.600129 0.0871972 1500 0.0902286 1500 
0.995747 0.609424 1500 1500 0.0460986 0.0444352 0.0440674 0.600129 0.0871972 4.19693 0.0902286 1500 
0.995745 0.636466 1500 1500 0.0460986 0.0444352 0.0440674 3.52118 0.0683501 5.76481 0.0902286 1500 
0.995745 0.632699 1500 1500 0.0468027 0.0444352 0.0440674 2.6212 0.0871972 1500 0.178974 1500 
0.995653 0.656936 1500 1500 0.121634 0.0444352 0.0483694 52.6037 0.0740807 1500 0.255722 1500 
0.995747 0.617696 1500 1500 0.0460986 0.0444352 0.0440674 1.03495 0.0871972 0.454231 0.0902286 1500 
0.99574 0.646921 1500 1500 0.0468027 0.0444352 0.0440674 10.6376 0.0958154 0.265019 0.0902286 1500 
0.995743 0.644224 1500 1500 0.0460986 0.0444352 0.0440674 7.78817 0.0964557 1500 0.0580269 1500 
0.995747 0.604178 1500 1500 0.0468027 0.0444352 0.0440674 0.386698 0.0683501 1500 0.0902286 1500 
0.995746 0.632414 1500 1500 0.0460986 0.0444352 0.0440674 2.6212 0.0620485 1500 0.0902286 1500 
0.995747 0.610326 1500 1500 0.0460986 0.0444352 0.0440674 1.03477 0.308114 1.81708 0.0902286 1500 
0.995747 0.610299 1500 1500 0.0452931 0.0444352 0.0440674 1.03477 0.306093 2.10937 0.0902286 1500 
0.995747 0.617476 1500 1500 0.0460986 0.0444352 0.0440674 1.03477 0.0964557 4.19693 0.0902286 1500 
0.995743 0.643227 1500 1500 0.0460986 0.0444352 0.0440674 6.95655 0.115605 1500 0.0902286 1500 
0.995747 0.610347 1500 1500 0.0460986 0.0444352 0.0440674 0.600129 0.0665208 0.0506881 0.178974 1500 
0.995747 0.62436 1500 1500 0.0460986 0.0444352 0.0440674 1.58503 0.0958154 1500 0.0902286 1500 
0.995748 0.617156 1500 1500 0.0452931 0.0444352 0.0440674 1.03477 0.0958154 1500 0.0544743 1500 
0.995748 0.603823 1500 1500 0.0452931 0.0444352 0.0440674 0.386698 0.0871972 0.082352 0.14311 1500 
0.995744 0.639484 1500 1500 0.0468027 0.0444352 0.0440674 4.52652 0.0620485 1500 0.0902286 1500 
0.995202 0.657864 1500 1500 0.0988232 0.0444352 0.0440674 1500 0.0964794 2.10937 0.17784 1500 
0.995735 0.649981 1500 1500 0.0452931 0.0444352 0.0440674 19.0447 0.0683501 1500 0.0902286 1500 
0.995741 0.646468 1500 1500 0.0460986 0.0444352 0.0440674 9.94803 0.0620485 1.69474 0.0902286 1500 
0.995746 0.619723 1500 1500 0.0460986 0.0444352 0.0440674 1.17454 0.0958154 1500 0.222613 1500 
0.995746 0.632115 1500 1500 0.0460986 0.0444352 0.0440674 2.6212 0.0958154 0.0857266 0.0902286 1500 
0.995747 0.61807 1500 1500 0.0460986 0.0444352 0.0440674 1.03477 0.0620485 1500 0.0902286 1500 
0.995747 0.632024 1500 1500 0.0452931 0.0444352 0.0440674 2.6212 0.0964794 0.898013 0.0902286 1500 
0.995739 0.647101 1500 1500 0.0460986 0.0444352 0.0440674 9.94803 0.0620485 0.100583 0.222613 1500 
0.995748 0.604081 1500 1500 0.0452931 0.0444352 0.0440674 0.386698 0.0683501 5.76481 0.0902286 1500 
0.995748 0.604229 1500 1500 0.0460986 0.0444352 0.0440674 0.386698 0.0620485 1500 0.0902286 1500 
0.995741 0.646389 1500 1500 0.0460986 0.0444352 0.0440674 9.94803 0.0958154 0.898013 0.0902286 1500 
0.995747 0.618475 1500 1500 0.0460986 0.0444352 0.0440674 1.03477 0.0683501 2.10937 0.169554 1500 
0.995746 0.63247 1500 1500 0.0460986 0.0444352 0.0440674 2.6212 0.0665208 1500 0.0902286 1500 
0.995722 0.652238 1500 1500 0.0468027 0.0444352 0.0440674 36.6636 0.0683501 1500 0.0902286 1500 
0.995737 0.649177 1500 1500 0.0460986 0.0444352 0.0440674 14.1647 0.0860713 1500 0.17784 1500 
0.995747 0.617961 1500 1500 0.0460986 0.0444352 0.0440674 1.03477 0.0871972 0.0644608 0.14311 1500 
0.995731 0.650704 1500 1500 0.0460986 0.0444352 0.0459607 23.3211 0.0958154 1500 0.0902286 1500 
0.9952 0.657889 1500 1500 0.0988232 0.0444352 0.0440674 1500 0.0958154 1500 0.178974 1500 
0.995746 0.625311 1500 1500 0.0460986 0.0444352 0.0440674 1.58503 0.0665208 0.0546336 0.222613 1500 
0.995748 0.604026 1500 1500 0.0460986 0.0444352 0.0440674 0.428618 0.115605 0.391374 0.0902286 1500 
0.995746 0.637781 1500 1500 0.0452931 0.0444352 0.0440674 4.17761 0.115605 1500 0.0902286 1500 
0.995748 0.590536 1500 1500 0.0460986 0.0444352 0.0440674 0.0770554 0.0964557 1500 0.0902286 1500 
0.995745 0.638533 1500 1500 0.0460986 0.0444352 0.0440674 4.17761 0.0683501 1500 0.0902286 1500 
0.995741 0.646807 1500 1500 0.0452931 0.0444352 0.0440674 9.94803 0.0688416 2.10937 0.130693 1500 
0.995741 0.646528 1500 1500 0.0460986 0.0444352 0.0440674 9.94803 0.0665208 0.147435 0.0902286 1500 
0.995747 0.608562 1500 1500 0.0460986 0.0444352 0.0440674 0.600129 0.115605 0.265019 0.0902286 1500 
0.995746 0.632335 1500 1500 0.0452931 0.0444352 0.0440674 2.6212 0.0871972 1500 0.249206 1500 
0.995747 0.618116 1500 1500 0.0468027 0.0444352 0.0440674 1.03477 0.0620485 1500 0.0902286 1500 
0.995746 0.632373 1500 1500 0.0452931 0.0444352 0.0440674 2.6212 0.0683501 1500 0.0902286 1500 
0.995748 0.588744 1500 1500 0.0460986 0.0444352 0.0440674 0.0536367 0.0903154 1500 0.0902286 1500 
0.995745 0.632488 1500 1500 0.0468027 0.0444352 0.0440674 2.6212 0.0620485 0.0644608 0.0902286 1500 
0.995747 0.609461 1500 1500 0.0468027 0.0444352 0.0440674 0.600129 0.0871972 0.147435 0.0902286 1500 
0.995746 0.634483 1500 1500 0.0460986 0.0444352 0.0440674 3.10621 0.0958154 0.793701 0.0902286 1500 
0.995747 0.624258 1500 1500 0.0460986 0.0444352 0.0440674 1.58503 0.100235 0.0636475 0.0902286 1500 
0.995743 0.643631 1500 1500 0.0452931 0.0444352 0.0440674 6.95655 0.0620485 0.082352 0.0902286 1500 
0.99574 0.646596 1500 1500 0.0468027 0.0444352 0.0440674 9.94803 0.0665208 2.10937 0.0902286 1500 
0.995748 0.596884 1500 1500 0.0460986 0.0444352 0.0440674 0.191477 0.0871972 1500 0.14311 1500 
0.995127 0.659165 1500 1500 0.102795 0.0444352 0.0440674 1500 0.0688416 0.082352 0.255722 1500 
0.995741 0.646353 1500 1500 0.0460986 0.0444352 0.0440674 9.94803 0.100235 1500 0.0902286 1500 
0.995748 0.59734 1500 1500 0.0460986 0.0444352 0.0440674 0.191777 0.0620485 1.77265 0.0902286 1500 
0.995746 0.631769 1500 1500 0.0452931 0.0444352 0.0440674 2.6212 0.049372 1500 0.0902286 1500 
0.995748 0.594141 1500 1500 0.0460986 0.0444352 0.0440674 0.121902 0.0620485 1500 0.0902286 1500 
0.995748 0.604066 1500 1500 0.0452931 0.0444352 0.0440674 0.386698 0.0683501 6.80575 0.0902286 1500 
0.995222 0.65732 1500 1500 0.102795 0.0444352 0.0440674 1500 0.0958154 1500 0.14311 1500 
0.995747 0.609844 1500 1500 0.0460986 0.0444352 0.0440674 0.600129 0.0665208 1500 0.0902286 1500 
0.995744 0.639016 1500 1500 0.0460986 0.0444352 0.0440674 4.17761 0.0683501 14.61 0.249206 1500 
0.995186 0.658027 1500 1500 0.0988232 0.0444352 0.0459607 1500 0.100235 1500 0.197274 1500 
0.995141 0.65896 1500 1500 0.0988232 0.0449064 0.0440674 1500 0.0830984 9.27513 0.255722 1500 
0.995746 0.633846 1500 1500 0.0460986 0.0444352 0.0440674 3.10621 0.115605 41.2493 0.0569371 1500 
0.995746 0.632157 1500 1500 0.0468027 0.0444352 0.0440674 2.6212 0.0964557 9.29961 0.0902286 1500 
0.995075 0.659466 1500 1500 0.102795 0.0444352 0.0440674 1500 0.0871972 1.18216 0.35587 1500 
0.995747 0.617692 1500 1500 0.0460986 0.0444352 0.0440674 1.03477 0.0964557 1500 0.169554 1500 
0.995728 0.65169 1500 1500 0.0460986 0.0444352 0.0440674 31.6607 0.0958154 0.082352 0.0902286 1500 
0.995731 0.650976 1500 1500 0.0460986 0.0444352 0.0440674 27.4883 0.115605 1500 0.0902286 1500 
0.995741 0.646476 1500 1500 0.0468027 0.0444352 0.0440674 9.94803 0.0958154 1500 0.0902286 1500 
0.995747 0.609885 1500 1500 0.0460986 0.0444352 0.0440674 0.600129 0.0620485 1500 0.0902286 1500 
0.99574 0.646949 1500 1500 0.0468027 0.0444352 0.0440674 10.6376 0.0958154 0.0636475 0.0902286 1500 
0.995747 0.631572 1500 1500 0.0452931 0.0444352 0.0440674 2.6212 0.115605 0.193827 0.0902286 1500 
0.995746 0.632152 1500 1500 0.0468027 0.0444352 0.0440674 2.6212 0.0958154 1.81708 0.0902286 1500 
0.995747 0.607407 1500 1500 0.0460986 0.0444352 0.0440674 0.52932 0.0964557 1500 0.0902286 1500 
0.995747 0.623907 1500 1500 0.0460986 0.0444352 0.0440674 1.58503 0.113695 1.81708 0.0902286 1500 
0.995745 0.6385 1500 1500 0.0460986 0.0444352 0.0440674 4.17761 0.0860713 1500 0.10003 1500 
0.995747 0.618106 1500 1500 0.0468027 0.0444352 0.0440674 1.03477 0.0620485 1500 0.0902286 1500 
0.995739 0.647341 1500 1500 0.0468027 0.0444352 0.0440674 9.94803 0.0665208 0.0587703 0.222613 1500 
0.995747 0.624352 1500 1500 0.0460986 0.0444352 0.0440674 1.58503 0.0964557 1500 0.0902286 1500 
0.99574 0.646814 1500 1500 0.0452931 0.0444352 0.0440674 9.94803 0.0871972 2.10937 0.197274 1500 
0.995748 0.59463 1500 1500 0.0452931 0.0444352 0.0440674 0.15374 0.0964557 1500 0.0902286 1500 
0.995747 0.606501 1500 1500 0.0460986 0.0444352 0.0440674 0.494125 0.0964557 1.81708 0.0902286 1500 
0.995741 0.645335 1500 1500 0.0468027 0.0444352 0.0440674 8.51718 0.0683501 1500 0.0759701 1500 
0.995141 0.658914 1500 1500 0.0988232 0.0444352 0.0456626 1500 0.0818838 0.454231 0.249206 1500 
0.995747 0.61736 1500 1500 0.0460986 0.0444352 0.0440674 1.03477 0.100235 1500 0.0902286 1500 
0.995709 0.653866 1500 1500 0.0523017 0.0444352 0.0440674 52.6037 0.0958154 1.99147 0.14311 1500 
0.995741 0.646466 1500 1500 0.0460986 0.0444352 0.0440674 9.94803 0.0620485 1500 0.0902286 1500 
0.995748 0.597346 1500 1500 0.0460986 0.0444352 0.0440674 0.191777 0.0620485 1500 0.0902286 1500 
0.995746 0.634045 1500 1500 0.0460986 0.0444352 0.0440674 3.10621 0.115605 0.0546336 0.0902286 1500 
0.995747 0.617209 1500 1500 0.0460986 0.0444352 0.0440674 1.03477 0.0964557 1500 0.0569371 1500 
0.995721 0.652536 1500 1500 0.0460986 0.0444352 0.0440674 36.1585 0.0620485 1500 0.14311 1500 
0.995745 0.63819 1500 1500 0.0460986 0.0444352 0.0440674 4.17761 0.0958154 1500 0.0790809 1500 
0.995741 0.646419 1500 1500 0.0460986 0.0444352 0.0440674 9.94803 0.0958154 1500 0.0902286 1500 
0.995748 0.617278 1500 1500 0.0452931 0.0444352 0.0440674 1.03477 0.100235 1500 0.0902286 1500 
0.995748 0.604152 1500 1500 0.0452931 0.0444352 0.0440674 0.386698 0.0620485 2.10937 0.0902286 1500 
0.995747 0.618085 1500 1500 0.0468027 0.0444352 0.0440674 1.03477 0.0683501 1500 0.0902286 1500 
0.995746 0.618586 1500 1500 0.0460986 0.0444352 0.0440674 1.03477 0.0620485 1500 0.222613 1500 
0.995739 0.647181 1500 1500 0.0460986 0.0444352 0.0440674 9.94803 0.0683501 1.17187 0.222613 1500 
0.995747 0.632185 1500 1500 0.0452931 0.0444352 0.0440674 2.6212 0.0871972 1500 0.0902286 1500 
0.995739 0.647343 1500 1500 0.0468027 0.0444352 0.0440674 9.94803 0.0665208 1500 0.222613 1500 
0.995745 0.634616 1500 1500 0.0460986 0.0444352 0.0440674 3.10621 0.0958154 0.518566 0.241995 1500 
0.995748 0.617406 1500 1500 0.0452931 0.0444352 0.0440674 1.03477 0.0958154 2.10937 0.0902286 1500 
0.995747 0.620432 1500 1500 0.0460986 0.0444352 0.0440674 1.17454 0.073267 1.04499 0.176889 1500 
0.995201 0.657884 1500 1500 0.0988232 0.0444352 0.0440674 1500 0.0958154 1500 0.178974 1500 
0.995741 0.646447 1500 1500 0.0460986 0.0444352 0.0440674 9.94803 0.0620485 0.239115 0.0902286 1500 
0.995747 0.625127 1500 1500 0.0452931 0.0444352 0.0440674 1.58503 0.0683501 1500 0.222613 1500 
0.995746 0.634333 1500 1500 0.0460986 0.0444352 0.0440674 3.10621 0.103512 1500 0.0902286 1500 
0.995746 0.634815 1500 1500 0.0460986 0.0444352 0.0440674 3.10621 0.0665208 0.898013 0.0902286 1500 
0.995746 0.62223 1500 1500 0.0468027 0.0444352 0.0440674 1.3854 0.0964557 1500 0.0902286 1500 
0.995748 0.617992 1500 1500 0.0452931 0.0444352 0.0440674 1.03477 0.0620485 1500 0.0902286 1500 
0.995747 0.617204 1500 1500 0.0460986 0.0444352 0.0440674 1.03477 0.0964557 2.10937 0.0544743 1500 
0.995746 0.632466 1500 1500 0.0460986 0.0444352 0.0440674 2.6212 0.0683501 62.919 0.0902286 1500 
0.995739 0.647059 1500 1500 0.0460986 0.0444352 0.0440674 9.94803 0.0620485 1500 0.17784 1500 
0.995748 0.61762 1500 1500 0.0452931 0.0444352 0.0440674 1.03477 0.0871972 1500 0.0902286 1500 
0.995748 0.587421 1500 1500 0.0460986 0.0444352 0.0440674 0.0461563 0.0958154 1500 0.0902286 1500 
0.995746 0.632484 1500 1500 0.0460986 0.0444352 0.0440674 2.6212 0.0871972 1500 0.130693 1500 
0.995733 0.650091 1500 1500 0.0468027 0.0444352 0.0459607 19.0447 0.0871972 0.391374 0.0902286 1500 
0.995743 0.643598 1500 1500 0.0452931 0.0444352 0.0440674 6.95655 0.0620485 0.082352 0.0902286 1500 
0.995746 0.62488 1500 1500 0.0468027 0.0444352 0.0440674 1.58503 0.0683501 1500 0.0902286 1500 
0.995741 0.646393 1500 1500 0.0460986 0.0444352 0.0440674 9.94803 0.0964557 0.900475 0.0902286 1500 
0.995743 0.644516 1500 1500 0.0452931 0.0444352 0.0440674 8.18962 0.115605 0.0644608 0.0902286 1500 
0.995748 0.591348 1500 1500 0.0460986 0.0444352 0.0440674 0.0737447 0.0620485 1.77265 0.0902286 1500 
0.995745 0.632497 1500 1500 0.0468027 0.0444352 0.0440674 2.6212 0.0620485 1500 0.0902286 1500 
0.995748 0.607024 1500 1500 0.0452931 0.0444352 0.0440674 0.494125 0.0871972 0.193827 0.197274 1500 
0.995748 0.605702 1500 1500 0.0452931 0.0444352 0.0440674 0.421703 0.0620485 1.17187 0.222613 1500 
0.995741 0.646398 1500 1500 0.0460986 0.0444352 0.0440674 9.94803 0.0958154 2.10937 0.0902286 1500 
0.995747 0.609161 1500 1500 0.0460986 0.0444352 0.0440674 0.600129 0.0964557 1500 0.0902286 1500 
0.995745 0.632977 1500 1500 0.0460986 0.0444352 0.0440674 2.6212 0.0665208 0.0546336 0.222613 1500 
0.995746 0.632407 1500 1500 0.0460986 0.0444352 0.0440674 2.6212 0.0620485 2.10937 0.0902286 1500 
0.995746 0.61951 1500 1500 0.0460986 0.0444352 0.0440674 1.17454 0.100235 1500 0.222613 1500 
0.995741 0.646415 1500 1500 0.0460986 0.0444352 0.0440674 9.94803 0.0958154 1500 0.0902286 1500 
0.995745 0.632488 1500 1500 0.0468027 0.0444352 0.0440674 2.6212 0.0620485 1.85486 0.0902286 1500 
0.995747 0.616811 1500 1500 0.0460986 0.0444352 0.0440674 1.03477 0.115605 1500 0.06574 1500 
0.995741 0.646394 1500 1500 0.0460986 0.0444352 0.0440674 9.94803 0.0958154 1500 0.0902286 1500 
0.995728 0.651294 1500 1500 0.0460986 0.0450789 0.0440674 30.0668 0.115605 1500 0.0902286 1500 
0.995741 0.646394 1500 1500 0.0460986 0.0444352 0.0440674 9.94803 0.0958154 2.10937 0.0902286 1500 
0.995741 0.646485 1500 1500 0.0452931 0.0444352 0.0440674 9.94803 0.0740807 1500 0.0902286 1500 
