0.392425 0.0314193 149.27 
0.384339 0.0646703 69.5589 
0.375697 0.0979007 43.9557 
0.227318 0.409012 4.86322 
0.394937 0.0206393 230.208 
0.162837 0.438851 3.06026 
0.395454 0.0183958 258.976 
0.394871 0.0209264 226.972 
0.393178 0.028209 166.906 
0.394658 0.0218458 217.181 
0.395709 0.017283 276.017 
0.173909 0.437487 3.30266 
0.334289 0.228588 15.2512 
0.391831 0.0339366 137.774 
0.25599 0.378329 6.14985 
0.389163 0.045095 102.264 
0.261426 0.371208 6.45201 
0.326821 0.24779 13.5463 
0.176184 0.437012 3.35508 
0.351042 0.180939 20.9763 
0.222412 0.413151 4.68326 
0.384794 0.0628585 71.7313 
0.304519 0.298384 10.0417 
0.281821 0.340515 7.82828 
0.19029 0.4326 3.70282 
0.39607 0.0157076 304.268 
0.319832 0.264702 12.2385 
0.162944 0.438845 3.06252 
0.352621 0.176104 21.7256 
0.372721 0.108821 38.9471 
0.397501 0.0094108 511.641 
0.355114 0.168338 23.0175 
0.377819 0.0899569 48.3598 
0.321346 0.261123 12.5021 
0.336808 0.221836 15.9174 
0.388871 0.0462995 99.4534 
0.389127 0.045245 101.905 
0.187538 0.433658 3.6317 
0.228786 0.407712 4.91898 
0.354847 0.169179 22.872 
0.255251 0.379265 6.11045 
0.239742 0.397102 5.36602 
0.37836 0.0879059 49.6258 
0.380861 0.0783243 56.4155 
0.305683 0.295979 10.1837 
0.248659 0.387258 5.77596 
0.396202 0.0151286 316.13 
0.376977 0.0931234 46.5145 
0.392384 0.0315927 148.419 
0.395722 0.0172273 276.927 
0.381585 0.0755141 58.7329 
0.173567 0.437553 3.29485 
0.39724 0.010563 455.217 
0.391449 0.0355478 131.269 
0.34877 0.18779 19.9793 
0.386966 0.0541053 84.2732 
0.176347 0.436975 3.35888 
0.358035 0.159041 24.7274 
0.384157 0.0653974 68.7209 
0.389077 0.0454515 101.416 
0.391147 0.0368174 126.546 
0.174475 0.437375 3.31562 
0.320665 0.262737 12.3824 
0.395882 0.0165279 288.885 
0.19254 0.431664 3.76226 
0.397279 0.0103915 462.823 
0.397248 0.0105307 456.629 
0.375115 0.100057 42.8804 
0.367575 0.127098 32.4821 
0.372904 0.108158 39.2225 
0.394088 0.0243064 194.619 
0.379525 0.083466 52.5786 
0.390911 0.0378091 123.076 
0.372433 0.109866 38.5202 
0.393659 0.0261526 180.479 
0.288637 0.328785 8.399 
0.397804 0.00806833 597.711 
0.396554 0.0135868 352.647 
0.362709 0.143699 28.0259 
0.286456 0.332623 8.20894 
0.192959 0.431483 3.77347 
0.381088 0.0774454 57.1222 
0.396207 0.0151088 316.552 
0.397386 0.00992126 485.026 
0.311186 0.28427 10.9053 
0.34539 0.197752 18.6503 
0.350651 0.182129 20.7979 
0.33457 0.22784 15.3231 
0.250246 0.38539 5.85384 
0.394003 0.0246736 191.638 
0.397655 0.00872885 552.055 
0.384268 0.0649542 69.2294 
0.397309 0.0102595 468.848 
0.381597 0.0754677 58.7725 
0.329639 0.240684 14.1471 
0.368648 0.12335 33.6526 
0.313181 0.279884 11.1894 
0.375722 0.0978086 44.0027 
0.381638 0.0753054 58.9119 
0.388209 0.0490249 93.6044 
0.263204 0.368785 6.55591 
0.160872 0.438926 3.01931 
0.22786 0.408536 4.88368 
0.28774 0.330374 8.3199 
0.393955 0.0248805 189.997 
0.380761 0.0787087 56.1114 
0.397899 0.00764549 631.08 
0.368019 0.125552 32.9562 
0.396157 0.0153254 311.998 
0.384997 0.0620451 72.7478 
0.388603 0.0474041 97.0019 
0.353149 0.174473 21.9875 
0.391524 0.0352323 132.496 
0.384113 0.0655714 68.523 
0.281821 0.340515 7.82828 
0.390295 0.0403874 114.853 
0.374586 0.102011 41.9454 
0.386985 0.0540288 84.4008 
0.363893 0.139718 28.9987 
0.270494 0.358352 7.01128 
0.396743 0.0127525 376.088 
0.38156 0.0756094 58.6514 
0.392869 0.0295282 159.195 
0.328999 0.242313 14.0064 
0.39613 0.0154449 309.54 
0.219531 0.415435 4.58196 
0.389869 0.0421649 109.769 
0.235806 0.4011 5.19879 
0.386753 0.0549685 82.859 
0.388821 0.0465081 98.9815 
0.396184 0.0152061 314.489 
0.393988 0.0247392 191.115 
0.350554 0.18242 20.7545 
0.368854 0.122626 33.8869 
0.371884 0.111848 37.7314 
0.298114 0.311177 9.31804 
0.311485 0.283617 10.9471 
0.394536 0.0223739 211.921 
0.395961 0.016183 295.164 
0.3897 0.0428681 107.874 
0.395617 0.0176836 269.635 
0.232108 0.404665 5.0486 
0.232361 0.404427 5.05867 
0.380251 0.0806778 54.5987 
0.395956 0.0162039 294.776 
0.305807 0.29572 10.1991 
0.275657 0.350472 7.36549 
0.36375 0.140201 28.8779 
0.394799 0.0212392 223.545 
0.358409 0.157836 24.9635 
0.300322 0.306851 9.55702 
0.393742 0.025793 183.074 
0.338241 0.217932 16.3208 
0.393497 0.0268462 175.668 
0.203992 0.425909 4.08425 
0.342466 0.206148 17.6273 
0.229857 0.406746 4.96022 
0.169928 0.438159 3.21315 
0.397871 0.0077698 620.893 
0.243806 0.392752 5.54724 
0.370486 0.116854 35.8581 
0.396953 0.0118283 405.914 
0.379114 0.0850399 51.4967 
0.36075 0.150198 26.5472 
0.313486 0.279205 11.2341 
0.381023 0.0776954 56.9195 
0.395467 0.0183383 259.806 
0.283216 0.338177 7.93969 
0.395246 0.0192991 246.589 
0.350326 0.183113 20.6521 
0.275118 0.351315 7.32714 
0.269044 0.360491 6.91675 
0.388305 0.048634 94.403 
0.342697 0.205493 17.7042 
0.180833 0.435836 3.46521 
0.191557 0.432081 3.73615 
0.338395 0.217508 16.3654 
0.303548 0.300372 9.92581 
0.397721 0.00843433 571.529 
0.360167 0.152115 26.135 
0.3812 0.0770079 57.48 
0.223183 0.412522 4.71091 
0.285323 0.334585 8.11308 
0.396373 0.0143798 332.887 
0.391978 0.0333132 140.459 
0.393405 0.0272398 173.048 
0.340389 0.211993 16.9617 
0.265318 0.365843 6.68295 
0.344642 0.199917 18.3784 
0.374624 0.101871 42.0113 
0.388059 0.0496413 92.3705 
0.397722 0.00843036 571.801 
0.346892 0.19336 19.2198 
0.23567 0.401234 5.19316 
0.397788 0.00813811 592.538 
0.273479 0.353847 7.21259 
0.385883 0.0584873 77.5258 
0.377341 0.0917556 47.296 
0.39209 0.0328416 142.558 
0.397963 0.00736048 655.735 
0.381326 0.0765188 57.8848 
0.382146 0.0733225 60.6631 
0.375558 0.098417 43.694 
0.28 0.34352 7.68668 
0.346999 0.193044 19.2617 
0.374822 0.101139 42.3582 
0.349488 0.185639 20.2845 
0.38129 0.0766592 57.7681 
0.224805 0.411171 4.76986 
0.160163 0.438941 3.00467 
0.197671 0.42929 3.90236 
0.389824 0.0423531 109.256 
0.393483 0.0269066 175.261 
0.396699 0.012947 370.352 
0.334627 0.227688 15.3378 
0.384626 0.0635267 70.9156 
0.37755 0.0909688 47.7562 
0.390805 0.0382555 121.573 
0.218316 0.416366 4.54014 
0.391898 0.0336534 138.981 
0.226854 0.409418 4.84576 
0.353311 0.173971 22.0692 
0.392425 0.0314193 149.27 
0.388247 0.0488712 93.9169 
0.397975 0.00730972 660.328 
0.313221 0.279794 11.1953 
0.336156 0.223597 15.74 
0.390245 0.0405958 114.234 
0.271059 0.35751 7.04869 
0.273697 0.353512 7.22767 
0.240642 0.396159 5.40536 
0.396535 0.0136696 350.477 
0.275969 0.349982 7.38784 
0.274957 0.351565 7.31579 
0.371056 0.114819 36.5999 
0.396799 0.0125093 383.51 
0.397559 0.00915362 526.175 
0.340171 0.212599 16.8947 
0.351232 0.180362 21.0636 
0.378998 0.0854818 51.2 
0.398032 0.00705737 684.142 
0.390329 0.0402478 115.271 
0.318322 0.268223 11.9855 
0.388665 0.0471524 97.5504 
0.389586 0.0433395 106.639 
0.281821 0.340515 7.82828 
0.246171 0.390115 5.65695 
0.225118 0.410908 4.78132 
0.379585 0.0832373 52.7392 
0.364945 0.136152 29.9181 
0.363143 0.142244 28.3751 
0.391644 0.0347249 134.516 
0.371152 0.114476 36.7275 
0.395463 0.0183558 259.554 
0.274315 0.35256 7.27066 
0.397052 0.0113941 421.598 
0.284605 0.335816 8.05336 
0.392483 0.0311722 150.498 
0.289321 0.327566 8.4601 
0.248294 0.387683 5.75824 
0.362102 0.145724 27.5511 
0.383775 0.0669109 67.0348 
0.241566 0.395178 5.44622 
0.397408 0.00982172 489.998 
0.353319 0.173944 22.0735 
0.164208 0.438768 3.08919 
0.399599 4.86773e-05 100000 
0.286456 0.332623 8.20894 
0.28774 0.330374 8.3199 
0.353149 0.174473 21.9875 
0.397095 0.0112051 428.804 
0.389127 0.045245 101.905 
0.399599 4.86773e-05 100000 
0.391045 0.0372468 125.021 
0.398312 0.00581189 831.962 
0.322058 0.259424 12.6295 
0.397309 0.0102595 468.848 
0.399599 4.86773e-05 100000 
0.34877 0.18779 19.9793 
0.176184 0.437012 3.35508 
0.250246 0.38539 5.85384 
0.394871 0.0209264 226.972 
0.399599 4.86773e-05 100000 
0.33457 0.22784 15.3231 
0.399599 4.86773e-05 100000 
0.392448 0.0313192 149.765 
0.395258 0.0192469 247.274 
0.235806 0.4011 5.19879 
0.25599 0.378329 6.14985 
0.362709 0.143699 28.0259 
0.392868 0.0295319 159.174 
0.384268 0.0649542 69.2294 
0.386856 0.0545507 83.538 
0.329639 0.240684 14.1471 
0.374586 0.102011 41.9454 
0.399599 4.86773e-05 100000 
0.219531 0.415435 4.58196 
0.250246 0.38539 5.85384 
0.353149 0.174473 21.9875 
0.398126 0.00664019 727.478 
0.288637 0.328785 8.399 
0.380861 0.0783243 56.4155 
0.399599 4.86773e-05 100000 
0.397772 0.0082096 587.329 
0.399599 4.86773e-05 100000 
0.396157 0.0153254 311.998 
0.397159 0.010923 440.027 
0.388603 0.0474041 97.0019 
0.33457 0.22784 15.3231 
0.399599 4.86773e-05 100000 
0.388209 0.0490249 93.6044 
0.399599 4.86773e-05 100000 
0.399599 4.86773e-05 100000 
0.211509 0.421228 4.31537 
0.25783 0.375967 6.24958 
0.396157 0.0153254 311.998 
0.173909 0.437487 3.30266 
0.399599 4.86773e-05 100000 
0.392609 0.0306362 153.231 
0.264526 0.366953 6.6349 
0.255251 0.379265 6.11045 
0.397386 0.00992126 485.026 
0.286456 0.332623 8.20894 
0.396408 0.0142269 336.526 
0.397501 0.0094108 511.641 
0.399599 4.86773e-05 100000 
0.291132 0.324298 8.62557 
0.326821 0.24779 13.5463 
0.399599 4.86773e-05 100000 
0.396861 0.0122353 392.225 
0.381597 0.0754677 58.7725 
0.393988 0.0247392 191.115 
0.379525 0.083466 52.5786 
0.392869 0.0295282 159.195 
0.388209 0.0490249 93.6044 
0.395722 0.0172273 276.927 
0.399599 4.86773e-05 100000 
0.397655 0.00872885 552.055 
0.162837 0.438851 3.06026 
0.396157 0.0153254 311.998 
0.390125 0.0410983 112.767 
0.39423 0.0236944 199.793 
0.397501 0.0094108 511.641 
0.391831 0.0339366 137.774 
0.362709 0.143699 28.0259 
0.393955 0.0248805 189.997 
0.398524 0.0048672 994.534 
0.386966 0.0541053 84.2732 
0.228786 0.407712 4.91898 
0.22786 0.408536 4.88368 
0.377819 0.0899569 48.3598 
0.392869 0.0295282 159.195 
0.286456 0.332623 8.20894 
0.313181 0.279884 11.1894 
0.399599 4.86773e-05 100000 
0.393064 0.0286988 163.961 
0.39385 0.0253329 186.503 
0.393955 0.0248805 189.997 
0.390911 0.0378091 123.076 
0.25599 0.378329 6.14985 
0.281821 0.340515 7.82828 
0.19254 0.431664 3.76226 
0.255251 0.379265 6.11045 
0.395882 0.0165279 288.885 
0.388603 0.0474041 97.0019 
0.389163 0.045095 102.264 
0.397772 0.0082096 587.329 
0.263204 0.368785 6.55591 
0.397379 0.00995022 483.598 
0.25599 0.378329 6.14985 
0.393777 0.0256459 184.157 
0.193336 0.431318 3.78357 
0.39466 0.0218385 217.256 
0.393988 0.0247392 191.115 
0.263204 0.368785 6.55591 
0.350651 0.182129 20.7979 
0.399599 4.86773e-05 100000 
0.375697 0.0979007 43.9557 
0.397778 0.00818489 589.119 
0.39724 0.010563 455.217 
0.390863 0.0380131 122.385 
0.38156 0.0756094 58.6514 
0.399599 4.86773e-05 100000 
0.399599 4.86773e-05 100000 
0.391147 0.0368174 126.546 
0.397156 0.0109345 439.557 
0.338395 0.217508 16.3654 
0.39443 0.022833 207.545 
0.399599 4.86773e-05 100000 
0.19029 0.4326 3.70282 
0.248659 0.387258 5.77596 
0.273479 0.353847 7.21259 
0.239742 0.397102 5.36602 
0.394311 0.0233476 202.845 
0.394031 0.0245518 192.617 
0.173567 0.437553 3.29485 
0.393988 0.0247392 191.115 
0.399599 4.86773e-05 100000 
0.391831 0.0339366 137.774 
0.173567 0.437553 3.29485 
0.388871 0.0462995 99.4534 
0.173567 0.437553 3.29485 
0.39844 0.00523814 923.705 
0.397141 0.0109992 436.94 
0.187538 0.433658 3.6317 
0.396207 0.0151088 316.552 
0.372433 0.109866 38.5202 
0.392812 0.0297739 157.834 
0.381088 0.0774454 57.1222 
0.37836 0.0879059 49.6258 
0.397059 0.0113641 422.729 
0.180833 0.435836 3.46521 
0.384794 0.0628585 71.7313 
0.393988 0.0247392 191.115 
0.23103 0.40567 5.00601 
0.352621 0.176104 21.7256 
0.364945 0.136152 29.9181 
0.218316 0.416366 4.54014 
0.394088 0.0243064 194.619 
0.394311 0.0233476 202.845 
0.392576 0.0307754 152.512 
0.243806 0.392752 5.54724 
0.393034 0.0288267 163.208 
0.393544 0.0266444 177.042 
0.394737 0.021507 220.692 
0.396842 0.0123205 389.471 
0.255251 0.379265 6.11045 
0.399599 4.86773e-05 100000 
0.384268 0.0649542 69.2294 
0.399599 4.86773e-05 100000 
0.399599 4.86773e-05 100000 
0.219531 0.415435 4.58196 
0.392609 0.0306362 153.231 
0.399599 4.86773e-05 100000 
0.397506 0.00938751 512.924 
0.384268 0.0649542 69.2294 
0.224805 0.411171 4.76986 
0.391978 0.0333132 140.459 
0.3954 0.0186281 255.676 
0.398518 0.00489027 989.815 
0.36075 0.150198 26.5472 
0.390052 0.0414034 111.894 
0.384268 0.0649542 69.2294 
0.384157 0.0653974 68.7209 
0.274957 0.351565 7.31579 
0.288637 0.328785 8.399 
0.197671 0.42929 3.90236 
0.246171 0.390115 5.65695 
0.288637 0.328785 8.399 
0.394404 0.0229432 206.521 
0.346892 0.19336 19.2198 
0.399599 4.86773e-05 100000 
0.399599 4.86773e-05 100000 
0.398058 0.00694216 695.589 
0.389869 0.0421649 109.769 
0.395299 0.0190688 249.635 
0.384157 0.0653974 68.7209 
0.389869 0.0421649 109.769 
0.232361 0.404427 5.05867 
0.398105 0.00673355 717.313 
0.255251 0.379265 6.11045 
0.398306 0.00583537 828.59 
0.305807 0.29572 10.1991 
0.28774 0.330374 8.3199 
0.394311 0.0233476 202.845 
0.243806 0.392752 5.54724 
0.399599 4.86773e-05 100000 
0.36375 0.140201 28.8779 
0.399599 4.86773e-05 100000 
0.395956 0.0162039 294.776 
0.39613 0.0154449 309.54 
0.399599 4.86773e-05 100000 
0.19254 0.431664 3.76226 
0.399599 4.86773e-05 100000 
0.396373 0.0143798 332.887 
0.283216 0.338177 7.93969 
0.380251 0.0806778 54.5987 
0.395882 0.0165279 288.885 
0.250246 0.38539 5.85384 
0.250246 0.38539 5.85384 
0.187538 0.433658 3.6317 
0.276117 0.34975 7.39845 
0.399599 4.86773e-05 100000 
0.392616 0.0306079 153.378 
0.386966 0.0541053 84.2732 
0.207898 0.423567 4.20221 
0.378998 0.0854818 51.2 
0.338241 0.217932 16.3208 
0.360167 0.152115 26.135 
0.394019 0.0246039 192.198 
0.399599 4.86773e-05 100000 
0.39833 0.00572948 844.008 
0.397649 0.00875358 550.479 
0.393389 0.0273091 172.594 
0.399599 4.86773e-05 100000 
0.396611 0.0133359 359.386 
0.344642 0.199917 18.3784 
0.265318 0.365843 6.68295 
0.390295 0.0403874 114.853 
0.398058 0.00694216 695.589 
