0.0184575 0.165665 1.64365 
0.020718 0.149625 2.0161 
0.0210954 0.143649 2.13088 
0.0197852 0.158861 1.82467 
0.0181691 0.166547 1.61166 
0.0182223 0.166397 1.61742 
0.0216768 0.123333 2.5219 
0.0209349 0.146445 2.07758 
0.0213388 0.13827 2.23269 
0.0178376 0.167358 1.5771 
0.0177975 0.167442 1.57306 
0.021439 0.135394 2.28722 
0.0217023 0.118393 2.62276 
0.0208007 0.148481 2.03836 
0.0214658 0.134517 2.30392 
0.0207547 0.149127 2.02582 
0.0197858 0.158857 1.82476 
0.0198628 0.158281 1.83771 
0.0214619 0.13465 2.3014 
0.0195226 0.160647 1.78305 
0.021602 0.128815 2.41364 
0.0176005 0.167817 1.55364 
0.0165834 0.168784 1.46259 
0.0217003 0.119344 2.60307 
0.0186584 0.164945 1.66715 
0.0212415 0.140635 2.18797 
0.0193031 0.161948 1.7509 
0.0211396 0.142792 2.14713 
0.0184633 0.165645 1.64432 
0.0207126 0.149698 2.01468 
0.0214463 0.135159 2.2917 
0.021439 0.135394 2.28722 
0.021439 0.135394 2.28722 
0.0199814 0.15734 1.85843 
0.0183919 0.16588 1.63621 
0.0213388 0.13827 2.23269 
0.0210954 0.143649 2.13088 
0.0184575 0.165665 1.64365 
0.020718 0.149625 2.0161 
0.0178376 0.167358 1.5771 
0.021439 0.135394 2.28722 
0.0190294 0.163358 1.71361 
0.0177975 0.167442 1.57306 
0.021439 0.135394 2.28722 
0.021439 0.135394 2.28722 
0.021439 0.135394 2.28722 
0.021439 0.135394 2.28722 
0.0182223 0.166397 1.61742 
0.021439 0.135394 2.28722 
0.0178376 0.167358 1.5771 
0.0216768 0.123333 2.5219 
0.0178376 0.167358 1.5771 
0.020132 0.156046 1.88621 
0.0181691 0.166547 1.61166 
0.0184575 0.165665 1.64365 
0.0195226 0.160647 1.78305 
0.0214463 0.135159 2.2917 
0.0183919 0.16588 1.63621 
0.0214619 0.13465 2.3014 
0.0193031 0.161948 1.7509 
0.0178376 0.167358 1.5771 
0.0178376 0.167358 1.5771 
0.0214619 0.13465 2.3014 
0.0176005 0.167817 1.55364 
0.0184575 0.165665 1.64365 
0.021439 0.135394 2.28722 
0.0195226 0.160647 1.78305 
0.0210765 0.144003 2.12415 
0.021602 0.128815 2.41364 
0.0214658 0.134517 2.30392 
0.0213388 0.13827 2.23269 
0.0214658 0.134517 2.30392 
0.021439 0.135394 2.28722 
0.0207126 0.149698 2.01468 
0.0177975 0.167442 1.57306 
0.0190294 0.163358 1.71361 
0.0186096 0.165128 1.66134 
0.021439 0.135394 2.28722 
0.0183919 0.16588 1.63621 
0.0178376 0.167358 1.5771 
0.0178376 0.167358 1.5771 
0.0214463 0.135159 2.2917 
0.0190294 0.163358 1.71361 
0.0212415 0.140635 2.18797 
0.0193031 0.161948 1.7509 
0.0197858 0.158857 1.82476 
0.0199814 0.15734 1.85843 
0.0214658 0.134517 2.30392 
0.0208007 0.148481 2.03836 
0.0181691 0.166547 1.61166 
0.020718 0.149625 2.0161 
0.0165834 0.168784 1.46259 
0.0197858 0.158857 1.82476 
0.0165834 0.168784 1.46259 
0.0207126 0.149698 2.01468 
0.021439 0.135394 2.28722 
0.0207126 0.149698 2.01468 
0.0213388 0.13827 2.23269 
0.0190294 0.163358 1.71361 
0.020718 0.149625 2.0161 
0.0183919 0.16588 1.63621 
0.0217003 0.119344 2.60307 
0.0217023 0.118393 2.62276 
0.0212415 0.140635 2.18797 
0.0213388 0.13827 2.23269 
0.0198628 0.158281 1.83771 
0.0176005 0.167817 1.55364 
0.0212415 0.140635 2.18797 
0.021439 0.135394 2.28722 
0.021439 0.135394 2.28722 
0.021439 0.135394 2.28722 
0.0211396 0.142792 2.14713 
0.0195226 0.160647 1.78305 
0.0177975 0.167442 1.57306 
0.0212415 0.140635 2.18797 
0.0184575 0.165665 1.64365 
0.0215889 0.129503 2.40026 
0.0213388 0.13827 2.23269 
0.0214505 0.135024 2.29427 
0.0165834 0.168784 1.46259 
0.0178376 0.167358 1.5771 
0.0198628 0.158281 1.83771 
0.0176943 0.167647 1.5628 
0.021439 0.135394 2.28722 
0.0207547 0.149127 2.02582 
0.021439 0.135394 2.28722 
0.0198628 0.158281 1.83771 
0.021439 0.135394 2.28722 
0.0192117 0.162444 1.73813 
0.0216768 0.123333 2.5219 
0.0214619 0.13465 2.3014 
0.0184575 0.165665 1.64365 
0.0214619 0.13465 2.3014 
0.0208007 0.148481 2.03836 
0.0165834 0.168784 1.46259 
0.0176584 0.167713 1.55928 
0.0190294 0.163358 1.71361 
0.0197852 0.158861 1.82467 
0.0217025 0.118229 2.62619 
0.0177975 0.167442 1.57306 
0.0211037 0.143491 2.13388 
0.0214619 0.13465 2.3014 
0.0214658 0.134517 2.30392 
0.021439 0.135394 2.28722 
0.0214619 0.13465 2.3014 
0.021602 0.128815 2.41364 
0.0187448 0.164606 1.6776 
0.0213388 0.13827 2.23269 
0.0210954 0.143649 2.13088 
0.0214658 0.134517 2.30392 
0.0195226 0.160647 1.78305 
0.0214619 0.13465 2.3014 
0.0216768 0.123333 2.5219 
0.0197858 0.158857 1.82476 
0.0214658 0.134517 2.30392 
0.021439 0.135394 2.28722 
0.0193031 0.161948 1.7509 
0.0214658 0.134517 2.30392 
0.0207126 0.149698 2.01468 
0.021439 0.135394 2.28722 
0.0214463 0.135159 2.2917 
0.0184633 0.165645 1.64432 
0.0195226 0.160647 1.78305 
0.0183919 0.16588 1.63621 
0.0184575 0.165665 1.64365 
0.0178376 0.167358 1.5771 
0.0195226 0.160647 1.78305 
0.0176005 0.167817 1.55364 
0.0181691 0.166547 1.61166 
0.0178376 0.167358 1.5771 
0.0212415 0.140635 2.18797 
0.0213388 0.13827 2.23269 
0.0193031 0.161948 1.7509 
0.0178376 0.167358 1.5771 
0.0214658 0.134517 2.30392 
0.0208007 0.148481 2.03836 
0.0184575 0.165665 1.64365 
0.0176005 0.167817 1.55364 
0.0214463 0.135159 2.2917 
0.0209349 0.146445 2.07758 
0.0213388 0.13827 2.23269 
0.0198628 0.158281 1.83771 
0.020718 0.149625 2.0161 
0.0176005 0.167817 1.55364 
0.0214619 0.13465 2.3014 
0.0217023 0.118393 2.62276 
0.0209349 0.146445 2.07758 
0.021439 0.135394 2.28722 
0.0209349 0.146445 2.07758 
0.0197858 0.158857 1.82476 
0.0207126 0.149698 2.01468 
0.0210765 0.144003 2.12415 
0.0178376 0.167358 1.5771 
0.0197852 0.158861 1.82467 
0.0214619 0.13465 2.3014 
0.021439 0.135394 2.28722 
0.021602 0.128815 2.41364 
0.021439 0.135394 2.28722 
0.0209349 0.146445 2.07758 
0.021439 0.135394 2.28722 
0.0212415 0.140635 2.18797 
0.0214658 0.134517 2.30392 
0.021439 0.135394 2.28722 
0.021439 0.135394 2.28722 
0.020132 0.156046 1.88621 
0.0177975 0.167442 1.57306 
0.0209349 0.146445 2.07758 
0.0207547 0.149127 2.02582 
0.0213101 0.139006 2.21877 
0.020718 0.149625 2.0161 
0.021439 0.135394 2.28722 
0.0214658 0.134517 2.30392 
0.0182223 0.166397 1.61742 
0.0183919 0.16588 1.63621 
0.0178376 0.167358 1.5771 
0.0178376 0.167358 1.5771 
0.0190294 0.163358 1.71361 
0.021439 0.135394 2.28722 
0.0177975 0.167442 1.57306 
0.0177975 0.167442 1.57306 
0.0208007 0.148481 2.03836 
0.0213388 0.13827 2.23269 
0.0181691 0.166547 1.61166 
0.0184575 0.165665 1.64365 
0.0197852 0.158861 1.82467 
0.0214463 0.135159 2.2917 
0.0197858 0.158857 1.82476 
0.0214658 0.134517 2.30392 
0.0193031 0.161948 1.7509 
0.0207126 0.149698 2.01468 
0.0212415 0.140635 2.18797 
0.0177975 0.167442 1.57306 
0.0207547 0.149127 2.02582 
0.0216768 0.123333 2.5219 
0.021439 0.135394 2.28722 
0.021602 0.128815 2.41364 
0.0181691 0.166547 1.61166 
0.0178376 0.167358 1.5771 
0.021439 0.135394 2.28722 
0.0199814 0.15734 1.85843 
0.0184633 0.165645 1.64432 
0.0182223 0.166397 1.61742 
0.0214658 0.134517 2.30392 
0.021439 0.135394 2.28722 
0.0193031 0.161948 1.7509 
0.0162907 0.168794 1.43874 
0.0217023 0.118393 2.62276 
0.0178376 0.167358 1.5771 
0.0207126 0.149698 2.01468 
0.0217003 0.119344 2.60307 
0.020718 0.149625 2.0161 
0.0178376 0.167358 1.5771 
0.0197858 0.158857 1.82476 
0.0197858 0.158857 1.82476 
0.020718 0.149625 2.0161 
0.0193031 0.161948 1.7509 
0.0212415 0.140635 2.18797 
0.0211396 0.142792 2.14713 
0.0186096 0.165128 1.66134 
0.0214619 0.13465 2.3014 
0.021602 0.128815 2.41364 
0.021439 0.135394 2.28722 
0.0212415 0.140635 2.18797 
0.0178376 0.167358 1.5771 
0.0214593 0.134735 2.29978 
0.0183919 0.16588 1.63621 
0.0178376 0.167358 1.5771 
0.0207126 0.149698 2.01468 
0.0193031 0.161948 1.7509 
0.0178376 0.167358 1.5771 
0.0190294 0.163358 1.71361 
0.0177975 0.167442 1.57306 
0.0213388 0.13827 2.23269 
0.0207126 0.149698 2.01468 
0.0195226 0.160647 1.78305 
0.0214658 0.134517 2.30392 
0.0214619 0.13465 2.3014 
0.021439 0.135394 2.28722 
0.0210954 0.143649 2.13088 
0.0210954 0.143649 2.13088 
0.0214505 0.135024 2.29427 
0.0214619 0.13465 2.3014 
0.021602 0.128815 2.41364 
0.0214619 0.13465 2.3014 
0.0193031 0.161948 1.7509 
0.0215889 0.129503 2.40026 
0.0176005 0.167817 1.55364 
0.0182223 0.166397 1.61742 
0.021439 0.135394 2.28722 
0.0186096 0.165128 1.66134 
0.0182223 0.166397 1.61742 
0.0216768 0.123333 2.5219 
0.0214658 0.134517 2.30392 
0.0214658 0.134517 2.30392 
0.0213388 0.13827 2.23269 
0.0195226 0.160647 1.78305 
0.021439 0.135394 2.28722 
0.021439 0.135394 2.28722 
0.021439 0.135394 2.28722 
0.0214619 0.13465 2.3014 
0.0165834 0.168784 1.46259 
0.0214619 0.13465 2.3014 
0.0214658 0.134517 2.30392 
0.0216768 0.123333 2.5219 
0.0214658 0.134517 2.30392 
0.0214619 0.13465 2.3014 
0.0212415 0.140635 2.18797 
0.0195226 0.160647 1.78305 
0.0214463 0.135159 2.2917 
0.0207126 0.149698 2.01468 
0.0183919 0.16588 1.63621 
0.0184575 0.165665 1.64365 
0.0183919 0.16588 1.63621 
0.0212415 0.140635 2.18797 
0.0214619 0.13465 2.3014 
0.0183919 0.16588 1.63621 
0.0197858 0.158857 1.82476 
0.0176005 0.167817 1.55364 
0.0197852 0.158861 1.82467 
0.0207126 0.149698 2.01468 
0.0183919 0.16588 1.63621 
0.0195226 0.160647 1.78305 
0.0212415 0.140635 2.18797 
0.0213388 0.13827 2.23269 
0.0213388 0.13827 2.23269 
0.0165834 0.168784 1.46259 
0.020718 0.149625 2.0161 
0.0214658 0.134517 2.30392 
0.021602 0.128815 2.41364 
0.0210954 0.143649 2.13088 
0.0195226 0.160647 1.78305 
0.0190294 0.163358 1.71361 
0.0214619 0.13465 2.3014 
0.0195226 0.160647 1.78305 
0.0212415 0.140635 2.18797 
0.021439 0.135394 2.28722 
0.0186584 0.164945 1.66715 
0.0178376 0.167358 1.5771 
0.0184575 0.165665 1.64365 
0.0214463 0.135159 2.2917 
0.0207126 0.149698 2.01468 
0.0181691 0.166547 1.61166 
0.0216768 0.123333 2.5219 
0.0197858 0.158857 1.82476 
0.0176584 0.167713 1.55928 
0.0216768 0.123333 2.5219 
0.021439 0.135394 2.28722 
0.0214463 0.135159 2.2917 
0.0214658 0.134517 2.30392 
0.0211037 0.143491 2.13388 
0.020718 0.149625 2.0161 
0.0178376 0.167358 1.5771 
0.0176005 0.167817 1.55364 
0.0178376 0.167358 1.5771 
0.0178376 0.167358 1.5771 
0.0207126 0.149698 2.01468 
0.0217023 0.118393 2.62276 
0.0195226 0.160647 1.78305 
0.0178376 0.167358 1.5771 
0.0193031 0.161948 1.7509 
0.0214619 0.13465 2.3014 
0.021602 0.128815 2.41364 
0.0183919 0.16588 1.63621 
0.021439 0.135394 2.28722 
0.0214619 0.13465 2.3014 
0.021439 0.135394 2.28722 
0.0176005 0.167817 1.55364 
0.0199814 0.15734 1.85843 
0.021602 0.128815 2.41364 
0.0214658 0.134517 2.30392 
0.0193031 0.161948 1.7509 
0.0214463 0.135159 2.2917 
0.021439 0.135394 2.28722 
0.021439 0.135394 2.28722 
0.021439 0.135394 2.28722 
0.0184633 0.165645 1.64432 
0.0212415 0.140635 2.18797 
0.0209349 0.146445 2.07758 
0.0195226 0.160647 1.78305 
0.021439 0.135394 2.28722 
0.021439 0.135394 2.28722 
0.0198628 0.158281 1.83771 
0.020718 0.149625 2.0161 
0.0214463 0.135159 2.2917 
0.0210954 0.143649 2.13088 
0.0183919 0.16588 1.63621 
0.0183919 0.16588 1.63621 
0.021602 0.128815 2.41364 
0.020718 0.149625 2.0161 
0.0176005 0.167817 1.55364 
0.0210765 0.144003 2.12415 
0.0212415 0.140635 2.18797 
0.0184633 0.165645 1.64432 
0.0217023 0.118393 2.62276 
0.0214463 0.135159 2.2917 
0.0213388 0.13827 2.23269 
0.0213388 0.13827 2.23269 
0.0190294 0.163358 1.71361 
0.0193031 0.161948 1.7509 
0.0214619 0.13465 2.3014 
0.0178376 0.167358 1.5771 
0.0192117 0.162444 1.73813 
0.0212415 0.140635 2.18797 
0.0217023 0.118393 2.62276 
0.021602 0.128815 2.41364 
0.0214619 0.13465 2.3014 
0.0208007 0.148481 2.03836 
0.020718 0.149625 2.0161 
0.0213388 0.13827 2.23269 
0.0207126 0.149698 2.01468 
0.0214619 0.13465 2.3014 
0.0178376 0.167358 1.5771 
0.0193031 0.161948 1.7509 
0.0195226 0.160647 1.78305 
0.0208007 0.148481 2.03836 
0.0178376 0.167358 1.5771 
0.0165834 0.168784 1.46259 
0.0212415 0.140635 2.18797 
0.021602 0.128815 2.41364 
0.0178376 0.167358 1.5771 
0.0208007 0.148481 2.03836 
0.0210765 0.144003 2.12415 
0.021439 0.135394 2.28722 
0.0214619 0.13465 2.3014 
0.0213388 0.13827 2.23269 
0.0181691 0.166547 1.61166 
0.0213388 0.13827 2.23269 
0.0214619 0.13465 2.3014 
0.0197858 0.158857 1.82476 
0.0217003 0.119344 2.60307 
0.0198628 0.158281 1.83771 
0.0178376 0.167358 1.5771 
0.0195226 0.160647 1.78305 
0.0198628 0.158281 1.83771 
0.0195226 0.160647 1.78305 
0.0177975 0.167442 1.57306 
0.0178376 0.167358 1.5771 
0.0216768 0.123333 2.5219 
0.0176943 0.167647 1.5628 
0.0193031 0.161948 1.7509 
0.021439 0.135394 2.28722 
0.0178376 0.167358 1.5771 
0.0208007 0.148481 2.03836 
0.0195226 0.160647 1.78305 
0.0195226 0.160647 1.78305 
0.0182223 0.166397 1.61742 
0.021439 0.135394 2.28722 
0.0197852 0.158861 1.82467 
0.0211396 0.142792 2.14713 
0.0214619 0.13465 2.3014 
0.021439 0.135394 2.28722 
0.0178376 0.167358 1.5771 
0.0176005 0.167817 1.55364 
0.0198628 0.158281 1.83771 
0.0183919 0.16588 1.63621 
0.021439 0.135394 2.28722 
0.021439 0.135394 2.28722 
0.0177975 0.167442 1.57306 
0.0184575 0.165665 1.64365 
0.021602 0.128815 2.41364 
0.0197858 0.158857 1.82476 
0.021439 0.135394 2.28722 
0.0214619 0.13465 2.3014 
0.0214658 0.134517 2.30392 
0.0214658 0.134517 2.30392 
0.0182223 0.166397 1.61742 
0.0190294 0.163358 1.71361 
0.0197858 0.158857 1.82476 
0.0197858 0.158857 1.82476 
0.0197858 0.158857 1.82476 
0.0213388 0.13827 2.23269 
0.0217023 0.118393 2.62276 
0.0211396 0.142792 2.14713 
0.0197852 0.158861 1.82467 
0.0198628 0.158281 1.83771 
0.0176005 0.167817 1.55364 
0.0207547 0.149127 2.02582 
0.0195226 0.160647 1.78305 
0.0212415 0.140635 2.18797 
0.0212415 0.140635 2.18797 
0.021602 0.128815 2.41364 
0.0192117 0.162444 1.73813 
0.021439 0.135394 2.28722 
0.0162907 0.168794 1.43874 
0.021439 0.135394 2.28722 
0.0217003 0.119344 2.60307 
0.0178376 0.167358 1.5771 
0.020718 0.149625 2.0161 
0.0177975 0.167442 1.57306 
0.0177975 0.167442 1.57306 
0.0213388 0.13827 2.23269 
0.0176943 0.167647 1.5628 
0.021439 0.135394 2.28722 
0.0209349 0.146445 2.07758 
0.0207547 0.149127 2.02582 
0.0183919 0.16588 1.63621 
0.0176005 0.167817 1.55364 
0.0178376 0.167358 1.5771 
0.0207126 0.149698 2.01468 
0.0197858 0.158857 1.82476 
