0.999956 0.810309 100000 0.0599493 0.116346 
0.999952 0.851672 100000 0.239473 2.90935 
0.999954 0.836316 100000 0.125581 2.91202 
0.999948 0.866991 100000 0.433874 214.156 
0.999954 0.836724 100000 0.123063 3.50682 
0.999956 0.810309 100000 0.0599493 0.116346 
0.999956 0.808227 100000 0.014508 5.25361 
0.999955 0.827996 100000 0.0790485 3.80012 
0.999954 0.838652 100000 0.156833 1.65023 
0.999956 0.816127 100000 0.0448671 1.6574 
0.999948 0.866991 100000 0.433874 214.156 
0.999952 0.852536 100000 0.24388 3.19931 
0.999952 0.851672 100000 0.239473 2.90935 
0.999956 0.821798 100000 0.0599493 2.58417 
0.999952 0.851672 100000 0.239473 2.90935 
0.999955 0.829048 100000 0.0655339 25.1615 
0.999956 0.810309 100000 0.0599493 0.116346 
0.999957 0.802893 100000 0.00529419 5.10452 
0.999954 0.832437 100000 0.119497 1.64489 
0.999956 0.8207 100000 0.0599493 1.97832 
0.999956 0.804112 100000 0.0123985 0.744989 
0.999956 0.800138 100000 0.0237033 0.0685152 
0.999952 0.855384 100000 0.252038 5.25361 
0.999956 0.820267 100000 0.0585406 1.93916 
0.999956 0.804674 100000 0.014508 0.734074 
0.999953 0.845879 100000 0.202414 2.02941 
0.999955 0.829343 100000 0.104113 1.57822 
0.999956 0.811601 100000 0.0448671 0.536314 
0.999952 0.851032 100000 0.239473 2.54396 
0.999952 0.85166 100000 0.239473 2.90189 
0.999956 0.810309 100000 0.0599493 0.116346 
0.999956 0.804202 100000 0.014508 0.644746 
0.999956 0.805754 100000 0.014508 0.997136 
0.999955 0.837573 100000 0.0991274 25.1615 
0.999954 0.833988 100000 0.123063 1.97832 
0.99995 0.865304 100000 0.332107 251.615 
0.999951 0.864261 100000 0.310488 142.651 
0.999954 0.836168 100000 0.125581 2.82246 
0.999953 0.845814 100000 0.167091 5.47065 
0.999945 0.867108 100000 0.433874 100000 
0.999956 0.816127 100000 0.0448671 1.6574 
0.999956 0.804115 100000 0.0346447 0.116346 
0.999956 0.814796 100000 0.0599493 0.482819 
0.999956 0.81735 100000 0.0448671 2.28511 
0.999954 0.844281 100000 0.125581 214.156 
0.999952 0.852536 100000 0.24388 3.19931 
0.999957 0.802893 100000 0.00529419 5.10452 
0.999951 0.862954 100000 0.283483 614.556 
0.999955 0.823672 100000 0.0655339 2.90935 
0.999945 0.867108 100000 0.433874 100000 
0.999945 0.867108 100000 0.433874 100000 
0.999948 0.866991 100000 0.433874 214.156 
0.999954 0.842018 100000 0.156833 3.25761 
0.999956 0.795089 100000 0.0123985 0.00453294 
0.999956 0.811182 100000 0.0599493 0.164619 
0.999957 0.802893 100000 0.00529419 5.10452 
0.999956 0.810309 100000 0.0599493 0.116346 
0.999956 0.81137 100000 0.0294997 1.43252 
0.999956 0.810309 100000 0.0599493 0.116346 
0.999956 0.82807 100000 0.0599493 79.2873 
0.999956 0.811601 100000 0.0448671 0.536314 
0.999956 0.822698 100000 0.0599493 3.25761 
0.999956 0.816106 100000 0.0448671 1.6486 
0.999956 0.810309 100000 0.0599493 0.116346 
0.999955 0.818821 100000 0.0779529 0.486907 
0.999955 0.827996 100000 0.0790485 3.80012 
0.999954 0.837813 100000 0.156833 1.39571 
0.999956 0.807003 100000 0.0123985 1.97832 
0.999956 0.817542 100000 0.033892 214.156 
0.999956 0.808227 100000 0.014508 5.25361 
0.999956 0.817969 100000 0.0507158 1.79448 
0.999953 0.847446 100000 0.179757 5.28621 
0.999955 0.828113 100000 0.0991274 1.49852 
0.999956 0.820267 100000 0.0585406 1.93916 
0.999956 0.818575 100000 0.0448671 3.25761 
0.999956 0.811767 100000 0.0585406 0.224398 
0.999952 0.851672 100000 0.239473 2.90935 
0.999955 0.829343 100000 0.104113 1.57822 
0.999954 0.844559 100000 0.156833 5.86603 
0.999955 0.824359 100000 0.103515 0.536314 
0.999954 0.840899 100000 0.156833 2.58417 
0.999954 0.838347 100000 0.158022 1.49852 
0.999955 0.829343 100000 0.104113 1.57822 
0.999956 0.804202 100000 0.014508 0.644746 
0.999952 0.85166 100000 0.239473 2.90189 
0.999954 0.843014 100000 0.149722 5.25361 
0.999953 0.845879 100000 0.202414 2.02941 
0.999956 0.800138 100000 0.0237033 0.0685152 
0.999956 0.805251 100000 0.0237033 0.427152 
0.999954 0.839873 100000 0.158022 2.02941 
0.999952 0.852198 100000 0.239473 3.25761 
0.999954 0.840374 100000 0.149722 2.90935 
0.999956 0.812324 100000 0.0448671 0.644746 
0.999952 0.85166 100000 0.239473 2.90189 
0.999955 0.814548 100000 0.0655339 0.320565 
0.999956 0.811601 100000 0.0448671 0.536314 
0.999955 0.815362 100000 0.0632172 0.460553 
0.999956 0.814248 100000 0.0356758 1.96969 
0.999956 0.810309 100000 0.0599493 0.116346 
0.999952 0.859417 100000 0.239473 142.651 
0.999954 0.835105 100000 0.125581 2.26619 
0.999948 0.866991 100000 0.433874 214.156 
0.999957 0.802893 100000 0.00529419 5.10452 
0.999956 0.820087 100000 0.0599493 1.71172 
0.999954 0.833499 100000 0.115333 2.3923 
0.999952 0.851672 100000 0.239473 2.90935 
0.999956 0.814029 100000 0.0599493 0.394459 
0.999945 0.867108 100000 0.433874 100000 
0.999955 0.823672 100000 0.0655339 2.90935 
0.999945 0.867108 100000 0.433874 100000 
0.999956 0.80729 100000 0.014508 1.65023 
0.999956 0.806703 100000 0.0448671 0.116346 
0.999954 0.836316 100000 0.125581 2.91202 
0.999953 0.84904 100000 0.193109 5.10452 
0.999954 0.83442 100000 0.119497 2.46719 
0.999954 0.836168 100000 0.125581 2.82246 
0.999956 0.816106 100000 0.0448671 1.6486 
0.999956 0.809662 100000 0.0448671 0.317971 
0.999956 0.815555 100000 0.0448671 1.43471 
0.999952 0.852205 100000 0.239549 3.25761 
0.999956 0.807544 100000 0.0123985 3.25761 
0.999955 0.821665 100000 0.0655339 1.80703 
0.999951 0.858496 100000 0.281658 6.51421 
0.999956 0.808227 100000 0.014508 5.25361 
0.999957 0.80083 100000 0.00529419 0.536314 
0.999956 0.810309 100000 0.0599493 0.116346 
0.999956 0.803809 100000 0.014508 24.3557 
0.999956 0.806079 100000 0.033892 0.250083 
0.999956 0.824337 100000 0.0599493 5.25361 
0.999956 0.816106 100000 0.0448671 1.6486 
0.999956 0.819024 100000 0.0599493 1.33603 
0.999945 0.867086 100000 0.439886 100000 
0.999955 0.825239 100000 0.104113 0.644746 
0.999954 0.837813 100000 0.156833 1.39571 
0.999956 0.810498 100000 0.0448671 0.401053 
0.999955 0.828241 100000 0.0668908 11.4424 
0.999956 0.822266 100000 0.0599493 2.90935 
0.999952 0.853145 100000 0.242744 3.75084 
0.999952 0.850946 100000 0.242744 2.3405 
0.999955 0.823672 100000 0.0655339 2.90935 
0.999954 0.838652 100000 0.156833 1.65023 
0.999956 0.813108 100000 0.0448671 0.784264 
0.999956 0.807096 100000 0.0123985 5.31919 
0.999956 0.808227 100000 0.014508 5.25361 
0.999956 0.822266 100000 0.0599493 2.90935 
0.999954 0.838604 100000 0.156833 1.63459 
0.999953 0.8391 100000 0.166791 1.34504 
0.999955 0.822943 100000 0.0653157 2.46719 
0.999955 0.823202 100000 0.0779529 1.35125 
0.999956 0.811601 100000 0.0448671 0.536314 
0.999954 0.836316 100000 0.125581 2.91202 
0.999957 0.797698 100000 0.00529419 0.216621 
0.999956 0.795143 100000 0.0123985 0.00610756 
0.999954 0.842018 100000 0.156833 3.25761 
0.999954 0.833469 100000 0.119497 2.02941 
0.999954 0.832437 100000 0.119497 1.64489 
0.999957 0.801146 100000 0.00529419 0.586005 
0.999956 0.808434 100000 0.014508 3.50682 
0.999952 0.851032 100000 0.239473 2.54396 
0.999951 0.862954 100000 0.283483 614.556 
0.999955 0.826309 100000 0.0765803 2.90189 
0.999956 0.800138 100000 0.0237033 0.0685152 
0.999956 0.807514 100000 0.0123985 3.80012 
0.999956 0.816812 100000 0.0448671 1.97832 
0.999951 0.857738 100000 0.281658 5.25361 
0.999953 0.845814 100000 0.167091 5.47065 
0.999951 0.862954 100000 0.283483 614.556 
0.999948 0.866991 100000 0.433874 214.156 
0.999954 0.844559 100000 0.156833 5.86603 
0.999952 0.855384 100000 0.252038 5.25361 
0.999955 0.830075 100000 0.0655339 251.615 
0.999953 0.845814 100000 0.167091 5.47065 
0.999956 0.808227 100000 0.014508 5.25361 
0.999956 0.806703 100000 0.0448671 0.116346 
0.999956 0.809949 100000 0.0585406 0.114677 
0.999956 0.811402 100000 0.0599493 0.178088 
0.999952 0.854054 100000 0.252038 3.80012 
0.999956 0.810309 100000 0.0599493 0.116346 
0.999956 0.810309 100000 0.0599493 0.116346 
0.999956 0.818202 100000 0.0448671 2.90935 
0.999954 0.832437 100000 0.119497 1.64489 
0.999954 0.839693 100000 0.156833 2.02941 
0.999956 0.820313 100000 0.0448671 6.1544 
0.999954 0.840374 100000 0.149722 2.90935 
0.999954 0.833562 100000 0.125581 1.6574 
0.999955 0.826294 100000 0.108019 0.694209 
0.999956 0.821611 100000 0.0599493 2.46719 
0.999956 0.807003 100000 0.0123985 1.97832 
0.999954 0.844124 100000 0.156833 5.25361 
0.999953 0.845814 100000 0.167091 5.47065 
0.999954 0.835105 100000 0.125581 2.26619 
0.999956 0.820087 100000 0.0599493 1.71172 
0.999956 0.811634 100000 0.0448671 0.540937 
0.999955 0.827996 100000 0.0790485 3.80012 
0.999953 0.84904 100000 0.193109 5.10452 
0.999956 0.813795 100000 0.0294997 3.19931 
0.999956 0.808227 100000 0.014508 5.25361 
0.999951 0.857631 100000 0.281658 5.10452 
0.999953 0.843844 100000 0.166791 3.50682 
0.999956 0.804392 100000 0.014508 0.67917 
0.999955 0.829343 100000 0.104113 1.57822 
0.999955 0.818875 100000 0.0779529 0.493624 
0.999956 0.822256 100000 0.0599493 2.90189 
0.999955 0.823672 100000 0.0655339 2.90935 
0.999954 0.834372 100000 0.123063 2.13886 
0.999956 0.796636 100000 0.014508 0.0341564 
0.999956 0.818629 100000 0.0448671 3.31366 
0.999956 0.810309 100000 0.0599493 0.116346 
0.999956 0.798041 100000 0.0123985 0.116346 
0.999956 0.812324 100000 0.0448671 0.644746 
0.999953 0.845814 100000 0.167091 5.47065 
0.999951 0.859442 100000 0.286742 7.86667 
0.999956 0.811026 100000 0.0294997 1.30194 
0.999956 0.819827 100000 0.0507158 2.90935 
0.999952 0.859417 100000 0.259729 18.0002 
0.999953 0.848325 100000 0.203483 3.25761 
0.999951 0.857738 100000 0.281658 5.25361 
0.999954 0.836316 100000 0.125581 2.91202 
0.999955 0.81541 100000 0.0655339 0.406379 
0.999956 0.81652 100000 0.0599493 0.741457 
0.999947 0.865439 100000 0.332107 100000 
0.999953 0.844154 100000 0.166791 3.75084 
0.999952 0.851672 100000 0.239473 2.90935 
0.999954 0.839565 100000 0.156833 1.97832 
0.999956 0.801764 100000 0.0294997 0.0710077 
0.999956 0.812425 100000 0.0507158 0.458704 
0.999956 0.802441 100000 0.014508 0.398222 
0.999956 0.810309 100000 0.0599493 0.116346 
0.999956 0.811182 100000 0.0599493 0.164619 
0.999954 0.832324 100000 0.125581 1.28781 
0.999956 0.819539 100000 0.0599493 1.50597 
0.999956 0.810309 100000 0.0599493 0.116346 
0.999957 0.802893 100000 0.00529419 5.10452 
0.999956 0.811601 100000 0.0448671 0.536314 
0.999954 0.839873 100000 0.158022 2.02941 
0.999948 0.866991 100000 0.433874 214.156 
0.999956 0.802608 100000 0.0123985 0.492371 
0.999945 0.867108 100000 0.433874 100000 
0.999955 0.823228 100000 0.0655339 2.6089 
0.999956 0.825231 100000 0.0585406 8.51451 
0.999956 0.804202 100000 0.014508 0.644746 
0.999955 0.823672 100000 0.0655339 2.90935 
0.999954 0.836734 100000 0.125581 3.18249 
0.999955 0.823672 100000 0.0655339 2.90935 
0.999956 0.811182 100000 0.0599493 0.164619 
0.999952 0.85166 100000 0.239473 2.90189 
0.999955 0.819405 100000 0.0655339 1.07807 
0.999953 0.845651 100000 0.167091 5.25361 
0.999954 0.835745 100000 0.125581 2.58417 
0.999954 0.838064 100000 0.158022 1.41592 
0.999952 0.852536 100000 0.24388 3.19931 
0.999952 0.855406 100000 0.242418 6.69693 
0.999956 0.816106 100000 0.0448671 1.6486 
0.999956 0.814029 100000 0.0599493 0.394459 
0.999954 0.837928 100000 0.157959 1.38031 
0.999954 0.832691 100000 0.120815 1.65023 
0.999956 0.808321 100000 0.014508 2.90189 
0.999956 0.808227 100000 0.014508 5.25361 
0.999954 0.838844 100000 0.125581 5.17462 
0.999956 0.802766 100000 0.0294997 0.116346 
0.999956 0.819054 100000 0.0448671 3.80012 
0.999956 0.814761 100000 0.0599493 0.478414 
0.999956 0.80969 100000 0.0448671 0.320565 
0.999955 0.811365 100000 0.0655339 0.105384 
0.999955 0.828385 100000 0.0599493 792.873 
0.999954 0.836316 100000 0.125581 2.91202 
0.999952 0.859509 100000 0.239473 214.156 
0.999951 0.857426 100000 0.281658 4.83711 
0.999955 0.828113 100000 0.0991274 1.49852 
0.999956 0.822256 100000 0.0599493 2.90189 
0.999957 0.802893 100000 0.00529419 5.10452 
0.999954 0.839074 100000 0.156833 1.79448 
0.999945 0.867108 100000 0.433874 100000 
0.999954 0.840944 100000 0.156833 2.60787 
0.999956 0.812293 100000 0.0448671 0.639764 
0.999956 0.810309 100000 0.0599493 0.116346 
0.999956 0.806909 100000 0.0148794 1.38031 
0.999953 0.847446 100000 0.179757 5.28621 
0.999956 0.817542 100000 0.033892 214.156 
0.999952 0.852198 100000 0.239473 3.25761 
0.999956 0.819324 100000 0.0599493 1.43252 
0.999956 0.808227 100000 0.014508 5.25361 
0.999952 0.854552 100000 0.239473 5.7034 
0.999956 0.814665 100000 0.0294997 5.10452 
0.999956 0.806826 100000 0.014508 1.39571 
0.999952 0.856627 100000 0.254628 6.9767 
0.999956 0.801253 100000 0.014508 0.283844 
0.999956 0.821397 100000 0.0599493 2.3405 
0.999955 0.814548 100000 0.0655339 0.320565 
0.999956 0.807389 100000 0.0123985 2.54396 
0.999956 0.807495 100000 0.0123985 3.92034 
0.999954 0.833437 100000 0.114212 2.46719 
0.999952 0.852536 100000 0.24388 3.19931 
0.999954 0.840899 100000 0.156833 2.58417 
0.999956 0.823478 100000 0.0599493 4.04262 
0.999956 0.814248 100000 0.0356758 1.96969 
0.999956 0.82276 100000 0.0448671 214.156 
0.999952 0.851523 100000 0.213131 5.25361 
0.999956 0.814091 100000 0.0599493 0.401053 
0.999951 0.857557 100000 0.283483 4.83711 
0.999954 0.844559 100000 0.156833 5.86603 
0.999954 0.832437 100000 0.119497 1.64489 
0.999952 0.859536 100000 0.239473 251.615 
0.999954 0.843258 100000 0.157959 4.11206 
0.999953 0.840777 100000 0.167091 1.86176 
0.999955 0.814838 100000 0.0632172 0.401053 
0.999956 0.805826 100000 0.014508 1.01877 
0.999955 0.828241 100000 0.0668908 11.4424 
0.999956 0.802333 100000 0.0237033 0.178373 
0.999956 0.810309 100000 0.0599493 0.116346 
0.999952 0.855384 100000 0.252038 5.25361 
0.999954 0.839873 100000 0.158022 2.02941 
0.999956 0.795143 100000 0.0123985 0.00610756 
0.999956 0.802113 100000 0.014508 0.363444 
0.999956 0.824248 100000 0.0599493 5.10452 
0.999955 0.826785 100000 0.0785745 2.91202 
0.999952 0.852095 100000 0.24388 2.90935 
0.999951 0.862956 100000 0.286742 142.651 
0.999956 0.811402 100000 0.0599493 0.178088 
0.999952 0.859624 100000 0.239473 562.274 
0.999955 0.811584 100000 0.0655339 0.116346 
0.999955 0.814548 100000 0.0655339 0.320565 
0.999953 0.843623 100000 0.164748 3.56481 
0.999956 0.82732 100000 0.0599493 24.1238 
0.999952 0.85963 100000 0.239473 614.556 
0.999956 0.823261 100000 0.0599493 3.80012 
0.999952 0.852198 100000 0.239473 3.25761 
0.999956 0.816253 100000 0.0448671 1.71172 
0.999957 0.804467 100000 0.00529419 1.97832 
0.999952 0.850946 100000 0.242744 2.3405 
0.999953 0.844214 100000 0.166791 3.80012 
0.999954 0.844124 100000 0.156833 5.25361 
0.999956 0.80969 100000 0.0599493 0.0865703 
0.999951 0.858491 100000 0.286742 5.86603 
0.999956 0.80704 100000 0.0123985 5.47065 
0.999954 0.844281 100000 0.125581 214.156 
0.999954 0.839543 100000 0.156833 1.96969 
0.999955 0.829212 100000 0.0790485 5.25361 
0.999956 0.818703 100000 0.0448671 3.39141 
0.999956 0.811601 100000 0.0448671 0.536314 
0.999954 0.839543 100000 0.156833 1.96969 
0.999956 0.810309 100000 0.0599493 0.116346 
0.999956 0.821611 100000 0.0599493 2.46719 
0.999954 0.834408 100000 0.136807 1.333 
0.999951 0.857868 100000 0.283483 5.25361 
0.999955 0.823202 100000 0.0779529 1.35125 
0.999952 0.851676 100000 0.239473 2.91202 
0.999956 0.819719 100000 0.0585406 1.70224 
0.999956 0.819014 100000 0.0599493 1.333 
0.999955 0.832251 100000 0.104113 2.90935 
0.999956 0.811139 100000 0.0237033 2.33324 
0.999954 0.833579 100000 0.119497 2.07549 
0.999955 0.81541 100000 0.0655339 0.406379 
0.999956 0.795143 100000 0.0123985 0.00610756 
0.999945 0.867108 100000 0.433874 100000 
0.999954 0.842018 100000 0.156833 3.25761 
0.999956 0.824337 100000 0.0599493 5.25361 
0.999955 0.823672 100000 0.0655339 2.90935 
0.999956 0.824804 100000 0.0599493 6.1544 
0.999953 0.845879 100000 0.202414 2.02941 
0.999952 0.851672 100000 0.239473 2.90935 
0.999956 0.817409 100000 0.0436947 2.54396 
0.999957 0.804197 100000 0.00529419 1.64489 
0.999952 0.857463 100000 0.259729 7.93106 
0.999956 0.795089 100000 0.0123985 0.00453294 
0.999955 0.829555 100000 0.0997073 1.97832 
0.999954 0.841658 100000 0.158022 2.90935 
0.999956 0.813431 100000 0.0599493 0.334592 
0.999955 0.820713 100000 0.0752083 0.884822 
0.999956 0.822266 100000 0.0599493 2.90935 
0.999956 0.805103 100000 0.0346447 0.170493 
0.999952 0.86126 100000 0.260337 251.615 
0.999955 0.829343 100000 0.104113 1.57822 
0.999952 0.85186 100000 0.229901 3.72982 
0.999956 0.81137 100000 0.0294997 1.43252 
0.999952 0.854701 100000 0.242744 5.47065 
0.999956 0.809662 100000 0.0448671 0.317971 
0.999954 0.837813 100000 0.156833 1.39571 
0.999956 0.798645 100000 0.014508 0.116346 
0.999952 0.852533 100000 0.239473 3.50682 
0.999954 0.836168 100000 0.125581 2.82246 
0.999946 0.867106 100000 0.416849 100000 
0.999956 0.813248 100000 0.033892 1.71172 
0.999956 0.821265 100000 0.0599493 2.26619 
0.999954 0.835105 100000 0.125581 2.26619 
0.999956 0.806016 100000 0.014508 1.07807 
0.999954 0.835146 100000 0.125581 2.28511 
0.999955 0.829343 100000 0.104113 1.57822 
0.999956 0.795143 100000 0.0123985 0.00610756 
0.999956 0.808776 100000 0.0448671 0.244593 
0.999956 0.801042 100000 0.0123985 0.317971 
0.999954 0.837798 100000 0.156833 1.39151 
0.999956 0.795089 100000 0.0123985 0.00453294 
0.999956 0.812324 100000 0.0448671 0.644746 
0.999948 0.866991 100000 0.433874 214.156 
0.999952 0.851672 100000 0.239473 2.90935 
0.999951 0.857738 100000 0.281658 5.25361 
0.999956 0.816735 100000 0.0448671 1.93916 
0.999955 0.829343 100000 0.104113 1.57822 
0.999953 0.838713 100000 0.166791 1.244 
0.999955 0.832644 100000 0.103515 3.25761 
0.999954 0.832437 100000 0.119497 1.64489 
0.999954 0.833524 100000 0.125581 1.64489 
0.999955 0.808857 100000 0.0655339 0.00610756 
0.999956 0.822269 100000 0.0599493 2.91202 
0.999953 0.848325 100000 0.203483 3.25761 
0.999955 0.822553 100000 0.0632172 2.54396 
0.999956 0.821255 100000 0.0585406 2.46719 
0.999956 0.820616 100000 0.0599493 1.93916 
0.999955 0.823202 100000 0.0779529 1.35125 
0.999956 0.800138 100000 0.0237033 0.0685152 
0.999956 0.822266 100000 0.0599493 2.90935 
0.999954 0.831017 100000 0.125581 0.979374 
0.999954 0.838347 100000 0.158022 1.49852 
0.999956 0.81512 100000 0.0448671 1.28781 
0.999955 0.823672 100000 0.0655339 2.90935 
0.999954 0.844124 100000 0.156833 5.25361 
0.999952 0.851032 100000 0.239473 2.54396 
0.999956 0.804115 100000 0.0346447 0.116346 
0.999956 0.820087 100000 0.0599493 1.71172 
0.999954 0.833499 100000 0.115333 2.3923 
0.999956 0.806321 100000 0.014508 1.18394 
0.999956 0.823261 100000 0.0599493 3.80012 
0.999955 0.828973 100000 0.0991274 1.79448 
0.999956 0.808434 100000 0.014508 3.50682 
0.999956 0.81989 100000 0.0599493 1.63459 
0.999956 0.815934 100000 0.0448671 1.57822 
0.999954 0.838652 100000 0.156833 1.65023 
0.999956 0.820267 100000 0.0585406 1.93916 
0.999955 0.829048 100000 0.0655339 25.1615 
0.999945 0.867108 100000 0.433874 100000 
0.999956 0.813108 100000 0.0448671 0.784264 
0.999955 0.829542 100000 0.104113 1.64489 
0.999954 0.831957 100000 0.125581 1.19367 
0.999955 0.824359 100000 0.103515 0.536314 
0.999954 0.833562 100000 0.125581 1.6574 
0.999954 0.840459 100000 0.157959 2.28511 
0.999955 0.823672 100000 0.0655339 2.90935 
0.999954 0.839093 100000 0.156833 1.8014 
0.999955 0.81541 100000 0.0655339 0.406379 
0.999955 0.825239 100000 0.104113 0.644746 
0.999956 0.811601 100000 0.0448671 0.536314 
0.999952 0.851032 100000 0.239473 2.54396 
0.999952 0.851661 100000 0.252038 2.26619 
0.999955 0.827996 100000 0.0790485 3.80012 
0.999952 0.852536 100000 0.24388 3.19931 
0.999951 0.857738 100000 0.281658 5.25361 
0.999956 0.814248 100000 0.0356758 1.96969 
0.999956 0.805251 100000 0.0237033 0.427152 
0.999954 0.835975 100000 0.127869 2.49267 
0.999956 0.818808 100000 0.0448671 3.50682 
0.999951 0.858496 100000 0.281658 6.51421 
0.999956 0.814796 100000 0.0599493 0.482819 
0.999954 0.836312 100000 0.125581 2.90935 
0.999956 0.8155 100000 0.0599493 0.577187 
0.999955 0.814887 100000 0.0632172 0.406379 
0.999956 0.809662 100000 0.0448671 0.317971 
0.999953 0.845313 100000 0.179757 3.25761 
0.999951 0.859442 100000 0.286742 7.86667 
0.999952 0.851672 100000 0.239473 2.90935 
0.999956 0.814248 100000 0.0356758 1.96969 
0.999956 0.820807 100000 0.0599493 2.02941 
0.999953 0.848325 100000 0.203483 3.25761 
0.999956 0.803918 100000 0.0448671 0.00610756 
0.999956 0.809041 100000 0.0294997 0.769438 
0.999956 0.81654 100000 0.0448671 1.84268 
0.999954 0.839951 100000 0.156833 2.13613 
0.999956 0.817517 100000 0.0448671 2.3923 
0.999956 0.810309 100000 0.0599493 0.116346 
0.999956 0.801891 100000 0.014508 0.341277 
0.999956 0.818622 100000 0.0599493 1.21708 
0.999956 0.804112 100000 0.0123985 0.744989 
0.999956 0.817768 100000 0.0599493 0.997136 
0.999956 0.819827 100000 0.0507158 2.90935 
0.999954 0.839693 100000 0.156833 2.02941 
0.999956 0.808747 100000 0.0346447 0.500437 
0.999956 0.811601 100000 0.0448671 0.536314 
0.999952 0.853996 100000 0.213131 11.1165 
0.999952 0.851672 100000 0.239473 2.90935 
0.999951 0.858096 100000 0.286742 5.25361 
0.999956 0.814351 100000 0.0356758 2.02941 
0.999945 0.867108 100000 0.433874 100000 
0.999957 0.797698 100000 0.00529419 0.216621 
0.999954 0.838583 100000 0.119497 6.51421 
0.999956 0.811601 100000 0.0448671 0.536314 
0.999956 0.821798 100000 0.0599493 2.58417 
0.999956 0.807003 100000 0.0123985 1.97832 
0.999956 0.818101 100000 0.0599493 1.07807 
0.999956 0.823214 100000 0.0599493 3.75084 
0.999956 0.818205 100000 0.0448671 2.91202 
0.999954 0.837585 100000 0.156833 1.333 
0.999955 0.821269 100000 0.0655339 1.65023 
0.999956 0.799605 100000 0.014508 243.557 
0.999956 0.824337 100000 0.0599493 5.25361 
0.999956 0.811086 100000 0.0237033 2.28511 
0.999954 0.844187 100000 0.125581 142.651 
0.999956 0.80729 100000 0.014508 1.65023 
0.999955 0.829343 100000 0.104113 1.57822 
0.999955 0.808695 100000 0.0655339 0.00103483 
0.999953 0.850944 100000 0.166791 115.188 
0.999955 0.832363 100000 0.0991274 3.75084 
0.999957 0.802893 100000 0.00529419 5.10452 
0.999957 0.80083 100000 0.00529419 0.536314 
0.999953 0.844214 100000 0.166791 3.80012 
0.999956 0.805826 100000 0.014508 1.01877 
0.999952 0.857063 100000 0.213131 792.873 
0.999952 0.850946 100000 0.242744 2.3405 
0.999956 0.821798 100000 0.0599493 2.58417 
0.999956 0.823478 100000 0.0599493 4.04262 
0.999954 0.838604 100000 0.156833 1.63459 
0.999956 0.81989 100000 0.0599493 1.63459 
0.999947 0.865439 100000 0.332107 100000 
0.999952 0.859417 100000 0.259729 18.0002 
0.999956 0.811402 100000 0.0599493 0.178088 
0.999955 0.826489 100000 0.0655339 6.51421 
0.999955 0.819405 100000 0.0655339 1.07807 
0.999953 0.847133 100000 0.203483 2.54396 
0.999957 0.803044 100000 0.00263753 3.25761 
0.999956 0.821735 100000 0.0599493 2.54396 
0.999952 0.855384 100000 0.252038 5.25361 
0.999954 0.831836 100000 0.119497 1.45486 
0.999952 0.852095 100000 0.24388 2.90935 
0.999956 0.812422 100000 0.0237033 5.25361 
0.999956 0.823283 100000 0.0599493 3.82336 
0.999951 0.857887 100000 0.281658 5.47065 
0.999956 0.803526 100000 0.014508 0.536314 
0.999956 0.806826 100000 0.014508 1.39571 
0.999956 0.810309 100000 0.0599493 0.116346 
0.999956 0.798041 100000 0.0123985 0.116346 
0.999956 0.802766 100000 0.0294997 0.116346 
0.999955 0.828385 100000 0.0599493 792.873 
0.999954 0.836168 100000 0.125581 2.82246 
0.999955 0.829212 100000 0.0790485 5.25361 
0.999955 0.811584 100000 0.0655339 0.116346 
0.999952 0.861201 100000 0.259729 232.525 
0.999956 0.808124 100000 0.014508 2.46719 
0.999956 0.820681 100000 0.0599493 1.96969 
0.999952 0.852205 100000 0.239549 3.25761 
0.999952 0.852095 100000 0.24388 2.90935 
0.999952 0.854552 100000 0.239473 5.7034 
0.999956 0.810309 100000 0.0599493 0.116346 
0.999956 0.80813 100000 0.0507158 0.116346 
0.999956 0.820267 100000 0.0585406 1.93916 
0.999956 0.810309 100000 0.0599493 0.116346 
0.999954 0.830796 100000 0.123063 1.02633 
0.999956 0.819054 100000 0.0448671 3.80012 
0.999953 0.851887 100000 0.203483 7.86667 
0.999956 0.810309 100000 0.0599493 0.116346 
0.999955 0.814548 100000 0.0655339 0.320565 
0.999956 0.81773 100000 0.0346447 16.9174 
0.999951 0.858094 100000 0.281658 5.79603 
0.999954 0.833499 100000 0.115333 2.3923 
0.999952 0.853027 100000 0.239473 3.92034 
0.999952 0.851672 100000 0.239473 2.90935 
0.999954 0.842673 100000 0.156833 3.75084 
0.999952 0.856627 100000 0.254628 6.9767 
0.999954 0.84219 100000 0.157959 3.25761 
0.999955 0.829443 100000 0.0668908 25.1615 
0.999955 0.823124 100000 0.0655339 2.54396 
0.999956 0.820087 100000 0.0599493 1.71172 
0.999956 0.798751 100000 0.0148794 0.116346 
0.999952 0.851975 100000 0.242744 2.90189 
0.999956 0.800138 100000 0.0237033 0.0685152 
0.999956 0.817969 100000 0.0507158 1.79448 
0.999951 0.862954 100000 0.283483 614.556 
0.999957 0.802893 100000 0.00529419 5.10452 
0.999956 0.800138 100000 0.0237033 0.0685152 
0.999952 0.851523 100000 0.213131 5.25361 
0.999956 0.81137 100000 0.0294997 1.43252 
0.999952 0.85166 100000 0.239473 2.90189 
0.999954 0.844235 100000 0.125581 172.153 
0.999956 0.819324 100000 0.0599493 1.43252 
0.999956 0.815208 100000 0.0599493 0.536314 
0.999955 0.823189 100000 0.0655339 2.58417 
0.999956 0.804202 100000 0.014508 0.644746 
0.999956 0.798041 100000 0.0123985 0.116346 
0.999954 0.840899 100000 0.156833 2.58417 
0.999954 0.838604 100000 0.156833 1.63459 
0.999956 0.824337 100000 0.0599493 5.25361 
0.999956 0.807096 100000 0.0123985 5.31919 
0.999956 0.807257 100000 0.0448671 0.145742 
0.999954 0.838064 100000 0.158022 1.41592 
0.999955 0.828113 100000 0.0991274 1.49852 
0.999956 0.82263 100000 0.0599493 3.19931 
0.999956 0.811601 100000 0.0448671 0.536314 
0.999953 0.847082 100000 0.179757 4.83711 
0.999956 0.807052 100000 0.0123985 2.02941 
0.999956 0.804392 100000 0.014508 0.67917 
0.999955 0.833106 100000 0.104184 3.50682 
0.999956 0.818205 100000 0.0448671 2.91202 
0.999955 0.814548 100000 0.0655339 0.320565 
0.999956 0.795143 100000 0.0123985 0.00610756 
0.999956 0.811601 100000 0.0448671 0.536314 
0.999954 0.836734 100000 0.125581 3.18249 
0.999956 0.810309 100000 0.0599493 0.116346 
0.999956 0.816812 100000 0.0448671 1.97832 
0.999955 0.823672 100000 0.0655339 2.90935 
0.999956 0.80729 100000 0.014508 1.65023 
0.999955 0.823695 100000 0.0779529 1.50597 
0.999955 0.825743 100000 0.0765803 2.54396 
0.999957 0.80083 100000 0.00529419 0.536314 
0.999954 0.835727 100000 0.119497 3.25382 
0.999955 0.823672 100000 0.0655339 2.90935 
0.999954 0.836316 100000 0.125581 2.91202 
0.999956 0.824337 100000 0.0599493 5.25361 
0.999956 0.811601 100000 0.0448671 0.536314 
0.999956 0.811182 100000 0.0599493 0.164619 
0.999956 0.815934 100000 0.0448671 1.57822 
0.999956 0.828309 100000 0.0599493 251.615 
0.999956 0.81654 100000 0.0599493 0.744989 
0.999954 0.842018 100000 0.156833 3.25761 
0.999954 0.838109 100000 0.149722 1.84268 
0.999955 0.821832 100000 0.0668908 1.74424 
0.999956 0.807495 100000 0.0123985 3.92034 
0.999955 0.815705 100000 0.0655339 0.43935 
0.999954 0.839873 100000 0.158022 2.02941 
0.99995 0.865304 100000 0.332107 251.615 
0.999953 0.848325 100000 0.203483 3.25761 
0.999956 0.80703 100000 0.014508 1.49852 
0.999956 0.795089 100000 0.0123985 0.00453294 
0.999955 0.814548 100000 0.0655339 0.320565 
0.999957 0.802893 100000 0.00529419 5.10452 
0.999954 0.833437 100000 0.114212 2.46719 
0.999952 0.859624 100000 0.239473 562.274 
0.999955 0.826684 100000 0.0655339 6.9767 
0.999952 0.851202 100000 0.242744 2.46719 
0.999952 0.855132 100000 0.239473 6.69693 
0.999956 0.819539 100000 0.0599493 1.50597 
0.999956 0.820313 100000 0.0448671 6.1544 
0.999954 0.836309 100000 0.128508 2.6089 
0.999956 0.814775 100000 0.0599493 0.48013 
0.999951 0.858725 100000 0.281658 6.98514 
0.999956 0.807544 100000 0.0123985 3.25761 
0.999951 0.857631 100000 0.281658 5.10452 
0.999956 0.808227 100000 0.014508 5.25361 
0.999954 0.832437 100000 0.119497 1.64489 
0.999956 0.808227 100000 0.014508 5.25361 
0.999954 0.835863 100000 0.123063 2.91202 
0.999956 0.810309 100000 0.0599493 0.116346 
0.999954 0.837937 100000 0.119497 5.47065 
0.999952 0.85166 100000 0.239473 2.90189 
0.999956 0.82829 100000 0.0599493 214.156 
0.999953 0.845814 100000 0.167091 5.47065 
0.999956 0.79736 100000 0.0123985 0.0851549 
0.999956 0.821611 100000 0.0599493 2.46719 
0.999955 0.827364 100000 0.0765803 3.75084 
0.999955 0.825831 100000 0.0655339 5.25361 
0.999955 0.829343 100000 0.104113 1.57822 
0.999954 0.840899 100000 0.156833 2.58417 
0.999956 0.820318 100000 0.0599493 1.80709 
0.999951 0.857738 100000 0.281658 5.25361 
0.999952 0.851672 100000 0.239473 2.90935 
0.999956 0.810309 100000 0.0599493 0.116346 
0.999954 0.841663 100000 0.158022 2.91202 
0.999956 0.800138 100000 0.0237033 0.0685152 
0.999952 0.858475 100000 0.259729 11.4424 
0.999954 0.840821 100000 0.156833 2.54396 
0.999955 0.818875 100000 0.0779529 0.493624 
0.999954 0.832691 100000 0.120815 1.65023 
0.999956 0.807389 100000 0.0123985 2.54396 
0.999956 0.817737 100000 0.0448671 2.54396 
0.999956 0.810309 100000 0.0599493 0.116346 
0.999956 0.819941 100000 0.0448671 5.25361 
0.999957 0.802893 100000 0.00529419 5.10452 
0.999956 0.806377 100000 0.014508 1.20494 
0.999956 0.807369 100000 0.0203394 355.719 
0.999956 0.819024 100000 0.0599493 1.33603 
0.999956 0.807567 100000 0.0599493 0.00610756 
0.999952 0.851286 100000 0.213131 4.95372 
0.999954 0.835669 100000 0.125581 2.54396 
0.999956 0.807406 100000 0.0123985 2.58417 
0.999954 0.839873 100000 0.158022 2.02941 
0.999957 0.80083 100000 0.00529419 0.536314 
0.999956 0.810498 100000 0.0448671 0.401053 
0.999956 0.796874 100000 0.0123985 0.0651896 
0.999956 0.802113 100000 0.014508 0.363444 
0.999956 0.820087 100000 0.0599493 1.71172 
0.999956 0.805826 100000 0.014508 1.01877 
0.999956 0.814091 100000 0.0599493 0.401053 
0.999954 0.843258 100000 0.157959 4.11206 
0.999956 0.804472 100000 0.014508 0.694209 
0.999956 0.82446 100000 0.0599493 5.47065 
0.999953 0.844154 100000 0.166791 3.75084 
0.999945 0.867108 100000 0.433874 100000 
0.999956 0.82263 100000 0.0599493 3.19931 
0.999956 0.808227 100000 0.014508 5.25361 
0.999955 0.823672 100000 0.0655339 2.90935 
0.999953 0.847446 100000 0.179757 5.28621 
0.999956 0.810661 100000 0.0237033 214.156 
0.999954 0.844559 100000 0.156833 5.86603 
0.999956 0.811402 100000 0.0599493 0.178088 
0.999956 0.806703 100000 0.0448671 0.116346 
0.999956 0.812425 100000 0.0507158 0.458704 
0.999952 0.855406 100000 0.242418 6.69693 
0.999955 0.829343 100000 0.104113 1.57822 
0.999956 0.814248 100000 0.0356758 1.96969 
0.999954 0.837813 100000 0.156833 1.39571 
0.999956 0.821255 100000 0.0585406 2.46719 
0.999957 0.803855 100000 0.00529419 1.39571 
0.999956 0.806605 100000 0.0123985 1.65023 
0.999956 0.805379 100000 0.0123985 1.07807 
0.999956 0.807775 100000 0.014508 2.02941 
0.999952 0.851032 100000 0.239473 2.54396 
0.999956 0.813164 100000 0.0599493 0.31021 
0.999956 0.828203 100000 0.0599493 128.557 
0.999953 0.845814 100000 0.167091 5.47065 
0.999956 0.806039 100000 0.0123985 1.33603 
0.999955 0.823676 100000 0.0655339 2.91202 
0.999955 0.829425 100000 0.103515 1.64489 
0.999952 0.857463 100000 0.259729 7.93106 
0.999955 0.814548 100000 0.0655339 0.320565 
0.999956 0.810309 100000 0.0599493 0.116346 
0.999952 0.852099 100000 0.24388 2.91202 
0.999956 0.8207 100000 0.0599493 1.97832 
0.999956 0.819014 100000 0.0599493 1.333 
0.999956 0.822266 100000 0.0599493 2.90935 
0.999956 0.816249 100000 0.0599493 0.694209 
0.999955 0.816028 100000 0.0655339 0.477785 
0.999956 0.812422 100000 0.0237033 5.25361 
0.999955 0.829343 100000 0.104113 1.57822 
0.999956 0.807503 100000 0.0123985 2.90935 
0.999954 0.838064 100000 0.158022 1.41592 
0.999957 0.801146 100000 0.00529419 0.586005 
0.999955 0.821665 100000 0.0655339 1.80703 
0.999956 0.81652 100000 0.0599493 0.741457 
0.999955 0.826309 100000 0.0765803 2.90189 
0.999956 0.815096 100000 0.0346447 2.82246 
0.999955 0.823672 100000 0.0655339 2.90935 
0.999952 0.851672 100000 0.239473 2.90935 
0.999956 0.815654 100000 0.0306611 251.615 
0.999955 0.830075 100000 0.0655339 251.615 
0.999956 0.817205 100000 0.0599493 0.873213 
0.999945 0.867108 100000 0.433874 100000 
0.999956 0.825748 100000 0.0599493 8.93478 
0.999953 0.84618 100000 0.190432 2.91202 
0.999945 0.867108 100000 0.433874 100000 
0.999957 0.799606 100000 0.00529419 8.19794 
0.999952 0.857463 100000 0.259729 7.93106 
0.999952 0.861186 100000 0.259729 214.156 
0.999951 0.862751 100000 0.281658 251.615 
0.999956 0.810309 100000 0.0599493 0.116346 
0.999955 0.818552 100000 0.0655339 0.884822 
0.999955 0.808326 100000 0.0632172 0.00610756 
0.999956 0.816812 100000 0.0448671 1.97832 
0.999956 0.808434 100000 0.014508 3.50682 
0.999954 0.839693 100000 0.156833 2.02941 
0.999956 0.816812 100000 0.0448671 1.97832 
0.999954 0.832701 100000 0.125581 1.39151 
0.999955 0.832764 100000 0.104113 3.25761 
0.999956 0.800138 100000 0.0237033 0.0685152 
0.999954 0.836316 100000 0.125581 2.91202 
0.999956 0.816908 100000 0.0448671 2.02941 
0.999956 0.801764 100000 0.0294997 0.0710077 
0.999954 0.837813 100000 0.156833 1.39571 
0.999956 0.810309 100000 0.0599493 0.116346 
0.999956 0.813565 100000 0.0294997 2.90935 
0.999948 0.866991 100000 0.433874 214.156 
0.999955 0.823672 100000 0.0655339 2.90935 
0.999954 0.839693 100000 0.156833 2.02941 
0.999956 0.810309 100000 0.0599493 0.116346 
0.999952 0.852115 100000 0.239473 3.19931 
0.999956 0.810309 100000 0.0599493 0.116346 
0.999953 0.845814 100000 0.167091 5.47065 
0.999953 0.851132 100000 0.203483 6.32971 
0.999955 0.824706 100000 0.0655339 3.80012 
0.999955 0.823676 100000 0.0655339 2.91202 
0.999957 0.804197 100000 0.00529419 1.64489 
0.999956 0.816872 100000 0.0356758 5.10452 
0.999956 0.811601 100000 0.0448671 0.536314 
0.999956 0.816579 100000 0.0448671 1.86176 
0.999956 0.808227 100000 0.014508 5.25361 
0.999956 0.816603 100000 0.0448671 1.8734 
0.999956 0.818575 100000 0.0448671 3.25761 
0.999956 0.816908 100000 0.0448671 2.02941 
0.999956 0.794761 100000 0.0123985 792.873 
0.999956 0.822266 100000 0.0599493 2.90935 
0.999952 0.851672 100000 0.239473 2.90935 
0.999956 0.822269 100000 0.0599493 2.91202 
0.999956 0.801042 100000 0.0123985 0.317971 
0.999956 0.804087 100000 0.014508 0.624803 
0.999954 0.831713 100000 0.123063 1.244 
0.999956 0.804115 100000 0.0346447 0.116346 
0.999956 0.802608 100000 0.0123985 0.492371 
0.999956 0.812148 100000 0.0294997 1.79644 
0.999956 0.819949 100000 0.0599493 1.6574 
0.999952 0.852198 100000 0.239473 3.25761 
0.999956 0.804674 100000 0.014508 0.734074 
0.999956 0.810309 100000 0.0599493 0.116346 
0.999953 0.845814 100000 0.167091 5.47065 
0.999956 0.808395 100000 0.014508 3.19931 
0.999953 0.8391 100000 0.166791 1.34504 
0.999956 0.824337 100000 0.0599493 5.25361 
0.999956 0.802687 100000 0.014508 0.426272 
0.999955 0.830313 100000 0.103515 1.97832 
0.999954 0.840899 100000 0.156833 2.58417 
0.999954 0.839159 100000 0.125581 5.60825 
0.999952 0.855406 100000 0.242418 6.69693 
0.999956 0.821397 100000 0.0599493 2.3405 
0.999956 0.822266 100000 0.0599493 2.90935 
0.999956 0.807263 100000 0.0123985 4.83711 
0.999954 0.838953 100000 0.125581 5.31919 
0.999956 0.805552 100000 0.0448671 0.0642054 
0.999956 0.810472 100000 0.0448671 0.398222 
0.999956 0.808324 100000 0.014508 2.90935 
0.999956 0.81974 100000 0.0599493 1.57822 
0.999956 0.810309 100000 0.0599493 0.116346 
0.999956 0.807389 100000 0.0123985 2.54396 
0.999956 0.805262 100000 0.0123985 1.04006 
0.999953 0.843623 100000 0.164748 3.56481 
0.999957 0.797698 100000 0.00529419 0.216621 
0.999954 0.842018 100000 0.156833 3.25761 
0.999956 0.817969 100000 0.0507158 1.79448 
0.999955 0.810557 100000 0.0655339 0.0685152 
0.999952 0.856092 100000 0.260337 5.25361 
0.999956 0.818629 100000 0.0448671 3.31366 
0.999957 0.803855 100000 0.00529419 1.39571 
0.999952 0.85186 100000 0.229901 3.72982 
0.999956 0.808434 100000 0.014508 3.50682 
0.999955 0.827996 100000 0.0790485 3.80012 
0.999954 0.8402 100000 0.156833 2.24508 
0.999954 0.840899 100000 0.156833 2.58417 
0.999954 0.836724 100000 0.123063 3.50682 
0.999956 0.823537 100000 0.0599493 4.11206 
0.999957 0.802893 100000 0.00529419 5.10452 
0.999956 0.81895 100000 0.0585406 1.42149 
0.999955 0.823672 100000 0.0655339 2.90935 
0.999954 0.833562 100000 0.125581 1.6574 
0.999945 0.867108 100000 0.433874 100000 
0.999956 0.807503 100000 0.0123985 2.90935 
0.999956 0.799178 100000 0.0123985 0.178373 
0.999956 0.819917 100000 0.0599493 1.64489 
0.999956 0.807517 100000 0.0599493 0.00453294 
0.999954 0.829877 100000 0.114212 1.18394 
0.999956 0.822266 100000 0.0599493 2.90935 
0.999956 0.820351 100000 0.0585406 1.97832 
0.999954 0.836168 100000 0.125581 2.82246 
0.999954 0.842018 100000 0.156833 3.25761 
0.999952 0.852481 100000 0.242418 3.25761 
0.999956 0.808227 100000 0.014508 5.25361 
0.999957 0.801146 100000 0.00529419 0.586005 
0.999954 0.835105 100000 0.125581 2.26619 
0.999956 0.822266 100000 0.0599493 2.90935 
0.999955 0.822553 100000 0.0632172 2.54396 
0.999945 0.867108 100000 0.433874 100000 
0.999956 0.806358 100000 0.0123985 1.49852 
0.999955 0.814491 100000 0.0668908 0.28884 
0.999956 0.823214 100000 0.0599493 3.75084 
0.999954 0.833566 100000 0.125581 1.65898 
0.999956 0.827753 100000 0.0585406 136.39 
0.999954 0.834338 100000 0.125581 1.93916 
0.999955 0.830339 100000 0.0668908 114.424 
0.999952 0.856951 100000 0.213131 251.615 
0.999951 0.857557 100000 0.283483 4.83711 
0.999956 0.822142 100000 0.0595077 2.90189 
0.999954 0.836316 100000 0.125581 2.91202 
0.999956 0.811601 100000 0.0448671 0.536314 
0.999956 0.814929 100000 0.0294997 214.156 
0.999956 0.820087 100000 0.0599493 1.71172 
0.999956 0.821265 100000 0.0599493 2.26619 
0.999954 0.839565 100000 0.156833 1.97832 
0.999954 0.839951 100000 0.156833 2.13613 
0.999956 0.810309 100000 0.0599493 0.116346 
0.999956 0.819931 100000 0.0599493 1.65023 
0.999951 0.858496 100000 0.281658 6.51421 
0.999951 0.861861 100000 0.268865 214.156 
0.999953 0.840777 100000 0.167091 1.86176 
0.999955 0.826001 100000 0.0752083 2.90935 
0.999955 0.83112 100000 0.104113 2.28511 
0.999956 0.816464 100000 0.0448671 1.80703 
0.999951 0.858496 100000 0.281658 6.51421 
0.999955 0.827258 100000 0.0785745 3.25761 
0.999956 0.795702 100000 0.014508 0.00453294 
0.999955 0.828973 100000 0.0991274 1.79448 
0.999954 0.849618 100000 0.156833 214.156 
0.999952 0.851672 100000 0.239473 2.90935 
0.999955 0.823202 100000 0.0779529 1.35125 
0.999953 0.843456 100000 0.167091 3.19931 
0.999952 0.855384 100000 0.252038 5.25361 
0.999955 0.823672 100000 0.0655339 2.90935 
0.999957 0.802745 100000 0.00529419 5.25361 
0.999956 0.80813 100000 0.0507158 0.116346 
0.999954 0.839951 100000 0.156833 2.13613 
0.999956 0.807354 100000 0.0123985 2.46719 
0.999955 0.829343 100000 0.104113 1.57822 
0.999956 0.806826 100000 0.014508 1.39571 
0.999956 0.816127 100000 0.0448671 1.6574 
0.999955 0.832131 100000 0.103515 2.90935 
0.999953 0.842191 100000 0.167091 2.46719 
0.999954 0.833562 100000 0.125581 1.6574 
0.999954 0.84067 100000 0.156833 2.46719 
0.999952 0.851032 100000 0.239473 2.54396 
0.999956 0.81989 100000 0.0599493 1.63459 
0.999956 0.806703 100000 0.0448671 0.116346 
0.999955 0.825206 100000 0.104113 0.639764 
0.999956 0.808434 100000 0.014508 3.50682 
0.999952 0.851676 100000 0.239473 2.91202 
0.999956 0.808227 100000 0.014508 5.25361 
0.999954 0.838604 100000 0.156833 1.63459 
0.999956 0.817517 100000 0.0448671 2.3923 
0.999956 0.819324 100000 0.0599493 1.43252 
0.999954 0.834457 100000 0.116236 2.82246 
0.999956 0.810309 100000 0.0599493 0.116346 
0.999954 0.836316 100000 0.125581 2.91202 
0.999953 0.8391 100000 0.166791 1.34504 
0.999955 0.814838 100000 0.0632172 0.401053 
0.999951 0.857426 100000 0.281658 4.83711 
0.999953 0.844214 100000 0.166791 3.80012 
0.999956 0.817628 100000 0.0448671 2.46719 
0.999954 0.831957 100000 0.125581 1.19367 
0.999956 0.82102 100000 0.0599493 2.13613 
0.999954 0.839693 100000 0.156833 2.02941 
0.999956 0.823261 100000 0.0599493 3.80012 
0.999956 0.802441 100000 0.014508 0.398222 
0.999953 0.855855 100000 0.202414 614.556 
0.999956 0.816127 100000 0.0448671 1.6574 
0.999952 0.851672 100000 0.239473 2.90935 
0.999956 0.795143 100000 0.0123985 0.00610756 
0.999956 0.807003 100000 0.0123985 1.97832 
0.999956 0.823261 100000 0.0599493 3.80012 
0.999952 0.851032 100000 0.239473 2.54396 
0.999951 0.857738 100000 0.281658 5.25361 
0.999957 0.79973 100000 0.00529419 0.394459 
0.999953 0.845814 100000 0.167091 5.47065 
0.999956 0.807389 100000 0.0123985 2.54396 
0.999956 0.8207 100000 0.0599493 1.97832 
0.999955 0.835168 100000 0.104113 5.86603 
0.999956 0.815548 100000 0.0448671 1.43252 
0.999955 0.828385 100000 0.0599493 792.873 
0.999954 0.836168 100000 0.125581 2.82246 
0.999956 0.814167 100000 0.0294997 3.80012 
0.999956 0.815555 100000 0.0448671 1.43471 
0.999956 0.823949 100000 0.0585406 5.25361 
0.999956 0.820616 100000 0.0599493 1.93943 
0.999954 0.838652 100000 0.156833 1.65023 
0.999956 0.806826 100000 0.014508 1.39571 
0.999951 0.858096 100000 0.286742 5.25361 
0.999954 0.842018 100000 0.156833 3.25761 
0.999948 0.866991 100000 0.433874 214.156 
0.999955 0.818875 100000 0.0779529 0.493624 
0.999954 0.831759 100000 0.120815 1.36402 
0.999954 0.835146 100000 0.125581 2.28511 
0.999956 0.814029 100000 0.0599493 0.394459 
0.999956 0.813251 100000 0.0599493 0.317971 
0.999952 0.854552 100000 0.239473 5.7034 
0.999956 0.811767 100000 0.0585406 0.224398 
0.999955 0.832018 100000 0.0779529 18.0002 
0.999956 0.810309 100000 0.0599493 0.116346 
0.999956 0.806826 100000 0.014508 1.39571 
0.999955 0.832251 100000 0.104113 2.90935 
0.999955 0.814887 100000 0.0632172 0.406379 
0.999956 0.811601 100000 0.0448671 0.536314 
0.999957 0.795969 100000 0.00529419 0.116683 
0.999948 0.866991 100000 0.433874 214.156 
0.999954 0.839873 100000 0.158022 2.02941 
0.999955 0.823672 100000 0.0655339 2.90935 
0.999956 0.811271 100000 0.0448671 0.492371 
0.999954 0.841478 100000 0.156833 2.90935 
0.999956 0.819014 100000 0.0448671 3.75084 
0.999954 0.844124 100000 0.156833 5.25361 
0.999956 0.801042 100000 0.0123985 0.317971 
0.999957 0.804371 100000 0.00529419 3.25761 
0.999955 0.819405 100000 0.0655339 1.07807 
0.999953 0.855759 100000 0.202414 251.615 
0.999953 0.84904 100000 0.193109 5.10452 
0.999953 0.845534 100000 0.167091 5.10452 
0.999956 0.81974 100000 0.0599493 1.57822 
0.999948 0.866991 100000 0.433874 214.156 
0.999951 0.857738 100000 0.281658 5.25361 
0.999956 0.821255 100000 0.0585406 2.46719 
0.999956 0.808448 100000 0.033892 0.486907 
0.999945 0.867108 100000 0.433874 100000 
0.999951 0.859442 100000 0.286742 7.86667 
0.999955 0.825851 100000 0.0655339 5.28621 
0.999956 0.810309 100000 0.0599493 0.116346 
0.999954 0.838572 100000 0.125581 4.83711 
0.999951 0.859442 100000 0.286742 7.86667 
0.999956 0.806703 100000 0.0448671 0.116346 
0.999956 0.805754 100000 0.014508 0.997136 
0.999956 0.815105 100000 0.0448671 1.28292 
0.999954 0.836316 100000 0.125581 2.91202 
0.999954 0.835105 100000 0.125581 2.26619 
0.999956 0.812324 100000 0.0448671 0.644746 
0.999956 0.819827 100000 0.0507158 2.90935 
0.999955 0.814548 100000 0.0655339 0.320565 
0.999955 0.829553 100000 0.104113 1.6486 
0.999954 0.839093 100000 0.156833 1.8014 
0.999954 0.838347 100000 0.158022 1.49852 
0.999954 0.832437 100000 0.119497 1.64489 
0.999954 0.841658 100000 0.158022 2.90935 
0.999956 0.803796 100000 0.014508 0.577187 
0.999956 0.800138 100000 0.0237033 0.0685152 
0.999956 0.819719 100000 0.0585406 1.70224 
0.999956 0.819573 100000 0.0436947 5.25361 
0.999952 0.851672 100000 0.239473 2.90935 
0.999951 0.859442 100000 0.286742 7.86667 
0.999954 0.839951 100000 0.156833 2.13613 
0.999953 0.848325 100000 0.203483 3.25761 
0.999955 0.837573 100000 0.0991274 25.1615 
0.999955 0.827649 100000 0.104113 1.10485 
0.999956 0.813783 100000 0.0294997 3.18249 
