0.639762 0.461027 16.6129 0.1 0.110094 
0.927477 0.000247774 1000 19.8238 0.396148 
0.94887 8.8525e-07 1000 1000 0.110094 
0.697919 0.26855 1000 0.1 0.1 
0.898841 0.00680711 1000 2.30284 0.1 
0.94887 3.88661e-07 1000 1000 0.223495 
0.802485 0.214788 577.022 0.240362 0.1 
0.94887 1.72016e-06 1000 1000 0.424438 
0.94887 1.91142e-07 1000 1000 0.639739 
0.94887 2.6553e-05 1000 1000 0.1 
0.697919 0.424254 1000 0.1 0.1 
0.905105 0.002605 1000 3.23474 0.1 
0.852331 0.105595 1000 0.493928 0.1 
0.94887 1.2484e-06 1000 1000 0.1 
0.903484 0.005209 1000 2.94787 0.165964 
0.94887 6.91869e-07 1000 1000 0.110094 
0.94887 2.34461e-06 1000 1000 2.21759 
0.94887 1.60441e-07 1000 1000 0.223495 
0.697919 0.400683 1000 0.1 0.1 
0.94887 7.0746e-07 1000 1000 0.1 
0.94887 8.44507e-06 1000 1000 0.110094 
0.892372 0.00686479 1000 1.69988 0.1 
0.94887 1.31596e-06 1000 1000 0.110094 
0.841751 0.166884 1000 0.398402 0.104979 
0.927193 0.000571323 1000 19.2027 0.223495 
0.94887 1.55918e-07 1000 1000 4.43792 
0.94887 2.28033e-07 1000 1000 0.1 
0.697919 0.284348 1000 0.1 0.1 
0.903484 0.00633054 1000 2.94787 0.110094 
0.892069 0.0299128 1000 1.67763 0.156804 
0.927193 0.000305802 1000 19.2027 0.223495 
0.94887 5.42516e-07 1000 1000 0.223495 
0.852331 0.106536 1000 0.493928 0.1 
0.94887 2.04228e-12 1000 1000 313.323 
0.94887 5.68727e-06 1000 1000 0.223495 
0.841751 0.171207 1000 0.398402 0.110094 
0.94887 7.10933e-08 1000 1000 0.127675 
0.697919 0.233107 1000 0.1 0.104979 
0.94887 6.51954e-07 1000 1000 0.223495 
0.94887 3.80035e-07 1000 1000 0.1 
0.94887 1.8153e-13 1000 1000 1000 
0.94887 3.92129e-06 1000 1000 0.165964 
0.94887 2.27405e-06 1000 1000 1.52301 
0.852331 0.0648627 1000 0.493928 0.223495 
0.886701 0.0458762 1000 1.34519 0.223495 
0.94887 1.25539e-05 1000 1000 0.110094 
0.94887 3.60823e-08 1000 1000 2.21759 
0.94887 1.66356e-07 1000 1000 0.639739 
0.94887 7.03518e-06 1000 1000 0.223495 
0.94887 1.61333e-11 1000 1000 120.818 
0.841751 0.123136 1000 0.398402 0.165964 
0.94243 9.13173e-05 1000 198.238 0.396148 
0.94887 1.03941e-06 1000 1000 0.146958 
0.94887 7.76264e-06 1000 1000 0.639739 
0.94887 4.73259e-06 1000 1000 0.223495 
0.852331 0.0736174 1000 0.493928 0.1 
0.94887 2.9544e-08 1000 1000 5.31857 
0.94887 8.32349e-07 1000 1000 0.110094 
0.94887 2.38241e-07 1000 1000 0.110094 
0.905105 0.0030923 1000 3.23474 0.1 
0.927477 0.000247774 1000 19.8238 0.396148 
0.94887 4.73259e-06 1000 1000 0.223495 
0.697919 0.400683 1000 0.1 0.1 
0.94887 3.31099e-07 1000 1000 4.43792 
0.860199 0.059796 1000 0.592761 0.1 
0.94887 7.55546e-07 1000 1000 0.14347 
0.94887 8.89204e-07 1000 1000 0.1 
0.94887 8.44507e-06 1000 1000 0.110094 
0.94887 8.84079e-07 1000 1000 0.223495 
0.94887 8.44507e-06 1000 1000 0.110094 
0.94887 8.86448e-13 1000 1000 1000 
0.94887 1.60265e-07 1000 1000 0.110094 
0.94887 1.17904e-06 1000 1000 0.1 
0.697919 0.284348 1000 0.1 0.1 
0.892372 0.0120949 1000 1.69988 0.1 
0.697919 0.228078 1000 0.1 0.110094 
0.94887 9.69155e-07 1000 1000 0.223495 
0.697919 0.33754 1000 0.1 0.1 
0.94887 1.71977e-07 1000 1000 0.1 
0.94887 8.06471e-07 1000 1000 0.223495 
0.94887 1.18316e-07 1000 1000 0.223495 
0.697919 0.400683 1000 0.1 0.1 
0.809164 0.174251 1000 0.240362 0.1 
0.94887 7.14693e-07 1000 1000 0.223495 
0.94887 3.64952e-07 1000 1000 0.223495 
0.94887 4.06427e-08 1000 1000 0.223495 
0.892069 0.015147 1000 1.67763 0.104979 
0.94887 8.36e-07 1000 1000 0.104979 
0.94887 2.78579e-07 1000 1000 0.424438 
0.697919 0.331471 1000 0.1 0.104979 
0.94887 1.16338e-06 1000 1000 0.110094 
0.852331 0.0648627 1000 0.493928 0.223495 
0.94887 3.87309e-06 1000 1000 0.1 
0.697919 0.378421 1000 0.1 0.1 
0.94887 2.64922e-06 1000 1000 0.223495 
0.94887 3.21718e-08 1000 1000 0.127675 
0.94887 1.2484e-06 1000 1000 0.1 
0.697919 0.318787 1000 0.1 0.1 
0.94887 5.68727e-06 1000 1000 0.223495 
0.94887 7.41408e-07 1000 1000 0.396148 
