0.993757 0.613183 1500 1500 1500 0.319797 6.35723 1500 0.182127 0.538138 1500 0.049359 1500 0.415392 0.248299 1.85488 1500 0.0443432 1500 0.115663 1.07551 1500 1500 0.434803 1500 2.79877 1500 0.945906 1500 0.163824 
0.992744 0.718118 1500 8.98097 1500 1500 7.80844 0.127024 0.182127 0.908042 1500 1500 1500 1500 0.0658376 1500 1500 0.951017 1.28031 78.25 1500 1500 0.106568 0.0593815 1.96221 1500 1500 0.217178 1500 0.163824 
0.993644 0.664493 1500 1500 1500 23.6607 7.80844 0.091003 0.0696866 0.0593745 1500 1500 1500 1500 0.0658376 2.07196 1500 0.0501963 1.28031 9.97375 1.07551 1500 0.05478 0.0593815 9.65645 1500 1500 0.0633176 1500 3.88163 
0.993896 0.608864 1500 1500 1500 0.319797 6.35723 1500 0.182127 0.538138 1500 0.049359 1500 0.227517 0.248299 1.85488 1500 0.0443432 1500 0.115663 1.07551 1500 1500 0.434803 1500 2.79877 1500 0.945906 1500 0.163824 
0.992912 0.714527 0.974322 1500 1500 1500 13.6523 0.136612 0.0696866 0.0593745 1500 1500 1500 1500 0.0658376 1500 1500 0.951017 1.28031 9.97375 0.103281 1500 0.05478 0.0593815 1500 0.367105 1500 0.226661 1500 0.163824 
0.996429 0.543769 1500 1500 6.32454 0.0581769 1500 0.048938 1500 1500 1500 1500 1500 0.164895 0.0658376 0.0453287 0.579754 0.0524546 0.232238 0.0934154 7.00423 0.929138 0.05478 0.0593815 1500 1500 1500 0.226661 1500 3.88163 
0.994146 0.595314 1500 1500 6.32454 0.0636662 1500 0.136612 1500 1500 1500 1500 1500 1500 0.0658376 42.5672 1500 0.0524546 0.232238 0.0934154 1500 1500 0.05478 0.0593815 1500 1500 1500 1500 1500 3.88163 
0.992871 0.715691 8.68403 8.98097 1500 1500 7.80844 0.0470689 0.182127 1500 1500 1500 1500 1500 0.0658376 1500 1500 0.951017 1.28031 78.25 1.25037 1500 0.05478 0.0593815 1500 1500 1500 0.314879 1500 3.9274 
0.99643 0.525486 1500 1500 6.32454 0.0581769 1500 0.048938 1500 0.0517716 1500 1500 1500 0.164895 0.0658376 1500 0.579754 0.0524546 0.981202 0.0934154 1500 0.929138 0.05478 0.0593815 1500 1500 1500 1500 1500 3.88163 
0.996435 0.371543 1500 1500 6.32454 0.0636662 1500 0.048938 1500 1500 1500 1500 1500 0.415392 0.0658376 3.79948 1500 0.0524546 0.981202 59.7412 1500 1500 0.05478 0.0593815 1500 1500 1500 1500 1500 3.88163 
0.994145 0.595341 1500 1500 6.32454 0.0636662 1500 0.136612 1500 0.0517716 1500 1500 1500 1500 0.0658376 42.5672 1500 0.0524546 0.232238 0.0934154 9.396 1500 0.05478 0.0593815 1500 1500 1500 1500 1500 3.88163 
0.993599 0.668155 5.34109 1500 1500 1500 7.80844 0.091003 0.0696866 0.568053 1500 1500 1500 1500 0.0658376 2.07196 1500 0.0501963 1.28031 9.97375 1.07551 1500 0.05478 0.0593815 9.65645 1500 1500 0.226661 1500 3.88163 
0.99034 0.728099 8.68403 1500 1500 1500 68.2537 0.136612 0.0696866 1500 1500 1500 1500 1500 0.0658376 0.652716 1500 0.951017 1.28031 1500 1500 1500 0.05478 0.0593815 1500 1500 1500 0.226661 1500 0.163824 
0.993543 0.674385 1500 1500 1500 1500 7.80844 0.136612 0.206622 0.0593745 1500 1500 1500 1500 0.0658376 1500 1500 0.0501963 1.28031 9.97375 0.757051 1500 0.05478 0.0593815 1500 1500 1500 0.226661 1500 0.163824 
0.994211 0.594737 1500 1500 6.32454 0.0636662 1500 0.0730822 1500 1500 1500 1500 1500 1500 0.0658376 42.5672 1500 0.0524546 0.232238 0.0934154 1500 1500 0.05478 0.0593815 1500 1500 1500 1500 1500 3.88163 
0.993587 0.670769 1500 1500 1500 1500 7.80844 0.091003 0.138598 0.0593745 1500 1500 1500 1500 0.0658376 2.07196 1500 0.0501963 1.28031 9.97375 1.07551 1500 0.05478 0.0593815 9.65645 1500 1500 0.0633176 1500 0.163824 
0.989925 0.728745 1500 1500 1500 1500 68.2537 0.136612 0.0696866 0.0593745 1500 1500 1500 1500 0.0658376 1500 1500 1.26191 1.28031 1500 7.00423 1500 0.05478 0.0593815 9.65645 1500 1500 0.226661 1500 0.163824 
0.996364 0.591718 1500 1500 5.07275 0.0636662 1500 0.136612 1500 1500 1500 1500 1500 12.7656 0.0658376 3.79948 1500 0.0524546 0.232238 0.115663 0.0444672 1500 0.05478 0.0593815 1500 1500 1500 1500 1500 3.11014 
0.996396 0.583238 1500 1500 6.32454 0.0581769 1500 0.048938 1500 0.0517716 1500 1500 1500 10.7841 0.0658376 0.0607411 1500 0.0524546 0.151168 0.0934154 1.07551 0.929138 0.05478 0.0915392 9.65645 1500 1500 1500 1500 1500 
0.993221 0.701587 5.34109 1500 1500 23.6607 7.80844 0.091003 0.138598 0.0593745 1500 1500 1500 1500 0.0658376 1500 1500 0.653633 1.28031 9.97375 0.103281 1500 0.05478 0.0593815 0.155342 1500 1500 0.0633176 1500 3.88163 
0.992444 0.724172 1500 1500 1500 1500 68.2537 0.136612 0.0696866 0.0593745 69.8813 1500 1500 1500 0.0658376 1500 1500 1.26191 1.28031 9.97375 0.757051 1500 0.05478 0.0887822 1500 1500 1500 0.226661 1500 0.163824 
0.993404 0.689739 1500 1500 1500 1500 7.80844 0.091003 0.0696866 1500 1500 1500 1500 1500 0.0658376 2.07196 1500 0.332836 1.28031 9.97375 1.07551 1500 0.05478 0.0593815 9.65645 1500 1500 0.226661 1500 3.88163 
0.993575 0.672113 8.68403 1500 1500 1500 7.80844 0.091003 0.182127 1500 1500 1500 1500 1500 0.0658376 1500 1500 0.0501963 1.28031 9.97375 1.25037 1500 0.05478 0.0593815 1500 96.7449 1500 0.0633176 1500 3.88163 
0.993018 0.707548 5.34109 1500 1500 23.6607 7.80844 0.091003 0.138598 1500 1500 1500 1500 1500 0.0658376 1500 1500 0.951017 1.28031 9.97375 1500 1500 0.05478 0.0593815 1500 1500 1500 0.0633176 1500 3.9274 
0.996418 0.575282 1500 1500 6.32454 0.0636662 1500 0.0730822 1500 1500 1500 1500 1500 1.52224 0.0658376 42.5672 1500 0.0524546 0.232238 0.0934154 1500 1500 0.05478 0.0593815 1500 1500 1500 18.2905 1500 3.88163 
0.992479 0.723392 1500 1500 1500 1500 68.2537 0.091003 0.0696866 0.0593745 1500 1500 1500 1500 0.0658376 2.07196 1500 1.26191 1.28031 9.97375 0.757051 1500 0.05478 0.0887822 1500 1500 1500 0.0633176 1500 3.88163 
0.99376 0.613117 1500 1500 1500 0.319797 6.35723 1500 0.182127 5.04314 1500 0.049359 1500 0.415392 0.248299 1.85488 1500 0.0443432 1500 0.115663 0.267268 1500 1500 0.434803 1500 2.79877 1500 0.945906 1500 0.163824 
0.996416 0.583173 1500 1500 6.32454 0.0581769 1500 0.048938 1500 0.226931 1500 1500 1500 10.7841 0.0658376 3.79948 1500 0.0524546 0.151168 0.0934154 1500 0.929138 0.05478 0.0593815 9.65645 1500 1500 1500 1500 1500 
0.993897 0.608844 1500 1500 1500 0.319797 6.35723 1500 0.182127 0.538138 1500 0.049359 1500 0.227517 0.248299 1.85488 1500 0.0443432 1500 0.115663 1.07551 1500 1500 0.434803 1500 2.79877 1500 0.945906 1500 0.163824 
0.994108 0.598155 1500 1500 6.32454 0.121383 1500 0.136612 1500 1500 1500 1500 1500 1500 0.0658376 3.79948 1500 0.0524546 0.232238 0.115663 1500 1500 0.0525885 0.0593815 1500 1500 1500 1500 1500 3.88163 
0.994141 0.595713 1500 1500 6.32454 0.0581769 1500 0.136612 1500 1500 1500 1500 1500 1500 0.0658376 0.0607411 1500 0.0524546 0.151168 0.115663 1.07551 1500 0.05478 0.0593815 1500 1500 1500 1500 1500 1500 
0.993644 0.664492 1500 1500 1500 23.6607 7.80844 0.091003 0.0696866 0.0593745 1500 1500 1500 1500 0.0658376 2.07196 1500 0.0501963 1.28031 9.97375 1.07551 1500 0.05478 0.0593815 9.65645 1500 1500 0.0633176 1500 0.163824 
0.993518 0.680147 1500 1500 1500 1500 7.80844 0.091003 0.206622 0.568053 1500 1500 1500 1500 0.0658376 1500 1500 0.131124 1.28031 9.97375 0.757051 1500 0.05478 0.0593815 1500 1500 1500 0.226661 1500 3.88163 
0.993552 0.672519 1500 1500 1500 1500 7.80844 0.091003 0.206622 0.568053 1500 1500 1500 1500 0.0658376 1500 1500 0.0501963 1.28031 9.97375 5.83685 1500 0.05478 0.0593815 1500 0.57588 1500 0.226661 1500 0.163824 
0.996435 0.373239 1500 1500 6.32454 0.0636662 1500 0.048938 1500 1500 1500 1500 1500 0.415392 0.0658376 3.79948 1500 0.0524546 0.981202 59.7412 1500 1500 0.05478 0.0593815 1500 1500 1500 1500 1500 3.88163 
0.993542 0.677136 8.68403 1500 1500 1500 7.80844 0.0470689 0.182127 0.0593745 1500 1500 1500 1500 0.0658376 1500 1500 0.126588 1.28031 9.97375 0.103281 1500 0.05478 0.0593815 0.155342 1500 1500 0.314879 1.93347 3.9274 
0.993416 0.682897 8.68403 1500 1500 1500 7.80844 0.136612 0.0696866 1500 1500 1500 1500 1500 0.0658376 1500 1500 0.126588 1.28031 78.25 0.103281 1500 0.05478 0.0593815 1500 0.843657 1500 0.314879 1.93347 3.9274 
0.992934 0.711836 0.974322 1500 1500 1500 7.80844 0.136612 0.138598 0.0593745 1500 1500 1500 1500 0.0658376 1500 1500 0.951017 1.28031 9.97375 1.07551 1500 0.05478 0.0593815 1500 1500 1500 0.0633176 1500 9.99141 
0.993399 0.691551 5.34109 1500 1500 23.6607 7.80844 0.091003 0.138598 0.0593745 1500 1500 1500 1500 0.0658376 1500 1500 0.391294 1.28031 9.97375 1.25037 1500 0.05478 0.0593815 0.155342 1500 1500 0.0633176 1500 3.88163 
0.993404 0.689737 0.150874 1500 1500 1500 7.80844 0.091003 0.0696866 1500 1500 1500 1500 1500 0.0658376 2.07196 1500 0.332836 1.28031 9.97375 1.07551 1500 0.05478 0.0593815 9.65645 1500 1500 0.226661 1500 3.88163 
0.993599 0.668156 1500 1500 1500 1500 7.80844 0.091003 0.0696866 1500 1500 1500 1500 1500 0.0658376 2.07196 1500 0.0501963 1.28031 9.97375 1.07551 1500 0.05478 0.0593815 1500 1500 1500 0.226661 1500 3.88163 
0.993475 0.68242 5.34109 1500 1500 23.6607 36.4373 0.288545 0.0696866 0.0593745 1.85654 1500 1500 1500 0.0658376 2.07196 1500 0.0501963 1.28031 9.97375 1.07551 1500 0.05478 0.0593815 9.65645 1500 1500 0.0633176 1500 3.88163 
0.992977 0.709118 1500 1500 1500 1500 7.80844 0.091003 0.0696866 0.568053 1500 1500 1500 1500 0.0658376 2.07196 1500 0.951017 1.28031 9.97375 1.07551 1500 0.05478 0.0593815 1.96221 1500 1500 0.217178 1500 0.163824 
0.993347 0.698417 1500 1500 1500 1500 7.80844 0.091003 0.182127 1500 1500 1500 1500 1500 0.0658376 2.07196 1500 0.332836 1.28031 35.2398 1500 1500 0.05478 0.0593815 9.65645 96.7449 1500 0.0633176 1500 0.191431 
0.99317 0.704887 1500 1500 1500 1500 7.80844 0.091003 0.138598 0.0593745 1500 1500 1500 1500 0.0658376 2.07196 1500 0.653633 1.28031 9.97375 1.07551 1500 0.05478 0.0593815 9.65645 1500 1500 7.90876 1500 3.88163 
0.992948 0.710787 1500 8.98097 1500 1500 7.80844 0.091003 0.182127 1500 1500 1500 1500 1500 0.0658376 2.07196 1500 0.951017 1.28031 9.97375 0.574929 1500 0.05478 0.0593815 1.96221 1500 1500 0.217178 1500 3.88163 
0.992815 0.717776 8.68403 8.98097 1500 1500 7.80844 0.127024 0.182127 0.908042 1500 1500 1500 1500 0.0658376 0.184854 1500 0.951017 1.28031 78.25 1500 1500 0.05478 0.0593815 1500 1500 1500 0.217178 1500 0.163824 
0.992965 0.710731 5.34109 1500 1500 1500 7.80844 0.091003 0.138598 1500 1500 1500 1500 1500 0.0658376 1500 1500 0.951017 1.28031 9.97375 4.727 1500 0.05478 0.0593815 1500 1500 1500 0.0633176 1500 0.163824 
0.993049 0.706298 8.68403 1500 1500 23.6607 7.80844 0.0470689 0.138598 1500 1500 1500 1500 1500 0.0658376 1500 1500 0.951017 1.28031 9.97375 1500 1500 0.05478 0.0593815 1500 1500 1500 9.1308 1500 3.9274 
0.99643 0.500301 1500 1500 6.32454 0.0581769 1500 0.048938 1500 0.0517716 1500 1500 1500 0.164895 0.0658376 1500 0.579754 0.0524546 0.232238 1.39966 7.00423 1.53007 0.05478 0.0593815 1500 1500 1500 1.58697 1500 3.88163 
