0.996968 0.818932 1500 1500 1500 0.110172 0.0626099 1500 0.0446802 1500 1500 0.0458132 1500 1500 1500 1500 1500 1500 1500 0.175063 0.0536935 6.20781 0.0511676 0.0584587 0.988037 1500 1500 0.621502 1500 1500 
0.996973 0.816642 1500 1500 1500 0.110172 0.0626099 1500 0.0446802 0.0534301 1500 0.0458132 1500 1500 1500 1500 1500 1500 1500 0.0835931 0.0757199 86.1872 0.0511676 0.0584587 0.988037 1500 1500 51.1641 1500 1500 
0.996973 0.816645 1500 1500 1500 0.110172 0.0626099 1500 0.0446802 1500 1500 0.0458132 1500 1500 1500 1500 1500 1500 1500 0.0835931 0.0757199 96.6913 0.0511676 0.0584587 0.988037 1500 1500 1.66649 1500 1500 
0.996973 0.816647 1500 1500 1500 0.110172 0.0626099 1500 0.0446802 1500 1500 0.0458132 1500 1500 1500 0.299376 1500 1500 1500 0.0835931 0.0757199 96.6913 0.0511676 0.0584587 0.988037 1500 1500 1.66649 1500 1500 
0.996968 0.818925 1500 1500 1500 0.110172 0.0626099 1500 0.0446802 1500 1500 0.0458132 1500 1500 1500 1500 1500 1500 1500 0.175063 1500 6.20781 0.0511676 0.0584587 0.988037 1500 1500 0.621502 1500 1500 
0.996969 0.817451 1500 1500 1500 0.110172 0.126298 1500 0.0446802 1.98436 1500 0.0458132 1500 1500 1500 1500 1500 1500 1500 0.0835931 0.0757199 6.20781 0.0511676 0.0709399 0.988037 1500 1500 0.922658 1500 1500 
0.996966 0.8255 1500 1500 1500 0.110172 0.468499 1500 0.0446802 1500 1500 0.0458132 1500 1500 1500 1500 1500 1500 1500 0.0835931 0.0757199 1500 0.0511676 0.0584587 0.988037 1500 1500 1.66649 1500 0.275561 
0.996973 0.816631 1500 1500 1500 0.110172 0.0626099 1500 0.0446802 0.0534301 1500 0.0458132 1500 1500 1500 1500 1500 1500 1500 0.0835931 0.0757199 86.1872 0.0511676 0.0584587 0.988037 1500 1500 51.1641 1500 1500 
0.996974 0.816803 1500 1500 1500 0.110172 0.0626099 1500 0.0446802 0.0534301 1500 0.0458132 1500 1500 1500 1500 1500 1500 1500 0.0835931 1500 1500 0.0511676 0.0584587 0.988037 1500 1500 1500 1500 1500 
0.996974 0.816798 1500 1500 1500 0.110172 0.0626099 1500 0.0446802 1500 1500 0.0458132 1500 1500 1500 1500 1500 1500 1500 0.0835931 0.0536935 1500 0.0511676 0.0584587 0.988037 1500 1500 0.621502 1500 1500 
0.996974 0.816798 1500 1500 1500 0.110172 0.0626099 1500 0.0446802 0.0534301 1500 0.0458132 1500 1500 1500 1500 1500 1500 1500 0.0835931 0.0757199 1500 0.0511676 0.0584587 0.988037 1500 1500 51.1641 1500 21.7324 
0.996966 0.825485 1500 1500 1500 0.110172 0.468499 1500 0.0446802 1500 1500 0.0458132 1500 1500 1500 1500 1500 1500 1500 0.0835931 0.0757199 1500 0.0511676 0.0584587 0.988037 1500 1500 1.66649 1500 0.275561 
0.996974 0.816799 1500 1500 1500 0.110172 0.0626099 1500 0.0446802 1500 1500 0.0458132 1500 1500 1500 1500 1500 1500 1500 0.0835931 0.0757199 1500 0.0511676 0.0584587 0.988037 1500 1500 51.1641 1500 1500 
0.996974 0.816787 1500 1500 1500 0.110172 0.0626099 1500 0.0446802 0.0534301 1500 0.0458132 1500 1500 1500 0.299376 1500 1500 1500 0.0835931 0.0757199 1500 0.0511676 0.0584587 0.988037 1500 1500 1.66649 1500 8.56025 
0.996974 0.816797 1500 1500 1500 0.110172 0.0626099 1500 0.0446802 1500 1500 0.0458132 1500 1500 1500 1500 1500 1500 1500 0.0835931 0.0757199 1500 0.0511676 0.0584587 0.988037 1500 1500 0.621502 1500 1500 
0.996968 0.818935 1500 1500 1500 0.110172 0.0626099 1500 0.0446802 1500 1500 0.0458132 1500 1500 1500 1500 1500 1500 1500 0.175063 1500 6.20781 0.0511676 0.0584587 0.988037 1500 1500 1500 1500 1500 
0.996974 0.816798 1500 1500 1500 0.110172 0.0626099 1500 0.0446802 0.0534301 1500 0.0458132 1500 1500 1500 1500 1500 1500 1500 0.0835931 1500 1500 0.0511676 0.0584587 0.988037 1500 1500 1500 1500 1500 
0.996968 0.818921 1500 1500 1500 0.110172 0.0626099 1500 0.0446802 1500 1500 0.0458132 1500 1500 1500 1500 1500 1500 1500 0.175063 0.0757199 6.20781 0.0511676 0.0584587 0.988037 1500 1500 51.1641 1500 1500 
0.996973 0.816584 1500 1500 1500 0.110172 0.0626099 1500 0.0446802 1500 1500 0.0458132 1500 1500 1500 1500 1500 1500 1500 0.0835931 0.0757199 48.0383 0.0511676 0.0584587 0.988037 1500 1500 1.66649 1500 1500 
0.996966 0.820627 1500 1500 1500 0.110172 0.126298 1500 0.0446802 1.98436 1500 0.0458132 1500 1500 1500 1500 1500 1500 1500 0.175063 68.2298 6.20781 0.0511676 0.0584587 0.988037 1500 1500 0.621502 1500 1500 
