0.0522852 0.00417172 290.675 
0.0464829 0.0351826 30.6899 
0.0526864 0.00187308 652.321 
0.0511517 0.0105593 112.37 
0.052623 0.00223744 545.441 
0.0522128 0.00458452 264.138 
0.0506591 0.0132865 88.4535 
0.046442 0.0353861 30.487 
0.0258627 0.106772 5.781 
0.0506176 0.0135149 86.8879 
0.0455591 0.0397239 26.652 
0.0524349 0.00331656 366.662 
0.0524298 0.00334536 363.471 
0.0516296 0.00788524 151.87 
0.0510661 0.0110352 107.346 
0.0524701 0.00311475 390.68 
0.0467314 0.0339417 31.9786 
0.0496698 0.0186722 61.7257 
0.0523848 0.00360275 337.216 
0.0488777 0.0228965 49.5454 
0.0331866 0.0890659 8.76032 
0.0519903 0.00584881 206.166 
0.0422796 0.0549289 17.9207 
0.052586 0.00245004 497.762 
0.0520048 0.00576664 209.162 
0.0526819 0.00189923 643.286 
0.050802 0.0124985 94.2924 
0.0333198 0.0886573 8.83423 
0.0505652 0.0138026 84.99 
0.0524863 0.0030222 402.767 
0.0471394 0.0318878 34.3301 
0.0525214 0.00282088 431.798 
0.0384426 0.0708299 12.6768 
0.0300182 0.0979065 7.24827 
0.0286234 0.101243 6.70295 
0.0401831 0.0638764 14.6698 
0.018593 0.113481 4.01085 
0.0520649 0.0054253 222.577 
0.0286779 0.101119 6.72314 
0.045372 0.0406298 25.9531 
0.0335669 0.0878918 8.97392 
0.0273475 0.103981 6.25362 
0.035486 0.081614 10.1897 
0.0525919 0.00241648 504.732 
0.0480663 0.0271413 41.1132 
0.043541 0.0492522 20.5659 
0.050781 0.0126145 93.3871 
0.0513743 0.00931725 127.899 
0.0384328 0.0708678 12.6669 
0.0234996 0.110287 5.12021 
0.0438678 0.0477462 21.3697 
0.0473623 0.0307564 35.7582 
0.0231573 0.110696 5.03243 
0.0442219 0.046098 22.308 
0.0272544 0.104168 6.22251 
0.0518985 0.0063686 189.008 
0.0462793 0.0361932 29.7048 
0.0525153 0.00285594 426.447 
0.0425207 0.0538608 18.3773 
0.0519519 0.00606616 198.634 
0.0351087 0.0828943 9.93045 
0.0525179 0.00284119 428.683 
0.0483496 0.0256685 43.7244 
0.0247018 0.108646 5.44372 
0.0473465 0.030837 35.6531 
0.0521198 0.00511348 236.396 
0.0496744 0.0186474 61.8133 
0.049479 0.0196968 58.2928 
0.0525086 0.00289398 420.79 
0.0502184 0.0157008 74.2081 
0.0495288 0.0194299 59.1521 
0.0522083 0.00460981 262.666 
0.0518699 0.0065304 184.224 
0.0486708 0.0239864 47.0969 
0.0509223 0.011833 99.8297 
0.0512693 0.00990386 120.08 
0.0443059 0.0457049 22.5415 
0.0451004 0.0419372 24.9968 
0.0231453 0.11071 5.0294 
0.0498892 0.0174884 66.1911 
0.0414096 0.0587166 16.4299 
0.0337232 0.0874024 9.06408 
0.0429369 0.0519978 19.2168 
0.0495511 0.01931 59.5461 
0.0323126 0.0916738 8.2985 
0.0516636 0.00769405 155.745 
0.0525953 0.00239677 508.916 
0.023655 0.110092 5.16067 
0.0512881 0.00979926 121.405 
0.0407789 0.0613963 15.4811 
0.0495657 0.0192321 59.8046 
0.0489381 0.022577 50.3077 
0.0488492 0.0230468 49.1941 
0.0363617 0.078558 10.8356 
0.0510536 0.011105 106.646 
0.0524002 0.00351504 345.731 
0.0441123 0.0466099 22.0096 
0.0520481 0.00552103 218.647 
0.0511061 0.0108129 109.638 
0.0323351 0.0916084 8.30988 
0.0523642 0.00372072 326.397 
0.0515976 0.00806541 148.386 
0.0470528 0.0323256 33.8041 
0.0504338 0.0145239 80.5614 
0.0524197 0.00340348 357.195 
0.0293819 0.099472 6.99189 
0.0514915 0.00866083 137.903 
0.0522992 0.00409182 296.429 
0.0515024 0.0086 138.908 
0.0452481 0.0412273 25.5086 
0.0299912 0.0979743 7.23713 
0.0499894 0.0169456 68.4471 
0.0511163 0.0107563 110.236 
0.038844 0.0692653 13.0934 
0.0524478 0.00324272 375.103 
0.0511675 0.0104714 113.348 
0.050887 0.0120284 98.1404 
0.0512876 0.00980203 121.37 
0.0426634 0.0532245 18.6577 
0.0490515 0.0219761 51.8015 
0.0453125 0.0409171 25.7378 
0.0525709 0.002537 480.563 
0.0423038 0.054822 17.9656 
0.0483545 0.025643 43.7723 
0.0526771 0.00192657 634.098 
0.0404197 0.0628977 14.9828 
0.0511869 0.0103634 114.572 
0.0520502 0.00550892 219.136 
0.0522337 0.00446506 271.313 
0.0492107 0.02113 54.0482 
0.0516718 0.00764803 156.707 
0.0511955 0.0103157 115.121 
0.0500548 0.0165908 70.0011 
0.0519585 0.00602881 199.889 
0.0384223 0.0709084 12.6563 
0.0504954 0.014186 82.5804 
0.050341 0.0150313 77.7004 
0.0514867 0.00868782 137.462 
0.0518096 0.00687102 174.89 
0.0330042 0.0896205 8.6607 
0.0511501 0.0105685 112.269 
0.0526865 0.00187255 652.506 
0.0506373 0.0134065 87.6242 
0.0524732 0.00309702 392.939 
0.0475588 0.0297538 37.1139 
0.0520938 0.00526102 229.653 
0.0523598 0.00374586 324.179 
0.0519932 0.00583241 206.757 
0.0523801 0.00362959 334.692 
0.0403669 0.0631169 14.9119 
0.0518986 0.00636769 189.035 
0.0187769 0.113472 4.04748 
0.0481644 0.0266327 41.9825 
0.0501267 0.0162 71.7916 
0.0387041 0.0698131 12.9456 
0.0517658 0.00711798 168.68 
0.044109 0.0466255 22.0006 
0.0434268 0.0497749 20.2979 
0.021504 0.112297 4.63266 
0.0522592 0.00431989 280.566 
0.0493605 0.0203308 56.3416 
0.0279993 0.10262 6.47774 
0.0518326 0.00674113 178.338 
0.0442353 0.0460356 22.3448 
0.0326319 0.0907356 8.46277 
0.051902 0.00634873 189.612 
0.0512207 0.0101751 116.769 
0.0514628 0.00882165 135.315 
0.0518734 0.00651042 184.802 
0.0515523 0.00831965 143.727 
0.0385992 0.0702221 12.8366 
0.0353889 0.0819457 10.1219 
0.052347 0.00381895 317.898 
0.0526738 0.00194583 627.783 
0.0519839 0.00588512 204.869 
0.0515669 0.0082377 145.197 
0.0525899 0.00242755 502.411 
0.038654 0.0700087 12.8934 
0.0504808 0.0142663 82.0917 
0.040628 0.0620292 15.2683 
0.0503609 0.0149225 78.2974 
0.0295233 0.0991303 7.04773 
0.0395897 0.0662963 13.9328 
0.0503245 0.0151214 77.2125 
0.0492645 0.0208435 54.8503 
0.0507665 0.0126942 92.7749 
0.0516118 0.00798525 149.917 
0.024751 0.108572 5.4575 
0.0412542 0.0593819 16.1868 
0.0506639 0.0132602 88.6374 
0.0520979 0.00523785 230.687 
0.0503184 0.0151551 77.0315 
0.0510739 0.0109924 107.78 
0.0388372 0.069292 13.0861 
0.052273 0.00424114 285.851 
0.045286 0.0410451 25.6428 
0.044394 0.0452912 22.7915 
0.0427477 0.0528478 18.8267 
0.032834 0.0901333 8.56931 
0.04964 0.0188326 61.1635 
0.0210631 0.112615 4.53225 
0.0522557 0.00433959 279.274 
0.0448692 0.0430424 24.233 
0.0315984 0.0937106 7.94827 
0.0499712 0.0170441 68.0269 
0.039402 0.0670513 13.7129 
0.0442647 0.045898 22.4263 
0.0525721 0.00253017 481.873 
0.0442405 0.0460111 22.3592 
0.0441759 0.0463131 22.1818 
0.0367992 0.0769871 11.184 
0.0480388 0.0272834 40.8762 
0.0518657 0.00655405 183.545 
0.0516638 0.00769299 155.767 
0.0474628 0.0302442 36.4397 
0.0300461 0.0978361 7.25984 
0.0520794 0.00534309 226.063 
0.0477501 0.028773 38.5308 
0.0213423 0.112419 4.59555 
0.0513296 0.00956721 124.45 
0.049605 0.0190206 60.5168 
0.0517376 0.00727744 164.895 
0.0261021 0.106352 5.85388 
0.0508178 0.012411 94.9871 
0.048082 0.02706 41.25 
0.0509109 0.011896 99.2787 
0.0525504 0.00265446 459.12 
0.0466501 0.0343486 31.5458 
0.0476093 0.029495 37.4787 
0.0453733 0.0406238 25.9577 
0.0447957 0.0433919 23.9993 
0.0522924 0.00413048 293.617 
0.0526532 0.00206413 591.574 
0.0474337 0.0303924 36.2401 
0.0467977 0.0336097 32.3395 
0.0523551 0.00377252 321.86 
0.0500837 0.0164336 70.7109 
0.0308911 0.095642 7.62306 
0.0489528 0.0224994 50.4962 
0.0220954 0.111798 4.77129 
0.0521416 0.00498977 242.357 
0.0526711 0.00196106 622.877 
0.0449266 0.0427684 24.4187 
0.0530088 1.2293e-05 100000 
0.0351087 0.0828943 9.93045 
0.0527617 0.00143972 849.9 
0.0520259 0.00564654 213.697 
0.0526532 0.00206431 591.521 
0.0335669 0.0878918 8.97392 
0.0530088 1.2293e-05 100000 
0.0530088 1.2293e-05 100000 
0.0530088 1.2293e-05 100000 
0.0527016 0.00178561 684.471 
0.049479 0.0196968 58.2928 
0.0530088 1.2293e-05 100000 
0.0527714 0.00138368 884.535 
0.0495657 0.0192321 59.8046 
0.0504338 0.0145239 80.5614 
0.0530088 1.2293e-05 100000 
0.0442219 0.046098 22.308 
0.0525841 0.00246137 495.454 
0.052623 0.00223744 545.441 
0.0521678 0.00484026 249.968 
0.0505652 0.0138026 84.99 
0.050802 0.0124985 94.2924 
0.0384426 0.0708299 12.6768 
0.0530088 1.2293e-05 100000 
0.0337232 0.0874024 9.06408 
0.0521968 0.00467528 258.932 
0.0518841 0.0064498 186.577 
0.0530088 1.2293e-05 100000 
0.0293819 0.099472 6.99189 
0.051733 0.00730319 164.299 
0.0530088 1.2293e-05 100000 
0.0525086 0.00289398 420.79 
0.0451004 0.0419372 24.9968 
0.0530088 1.2293e-05 100000 
0.0530088 1.2293e-05 100000 
0.0333198 0.0886573 8.83423 
0.0323351 0.0916084 8.30988 
0.050964 0.0116023 101.897 
0.0526026 0.00235499 518.015 
0.0530088 1.2293e-05 100000 
0.0522678 0.0042707 283.844 
0.0428571 0.0523568 19.0506 
0.0527987 0.00122695 998.297 
0.0530088 1.2293e-05 100000 
0.0281547 0.102284 6.53281 
0.0523848 0.00360275 337.216 
0.0527841 0.00131103 933.871 
0.0530088 1.2293e-05 100000 
0.0300182 0.0979065 7.24827 
0.0525953 0.00239677 508.916 
0.0522852 0.00417172 290.675 
0.0331866 0.0890659 8.76032 
0.0486708 0.0239864 47.0969 
0.0526479 0.00209453 582.928 
0.0518985 0.0063686 189.008 
0.0527671 0.00140845 868.879 
0.0530088 1.2293e-05 100000 
0.0524969 0.0029613 411.132 
0.0527841 0.00131103 933.871 
0.0426634 0.0532245 18.6577 
0.046442 0.0353861 30.487 
0.0496744 0.0186474 61.8133 
0.0530088 1.2293e-05 100000 
0.0530088 1.2293e-05 100000 
0.0488492 0.0230468 49.1941 
0.0363617 0.078558 10.8356 
0.0414728 0.0584451 16.5307 
0.0488492 0.0230468 49.1941 
0.052795 0.00124796 981.404 
0.0451004 0.0419372 24.9968 
0.0516556 0.0077393 154.811 
0.0473623 0.0307564 35.7582 
0.0530088 1.2293e-05 100000 
0.0300182 0.0979065 7.24827 
0.052623 0.00223744 545.441 
0.0506591 0.0132865 88.4535 
0.0530088 1.2293e-05 100000 
0.0515976 0.00806541 148.386 
0.018593 0.113481 4.01085 
0.0474335 0.0303934 36.2388 
0.0530088 1.2293e-05 100000 
0.0521198 0.00511348 236.396 
0.0414096 0.0587166 16.4299 
0.0234996 0.110287 5.12021 
0.0409445 0.0606982 15.7207 
0.0489381 0.022577 50.3077 
0.0521198 0.00511348 236.396 
0.0530088 1.2293e-05 100000 
0.0258627 0.106772 5.781 
0.0511517 0.0105593 112.37 
0.0527256 0.00164773 742.081 
0.0526864 0.00187308 652.321 
0.0272544 0.104168 6.22251 
0.0526819 0.00189923 643.286 
0.0522199 0.00454415 266.52 
0.0483496 0.0256685 43.7244 
0.0530088 1.2293e-05 100000 
0.0514118 0.00910783 130.934 
0.0526532 0.00206431 591.521 
0.0482068 0.026412 42.3701 
0.0337232 0.0874024 9.06408 
0.0258627 0.106772 5.781 
0.0489381 0.022577 50.3077 
0.0530088 1.2293e-05 100000 
0.0527841 0.00131103 933.871 
0.052623 0.00223744 545.441 
0.038844 0.0692653 13.0934 
0.0526479 0.00209453 582.928 
0.0524478 0.00324272 375.103 
0.0499894 0.0169456 68.4471 
0.0525179 0.00284119 428.683 
0.0530088 1.2293e-05 100000 
0.050781 0.0126145 93.3871 
0.0530088 1.2293e-05 100000 
0.0530088 1.2293e-05 100000 
0.0525905 0.00242436 503.077 
0.0293819 0.099472 6.99189 
0.0530088 1.2293e-05 100000 
0.0335669 0.0878918 8.97392 
0.0323126 0.0916738 8.2985 
0.0493586 0.020341 56.3111 
0.0523959 0.00353963 343.301 
0.0526819 0.00189923 643.286 
0.0527016 0.00178561 684.471 
0.0527987 0.00122695 998.297 
0.0422796 0.0549289 17.9207 
0.0526711 0.00196106 622.877 
0.052148 0.00495299 244.187 
0.0300461 0.0978361 7.25984 
0.0516556 0.0077393 154.811 
0.0504954 0.014186 82.5804 
0.0530088 1.2293e-05 100000 
0.0530088 1.2293e-05 100000 
0.0315984 0.0937106 7.94827 
0.0300461 0.0978361 7.25984 
0.0530088 1.2293e-05 100000 
0.0506176 0.0135149 86.8879 
0.0353889 0.0819457 10.1219 
0.0515024 0.0086 138.908 
0.051733 0.00730319 164.299 
0.0526864 0.00187308 652.321 
0.0330042 0.0896205 8.6607 
0.0530088 1.2293e-05 100000 
0.0464829 0.0351826 30.6899 
0.0525721 0.00253017 481.873 
0.0513296 0.00956721 124.45 
0.021504 0.112297 4.63266 
0.0507665 0.0126942 92.7749 
0.0231573 0.110696 5.03243 
0.0512207 0.0101751 116.769 
0.0530088 1.2293e-05 100000 
0.0530088 1.2293e-05 100000 
0.0518699 0.0065304 184.224 
0.0530088 1.2293e-05 100000 
0.0522083 0.00460981 262.666 
0.0520794 0.00534309 226.063 
0.0442405 0.0460111 22.3592 
0.0220954 0.111798 4.77129 
0.0480663 0.0271413 41.1132 
0.0530088 1.2293e-05 100000 
0.0403669 0.0631169 14.9119 
0.052581 0.0024788 491.941 
0.0530088 1.2293e-05 100000 
0.0407789 0.0613963 15.4811 
0.0527617 0.00143972 849.9 
0.0453125 0.0409171 25.7378 
0.0293819 0.099472 6.99189 
0.0530088 1.2293e-05 100000 
0.0476093 0.029495 37.4787 
0.0504954 0.014186 82.5804 
0.0513937 0.0092086 129.456 
0.0530088 1.2293e-05 100000 
0.0473623 0.0307564 35.7582 
0.0501267 0.0162 71.7916 
0.0377766 0.0733736 12.0335 
0.0526738 0.00194583 627.783 
0.0530088 1.2293e-05 100000 
0.0527719 0.00138083 886.374 
0.035486 0.081614 10.1897 
0.0509109 0.011896 99.2787 
0.0530088 1.2293e-05 100000 
0.0210631 0.112615 4.53225 
0.0523551 0.00377252 321.86 
0.0530088 1.2293e-05 100000 
0.0530088 1.2293e-05 100000 
0.0530088 1.2293e-05 100000 
0.0512693 0.00990386 120.08 
0.0530088 1.2293e-05 100000 
0.0530088 1.2293e-05 100000 
0.040828 0.06119 15.5514 
0.0513949 0.00920225 129.548 
0.0524701 0.00311475 390.68 
0.0523642 0.00372072 326.397 
0.032834 0.0901333 8.56931 
0.0524186 0.00340975 356.531 
0.0520869 0.00530044 227.915 
0.0404197 0.0628977 14.9828 
0.0308911 0.095642 7.62306 
0.052717 0.00169735 720.272 
0.0517672 0.00711024 168.869 
0.0530088 1.2293e-05 100000 
0.044109 0.0466255 22.0006 
0.0530088 1.2293e-05 100000 
0.0385992 0.0702221 12.8366 
0.021504 0.112297 4.63266 
0.052273 0.00424114 285.851 
0.0480388 0.0272834 40.8762 
0.0530088 1.2293e-05 100000 
0.0353889 0.0819457 10.1219 
0.0521987 0.00466466 259.531 
0.0489528 0.0224994 50.4962 
0.0515024 0.0086 138.908 
0.043541 0.0492522 20.5659 
0.0526354 0.00216656 563.416 
0.0521678 0.00484026 249.968 
0.0512693 0.00990386 120.08 
0.0525919 0.00241648 504.732 
0.0520259 0.00564654 213.697 
0.0498892 0.0174884 66.1911 
0.0530088 1.2293e-05 100000 
0.0503245 0.0151214 77.2125 
0.0525153 0.00285594 426.447 
0.0530088 1.2293e-05 100000 
0.049605 0.0190206 60.5168 
0.0234996 0.110287 5.12021 
0.0530088 1.2293e-05 100000 
0.0522337 0.00446506 271.313 
0.0315984 0.0937106 7.94827 
0.0331866 0.0890659 8.76032 
0.0526819 0.00189923 643.286 
0.0530088 1.2293e-05 100000 
0.0530088 1.2293e-05 100000 
0.0308911 0.095642 7.62306 
0.050964 0.0116023 101.897 
0.0530088 1.2293e-05 100000 
0.0518671 0.00654607 183.773 
0.0527085 0.0017462 700.011 
0.0530088 1.2293e-05 100000 
0.0483545 0.025643 43.7723 
0.051714 0.00741017 161.868 
0.0337232 0.0874024 9.06408 
0.0279993 0.10262 6.47774 
0.0474628 0.0302442 36.4397 
0.0530088 1.2293e-05 100000 
0.0516118 0.00798525 149.917 
0.0523642 0.00372072 326.397 
0.0516718 0.00764803 156.707 
0.0527204 0.0016773 728.929 
0.0492645 0.0208435 54.8503 
0.0525953 0.00239677 508.916 
0.0519839 0.00588512 204.869 
0.052347 0.00381895 317.898 
0.0511869 0.0103634 114.572 
0.0530088 1.2293e-05 100000 
0.0231573 0.110696 5.03243 
0.0514628 0.00882165 135.315 
0.0467977 0.0336097 32.3395 
