0.11736 0.278698 0.1 0.159567 1000 
0.15284 0.271447 0.1 0.320999 1000 
0.20068 0.223736 0.1 1.56023 1000 
0.175 0.269365 0.1 0.320999 1000 
0.09768 0.143325 0.1 0.320999 1000 
0.07536 0.175019 0.1 0.320999 2.53397 
0.07748 0.119029 0.1 0.320999 1000 
0.0932 0.16143 0.288365 0.320999 1000 
0.05648 0.103725 0.1 0.320999 1000 
0.00596 0.0429017 0.1 1.56023 0.563862 
0.10828 0.169216 0.1 0.320999 1000 
0.11752 0.213048 0.1 0.320999 1000 
0.07336 0.15913 0.1 0.159567 1000 
0.01404 0.0396364 0.1 1.56023 0.563862 
0.09368 0.169262 0.1 0.320999 1000 
0.01476 0.0797209 0.1 1.56023 0.563862 
0.082 0.165783 0.1 0.159567 1000 
0 0 2.31735 1.56023 0.563862 
0.0096 0.043634 0.1 1.56023 0.563862 
0.0116 0.081957 0.1 0.159567 0.343437 
0.01548 0.100395 0.1 0.159567 0.385235 
0.00084 0.0523218 0.1 1.56023 0.1 
0.08788 0.162971 0.1 0.159567 1000 
0.07388 0.0750028 0.1 1.56023 1000 
0.1472 0.160311 0.1 1.56023 1000 
0.00124 0.0280311 0.1 0.320999 0.1 
0.0822 0.0968382 0.1 1.56023 1000 
0.011 0.0548736 0.1 2.78918 0.563862 
0.0228 0.148276 0.1 0.159567 0.5838 
0.0178 0.0654195 0.1 0.672043 0.848488 
