0.99993 0.630185 0.0782152 100000 100000 0.0618823 100000 0.133053 
0.999933 0.626567 0.0782152 100000 100000 0.00785066 100000 0.133053 
0.99993 0.630185 0.0782152 100000 100000 0.0618823 100000 0.133053 
0.99993 0.630185 0.0782152 100000 100000 0.0618823 100000 0.133053 
0.999932 0.62924 0.0485689 100000 100000 0.0618823 100000 0.133053 
0.99993 0.630185 0.0782152 100000 100000 0.0618823 100000 0.133053 
0.999933 0.626567 0.0782152 100000 100000 0.00785066 100000 0.133053 
0.999932 0.62924 0.0485689 100000 100000 0.0618823 100000 0.133053 
0.99993 0.630185 0.0782152 100000 100000 0.0618823 100000 0.133053 
0.999932 0.62924 0.0485689 100000 100000 0.0618823 100000 0.133053 
0.99993 0.630185 0.0782152 100000 100000 0.0618823 100000 0.133053 
0.99993 0.630185 0.0782152 100000 100000 0.0618823 100000 0.133053 
0.999931 0.630087 0.0742558 100000 100000 0.0618823 100000 0.133053 
0.99993 0.630185 0.0782152 100000 100000 0.0618823 100000 0.133053 
0.999932 0.62924 0.0485689 100000 100000 0.0618823 100000 0.133053 
0.999932 0.62924 0.0485689 100000 100000 0.0618823 100000 0.133053 
0.99993 0.630185 0.0782152 100000 100000 0.0618823 100000 0.133053 
0.999932 0.62924 0.0485689 100000 100000 0.0618823 100000 0.133053 
0.99993 0.630185 0.0782152 100000 100000 0.0618823 100000 0.133053 
0.999932 0.6296 0.0782152 100000 100000 0.0618823 100000 0.0795331 
0.99993 0.630185 0.0782152 100000 100000 0.0618823 100000 0.133053 
0.99993 0.630185 0.0782152 100000 100000 0.0618823 100000 0.133053 
0.999932 0.62924 0.0485689 100000 100000 0.0618823 100000 0.133053 
0.999932 0.629227 0.0485689 100000 100000 0.0618823 100000 0.122866 
0.999933 0.626567 0.0782152 100000 100000 0.00785066 100000 0.133053 
0.99993 0.630185 0.0782152 100000 100000 0.0618823 100000 0.133053 
0.99993 0.630185 0.0782152 100000 100000 0.0618823 100000 0.133053 
0.99993 0.630185 0.0782152 100000 100000 0.0618823 100000 0.133053 
0.99993 0.630126 0.0782152 100000 100000 0.0618823 100000 0.144807 
0.99993 0.630185 0.0782152 100000 100000 0.0618823 100000 0.133053 
0.999932 0.62924 0.0485689 100000 100000 0.0618823 100000 0.133053 
0.99993 0.630185 0.0782152 100000 100000 0.0618823 100000 0.133053 
0.99993 0.630185 0.0782152 100000 100000 0.0618823 100000 0.133053 
0.99993 0.630185 0.0782152 100000 100000 0.0618823 100000 0.133053 
0.999935 0.626265 0.0485689 100000 100000 0.0618823 100000 0.0258135 
0.999932 0.62924 0.0485689 100000 100000 0.0618823 100000 0.133053 
0.999932 0.62924 0.0485689 100000 100000 0.0618823 100000 0.133053 
0.99993 0.630185 0.0782152 100000 100000 0.0618823 100000 0.133053 
0.999932 0.62924 0.0485689 100000 100000 0.0618823 100000 0.133053 
0.99993 0.630185 0.0782152 100000 100000 0.0618823 100000 0.133053 
0.99993 0.630185 0.0782152 100000 100000 0.0618823 100000 0.133053 
0.999935 0.626265 0.0485689 100000 100000 0.0618823 100000 0.0258135 
0.99993 0.630185 0.0782152 100000 100000 0.0618823 100000 0.133053 
0.99993 0.630185 0.0782152 100000 100000 0.0618823 100000 0.133053 
0.999927 0.630367 0.166015 100000 100000 0.0618823 100000 0.133053 
0.99993 0.630185 0.0782152 100000 100000 0.0618823 100000 0.133053 
0.999933 0.626567 0.0782152 100000 100000 0.00785066 100000 0.133053 
0.999933 0.626567 0.0782152 100000 100000 0.00785066 100000 0.133053 
0.999932 0.62924 0.0485689 100000 100000 0.0618823 100000 0.133053 
0.999932 0.62924 0.0485689 100000 100000 0.0618823 100000 0.133053 
0.999931 0.630087 0.0742558 100000 100000 0.0618823 100000 0.133053 
0.99993 0.630185 0.0782152 100000 100000 0.0618823 100000 0.133053 
0.99993 0.630126 0.0782152 100000 100000 0.0618823 100000 0.144807 
0.999932 0.62924 0.0485689 100000 100000 0.0618823 100000 0.133053 
0.99993 0.630185 0.0782152 100000 100000 0.0618823 100000 0.133053 
0.99993 0.630185 0.0782152 100000 100000 0.0618823 100000 0.133053 
0.99993 0.630185 0.0782152 100000 100000 0.0618823 100000 0.133053 
0.99993 0.630185 0.0782152 100000 100000 0.0618823 100000 0.133053 
0.999932 0.62924 0.0485689 100000 100000 0.0618823 100000 0.133053 
0.999931 0.630087 0.0742558 100000 100000 0.0618823 100000 0.133053 
0.99993 0.630185 0.0782152 100000 100000 0.0618823 100000 0.133053 
0.99993 0.630185 0.0782152 100000 100000 0.0618823 100000 0.133053 
0.999932 0.62924 0.0485689 100000 100000 0.0618823 100000 0.133053 
0.999932 0.629227 0.0485689 100000 100000 0.0618823 100000 0.122866 
0.99993 0.630185 0.0782152 100000 100000 0.0618823 100000 0.133053 
0.99993 0.630185 0.0782152 100000 100000 0.0618823 100000 0.133053 
0.99993 0.630185 0.0782152 100000 100000 0.0618823 100000 0.133053 
0.99993 0.630185 0.0782152 100000 100000 0.0618823 100000 0.133053 
0.999933 0.626567 0.0782152 100000 100000 0.00785066 100000 0.133053 
0.99993 0.630185 0.0782152 100000 100000 0.0618823 100000 0.133053 
0.99993 0.630185 0.0782152 100000 100000 0.0618823 100000 0.133053 
0.999932 0.62924 0.0485689 100000 100000 0.0618823 100000 0.133053 
0.99993 0.630185 0.0782152 100000 100000 0.0618823 100000 0.133053 
0.99993 0.630185 0.0782152 100000 100000 0.0618823 100000 0.133053 
0.999932 0.62924 0.0485689 100000 100000 0.0618823 100000 0.133053 
0.99993 0.630185 0.0782152 100000 100000 0.0618823 100000 0.133053 
0.999931 0.630099 0.0782152 100000 100000 0.0618823 100000 0.108603 
0.99993 0.630185 0.0782152 100000 100000 0.0618823 100000 0.133053 
0.999932 0.62924 0.0485689 100000 100000 0.0618823 100000 0.133053 
0.99993 0.630185 0.0782152 100000 100000 0.0618823 100000 0.133053 
0.99993 0.630185 0.0782152 100000 100000 0.0618823 100000 0.133053 
0.999932 0.629233 0.0485689 100000 100000 0.0618823 100000 0.12487 
0.99993 0.630185 0.0782152 100000 100000 0.0618823 100000 0.133053 
0.999933 0.626567 0.0782152 100000 100000 0.00785066 100000 0.133053 
0.99993 0.630185 0.0782152 100000 100000 0.0618823 100000 0.133053 
0.999932 0.62924 0.0485689 100000 100000 0.0618823 100000 0.133053 
0.999932 0.62924 0.0485689 100000 100000 0.0618823 100000 0.133053 
0.99993 0.630185 0.0782152 100000 100000 0.0618823 100000 0.133053 
0.99993 0.630185 0.0782152 100000 100000 0.0618823 100000 0.133053 
0.999932 0.62924 0.0485689 100000 100000 0.0618823 100000 0.133053 
0.99993 0.630185 0.0782152 100000 100000 0.0618823 100000 0.133053 
0.99993 0.630185 0.0782152 100000 100000 0.0618823 100000 0.133053 
0.999935 0.626265 0.0485689 100000 100000 0.0618823 100000 0.0258135 
0.99993 0.630185 0.0782152 100000 100000 0.0618823 100000 0.133053 
0.99993 0.630185 0.0782152 100000 100000 0.0618823 100000 0.133053 
0.99993 0.630185 0.0782152 100000 100000 0.0618823 100000 0.133053 
0.99993 0.630185 0.0782152 100000 100000 0.0618823 100000 0.133053 
0.999932 0.62924 0.0485689 100000 100000 0.0618823 100000 0.133053 
0.999931 0.630087 0.0742558 100000 100000 0.0618823 100000 0.133053 
0.99993 0.630185 0.0782152 100000 100000 0.0618823 100000 0.133053 
0.99993 0.630185 0.0782152 100000 100000 0.0618823 100000 0.133053 
0.99993 0.630185 0.0782152 100000 100000 0.0618823 100000 0.133053 
0.99993 0.630185 0.0782152 100000 100000 0.0618823 100000 0.133053 
0.999935 0.626265 0.0485689 100000 100000 0.0618823 100000 0.0258135 
0.999932 0.62924 0.0485689 100000 100000 0.0618823 100000 0.133053 
0.99993 0.630185 0.0782152 100000 100000 0.0618823 100000 0.133053 
0.99993 0.630185 0.0782152 100000 100000 0.0618823 100000 0.133053 
0.99993 0.630185 0.0782152 100000 100000 0.0618823 100000 0.133053 
0.999932 0.62924 0.0485689 100000 100000 0.0618823 100000 0.133053 
0.99993 0.630185 0.0782152 100000 100000 0.0618823 100000 0.133053 
0.999932 0.62924 0.0485689 100000 100000 0.0618823 100000 0.133053 
0.99993 0.630185 0.0782152 100000 100000 0.0618823 100000 0.133053 
0.999932 0.62924 0.0485689 100000 100000 0.0618823 100000 0.133053 
0.99993 0.630185 0.0782152 100000 100000 0.0618823 100000 0.133053 
0.999932 0.62924 0.0485689 100000 100000 0.0618823 100000 0.133053 
0.99993 0.630185 0.0782152 100000 100000 0.0618823 100000 0.133053 
0.99993 0.630185 0.0782152 100000 100000 0.0618823 100000 0.133053 
0.99993 0.630185 0.0782152 100000 100000 0.0618823 100000 0.133053 
0.999931 0.630087 0.0742558 100000 100000 0.0618823 100000 0.133053 
0.999932 0.62924 0.0485689 100000 100000 0.0618823 100000 0.133053 
0.99993 0.630185 0.0782152 100000 100000 0.0618823 100000 0.133053 
0.999931 0.630087 0.0742558 100000 100000 0.0618823 100000 0.133053 
0.999932 0.62924 0.0485689 100000 100000 0.0618823 100000 0.133053 
0.999933 0.626567 0.0782152 100000 100000 0.00785066 100000 0.133053 
0.999932 0.62924 0.0485689 100000 100000 0.0618823 100000 0.133053 
0.999932 0.62924 0.0485689 100000 100000 0.0618823 100000 0.133053 
0.99993 0.630185 0.0782152 100000 100000 0.0618823 100000 0.133053 
0.99993 0.630185 0.0782152 100000 100000 0.0618823 100000 0.133053 
0.99993 0.630185 0.0782152 100000 100000 0.0618823 100000 0.133053 
0.99993 0.630185 0.0782152 100000 100000 0.0618823 100000 0.133053 
0.999932 0.62924 0.0485689 100000 100000 0.0618823 100000 0.133053 
0.999931 0.630087 0.0742558 100000 100000 0.0618823 100000 0.133053 
0.99993 0.630185 0.0782152 100000 100000 0.0618823 100000 0.133053 
0.99993 0.630185 0.0782152 100000 100000 0.0618823 100000 0.133053 
0.99993 0.630185 0.0782152 100000 100000 0.0618823 100000 0.133053 
0.999927 0.630367 0.166015 100000 100000 0.0618823 100000 0.133053 
0.99993 0.630185 0.0782152 100000 100000 0.0618823 100000 0.133053 
0.999932 0.629227 0.0485689 100000 100000 0.0618823 100000 0.122866 
0.999932 0.62924 0.0485689 100000 100000 0.0618823 100000 0.133053 
0.99993 0.630185 0.0782152 100000 100000 0.0618823 100000 0.133053 
0.99993 0.630185 0.0782152 100000 100000 0.0618823 100000 0.133053 
0.99993 0.630185 0.0782152 100000 100000 0.0618823 100000 0.133053 
0.99993 0.630185 0.0782152 100000 100000 0.0618823 100000 0.133053 
0.99993 0.630185 0.0782152 100000 100000 0.0618823 100000 0.133053 
0.99993 0.630185 0.0782152 100000 100000 0.0618823 100000 0.133053 
0.99993 0.630185 0.0782152 100000 100000 0.0618823 100000 0.133053 
0.999932 0.62924 0.0485689 100000 100000 0.0618823 100000 0.133053 
0.999932 0.62924 0.0485689 100000 100000 0.0618823 100000 0.133053 
0.99993 0.630185 0.0782152 100000 100000 0.0618823 100000 0.133053 
0.99993 0.630185 0.0782152 100000 100000 0.0618823 100000 0.133053 
0.99993 0.630126 0.0782152 100000 100000 0.0618823 100000 0.144807 
0.99993 0.630185 0.0782152 100000 100000 0.0618823 100000 0.133053 
0.999932 0.62924 0.0485689 100000 100000 0.0618823 100000 0.133053 
0.999932 0.62924 0.0485689 100000 100000 0.0618823 100000 0.133053 
0.999932 0.62924 0.0485689 100000 100000 0.0618823 100000 0.133053 
0.999933 0.626567 0.0782152 100000 100000 0.00785066 100000 0.133053 
0.999933 0.626567 0.0782152 100000 100000 0.00785066 100000 0.133053 
0.99993 0.630185 0.0782152 100000 100000 0.0618823 100000 0.133053 
0.99993 0.630185 0.0782152 100000 100000 0.0618823 100000 0.133053 
0.999932 0.62924 0.0485689 100000 100000 0.0618823 100000 0.133053 
0.99993 0.630185 0.0782152 100000 100000 0.0618823 100000 0.133053 
0.99993 0.630185 0.0782152 100000 100000 0.0618823 100000 0.133053 
0.99993 0.630185 0.0782152 100000 100000 0.0618823 100000 0.133053 
0.999932 0.62924 0.0485689 100000 100000 0.0618823 100000 0.133053 
0.99993 0.630185 0.0782152 100000 100000 0.0618823 100000 0.133053 
0.99993 0.630185 0.0782152 100000 100000 0.0618823 100000 0.133053 
0.99993 0.630185 0.0782152 100000 100000 0.0618823 100000 0.133053 
0.999931 0.630087 0.0742558 100000 100000 0.0618823 100000 0.133053 
0.99993 0.630185 0.0782152 100000 100000 0.0618823 100000 0.133053 
0.99993 0.630185 0.0782152 100000 100000 0.0618823 100000 0.133053 
0.999932 0.62924 0.0485689 100000 100000 0.0618823 100000 0.133053 
0.99993 0.630185 0.0782152 100000 100000 0.0618823 100000 0.133053 
0.99993 0.630185 0.0782152 100000 100000 0.0618823 100000 0.133053 
0.99993 0.630185 0.0782152 100000 100000 0.0618823 100000 0.133053 
0.99993 0.630185 0.0782152 100000 100000 0.0618823 100000 0.133053 
0.99993 0.630185 0.0782152 100000 100000 0.0618823 100000 0.133053 
0.999932 0.629998 0.0742558 100000 100000 0.0618823 100000 0.108603 
0.99993 0.630126 0.0782152 100000 100000 0.0618823 100000 0.144807 
0.99993 0.630185 0.0782152 100000 100000 0.0618823 100000 0.133053 
0.999932 0.62924 0.0485689 100000 100000 0.0618823 100000 0.133053 
0.999932 0.62924 0.0485689 100000 100000 0.0618823 100000 0.133053 
0.99993 0.630185 0.0782152 100000 100000 0.0618823 100000 0.133053 
0.99993 0.630126 0.0782152 100000 100000 0.0618823 100000 0.144807 
0.999932 0.62924 0.0485689 100000 100000 0.0618823 100000 0.133053 
0.999932 0.62924 0.0485689 100000 100000 0.0618823 100000 0.133053 
0.999932 0.62924 0.0485689 100000 100000 0.0618823 100000 0.133053 
0.999932 0.629233 0.0485689 100000 100000 0.0618823 100000 0.12487 
0.99993 0.630185 0.0782152 100000 100000 0.0618823 100000 0.133053 
0.99993 0.630185 0.0782152 100000 100000 0.0618823 100000 0.133053 
0.99993 0.630185 0.0782152 100000 100000 0.0618823 100000 0.133053 
0.999933 0.626567 0.0782152 100000 100000 0.00785066 100000 0.133053 
0.99993 0.630185 0.0782152 100000 100000 0.0618823 100000 0.133053 
0.99993 0.630185 0.0782152 100000 100000 0.0618823 100000 0.133053 
0.99993 0.630185 0.0782152 100000 100000 0.0618823 100000 0.133053 
0.99993 0.630126 0.0782152 100000 100000 0.0618823 100000 0.144807 
0.999931 0.630087 0.0742558 100000 100000 0.0618823 100000 0.133053 
0.999931 0.630087 0.0742558 100000 100000 0.0618823 100000 0.133053 
0.999933 0.626567 0.0782152 100000 100000 0.00785066 100000 0.133053 
0.999932 0.6296 0.0782152 100000 100000 0.0618823 100000 0.0795331 
0.99993 0.630185 0.0782152 100000 100000 0.0618823 100000 0.133053 
0.999931 0.630184 0.0782152 100000 100000 0.0618823 100000 0.122866 
0.999932 0.62924 0.0485689 100000 100000 0.0618823 100000 0.133053 
0.99993 0.630185 0.0782152 100000 100000 0.0618823 100000 0.133053 
0.99993 0.630185 0.0782152 100000 100000 0.0618823 100000 0.133053 
0.99993 0.630185 0.0782152 100000 100000 0.0618823 100000 0.133053 
0.999932 0.629227 0.0485689 100000 100000 0.0618823 100000 0.122866 
0.99993 0.630185 0.0782152 100000 100000 0.0618823 100000 0.133053 
0.99993 0.630185 0.0782152 100000 100000 0.0618823 100000 0.133053 
0.999932 0.62924 0.0485689 100000 100000 0.0618823 100000 0.133053 
0.99993 0.630185 0.0782152 100000 100000 0.0618823 100000 0.133053 
0.99993 0.630185 0.0782152 100000 100000 0.0618823 100000 0.133053 
0.99993 0.630185 0.0782152 100000 100000 0.0618823 100000 0.133053 
0.99993 0.630185 0.0782152 100000 100000 0.0618823 100000 0.133053 
0.999932 0.62924 0.0485689 100000 100000 0.0618823 100000 0.133053 
0.99993 0.630185 0.0782152 100000 100000 0.0618823 100000 0.133053 
0.999933 0.626567 0.0782152 100000 100000 0.00785066 100000 0.133053 
0.99993 0.630185 0.0782152 100000 100000 0.0618823 100000 0.133053 
0.999927 0.630367 0.166015 100000 100000 0.0618823 100000 0.133053 
0.99993 0.630185 0.0782152 100000 100000 0.0618823 100000 0.133053 
0.99993 0.630185 0.0782152 100000 100000 0.0618823 100000 0.133053 
0.99993 0.630185 0.0782152 100000 100000 0.0618823 100000 0.133053 
0.999932 0.62924 0.0485689 100000 100000 0.0618823 100000 0.133053 
0.999931 0.630087 0.0742558 100000 100000 0.0618823 100000 0.133053 
0.999933 0.626567 0.0782152 100000 100000 0.00785066 100000 0.133053 
0.999932 0.629233 0.0485689 100000 100000 0.0618823 100000 0.12487 
0.99993 0.630185 0.0782152 100000 100000 0.0618823 100000 0.133053 
0.99993 0.630185 0.0782152 100000 100000 0.0618823 100000 0.133053 
0.999932 0.62924 0.0485689 100000 100000 0.0618823 100000 0.133053 
0.99993 0.630185 0.0782152 100000 100000 0.0618823 100000 0.133053 
0.999933 0.626567 0.0782152 100000 100000 0.00785066 100000 0.133053 
0.99993 0.630185 0.0782152 100000 100000 0.0618823 100000 0.133053 
0.99993 0.630126 0.0782152 100000 100000 0.0618823 100000 0.144807 
0.99993 0.630185 0.0782152 100000 100000 0.0618823 100000 0.133053 
0.999932 0.62924 0.0485689 100000 100000 0.0618823 100000 0.133053 
0.99993 0.630185 0.0782152 100000 100000 0.0618823 100000 0.133053 
0.99993 0.630185 0.0782152 100000 100000 0.0618823 100000 0.133053 
0.99993 0.630185 0.0782152 100000 100000 0.0618823 100000 0.133053 
0.99993 0.630185 0.0782152 100000 100000 0.0618823 100000 0.133053 
0.999932 0.62924 0.0485689 100000 100000 0.0618823 100000 0.133053 
0.999932 0.62924 0.0485689 100000 100000 0.0618823 100000 0.133053 
0.99993 0.630185 0.0782152 100000 100000 0.0618823 100000 0.133053 
0.999934 0.626553 0.0782152 100000 100000 0.00785066 100000 0.12487 
0.99993 0.630185 0.0782152 100000 100000 0.0618823 100000 0.133053 
0.999932 0.62924 0.0485689 100000 100000 0.0618823 100000 0.133053 
0.99993 0.630185 0.0782152 100000 100000 0.0618823 100000 0.133053 
0.99993 0.630185 0.0782152 100000 100000 0.0618823 100000 0.133053 
0.99993 0.630185 0.0782152 100000 100000 0.0618823 100000 0.133053 
0.99993 0.630185 0.0782152 100000 100000 0.0618823 100000 0.133053 
0.99993 0.630185 0.0782152 100000 100000 0.0618823 100000 0.133053 
0.99993 0.630185 0.0782152 100000 100000 0.0618823 100000 0.133053 
0.999932 0.62924 0.0485689 100000 100000 0.0618823 100000 0.133053 
0.999932 0.62924 0.0485689 100000 100000 0.0618823 100000 0.133053 
0.99993 0.630185 0.0782152 100000 100000 0.0618823 100000 0.133053 
0.999932 0.62924 0.0485689 100000 100000 0.0618823 100000 0.133053 
0.99993 0.630185 0.0782152 100000 100000 0.0618823 100000 0.133053 
0.99993 0.630185 0.0782152 100000 100000 0.0618823 100000 0.133053 
0.99993 0.630185 0.0782152 100000 100000 0.0618823 100000 0.133053 
0.999935 0.626265 0.0485689 100000 100000 0.0618823 100000 0.0258135 
0.999932 0.62924 0.0485689 100000 100000 0.0618823 100000 0.133053 
0.99993 0.630185 0.0782152 100000 100000 0.0618823 100000 0.133053 
0.99993 0.630185 0.0782152 100000 100000 0.0618823 100000 0.133053 
0.99993 0.630185 0.0782152 100000 100000 0.0618823 100000 0.133053 
0.999931 0.630099 0.0782152 100000 100000 0.0618823 100000 0.108603 
0.999932 0.62924 0.0485689 100000 100000 0.0618823 100000 0.133053 
0.999931 0.630018 0.0782152 100000 100000 0.0584715 100000 0.133053 
0.99993 0.630185 0.0782152 100000 100000 0.0618823 100000 0.133053 
0.99993 0.630185 0.0782152 100000 100000 0.0618823 100000 0.133053 
0.999931 0.630087 0.0742558 100000 100000 0.0618823 100000 0.133053 
0.999931 0.630087 0.0742558 100000 100000 0.0618823 100000 0.133053 
0.999932 0.62924 0.0485689 100000 100000 0.0618823 100000 0.133053 
0.99993 0.630185 0.0782152 100000 100000 0.0618823 100000 0.133053 
0.99993 0.630185 0.0782152 100000 100000 0.0618823 100000 0.133053 
0.99993 0.630185 0.0782152 100000 100000 0.0618823 100000 0.133053 
0.99993 0.630185 0.0782152 100000 100000 0.0618823 100000 0.133053 
0.999932 0.62924 0.0485689 100000 100000 0.0618823 100000 0.133053 
0.999931 0.630099 0.0782152 100000 100000 0.0618823 100000 0.108603 
0.99993 0.630185 0.0782152 100000 100000 0.0618823 100000 0.133053 
0.99993 0.630185 0.0782152 100000 100000 0.0618823 100000 0.133053 
0.99993 0.630185 0.0782152 100000 100000 0.0618823 100000 0.133053 
0.99993 0.630185 0.0782152 100000 100000 0.0618823 100000 0.133053 
0.99993 0.630185 0.0782152 100000 100000 0.0618823 100000 0.133053 
0.999932 0.62924 0.0485689 100000 100000 0.0618823 100000 0.133053 
0.999933 0.626567 0.0782152 100000 100000 0.00785066 100000 0.133053 
0.99993 0.630185 0.0782152 100000 100000 0.0618823 100000 0.133053 
0.99993 0.630185 0.0782152 100000 100000 0.0618823 100000 0.133053 
0.999934 0.626459 0.0742558 100000 100000 0.00785066 100000 0.133053 
0.99993 0.630185 0.0782152 100000 100000 0.0618823 100000 0.133053 
0.99993 0.630185 0.0782152 100000 100000 0.0618823 100000 0.133053 
0.99993 0.630185 0.0782152 100000 100000 0.0618823 100000 0.133053 
0.999932 0.62924 0.0485689 100000 100000 0.0618823 100000 0.133053 
0.999932 0.62924 0.0485689 100000 100000 0.0618823 100000 0.133053 
0.999932 0.62924 0.0485689 100000 100000 0.0618823 100000 0.133053 
0.99993 0.630185 0.0782152 100000 100000 0.0618823 100000 0.133053 
0.999931 0.630099 0.0782152 100000 100000 0.0618823 100000 0.108603 
0.99993 0.630185 0.0782152 100000 100000 0.0618823 100000 0.133053 
0.99993 0.630185 0.0782152 100000 100000 0.0618823 100000 0.133053 
0.99993 0.630185 0.0782152 100000 100000 0.0618823 100000 0.133053 
0.99993 0.630185 0.0782152 100000 100000 0.0618823 100000 0.133053 
0.99993 0.630185 0.0782152 100000 100000 0.0618823 100000 0.133053 
0.999932 0.62924 0.0485689 100000 100000 0.0618823 100000 0.133053 
