0.617999 0.547493 1500 2.26252 0.0887967 1500 0.52575 1500 
0.994285 0.520122 1500 0.0731784 0.0472983 1500 1500 0.071831 
0.433162 0.579112 1500 1.6408 0.0980067 1500 1.26779 1500 
0.617999 0.547443 1500 2.26252 0.0887967 1500 0.52575 1500 
0.617999 0.547415 1500 2.26252 0.0887967 1500 0.52575 1500 
0.603618 0.551559 1500 2.26252 0.0887967 1500 0.61119 1500 
0.579344 0.557369 1500 2.26252 0.0887967 1500 0.765115 1500 
0.618018 0.546963 1500 2.26252 0.0644233 1500 0.52575 1500 
0.992157 0.545121 1500 0.518411 0.0492578 1500 1500 0.917152 
0.433164 0.578982 1500 1.6408 0.0887967 1500 1.26779 1500 
0.994035 0.532075 1500 0.0723834 0.0472983 1500 1500 0.263042 
0.433162 0.579159 1500 1.6408 0.0980067 1500 1.26779 1500 
0.993267 0.541062 1500 0.190766 0.0599937 1500 1500 0.576414 
0.603618 0.551593 1500 2.26252 0.0887967 1500 0.61119 1500 
0.579344 0.557384 1500 2.26252 0.0887967 1500 0.765115 1500 
0.433164 0.579004 1500 1.6408 0.0887967 1500 1.26779 1500 
0.617999 0.547564 1500 2.26252 0.0887967 1500 0.52575 1500 
0.603618 0.551682 1500 2.26252 0.0887967 1500 0.61119 1500 
0.617999 0.547398 1500 2.26252 0.0887967 1500 0.52575 1500 
0.617999 0.547458 1500 2.26252 0.0887967 1500 0.52575 1500 
0.579344 0.55739 1500 2.26252 0.0887967 1500 0.765115 1500 
0.579344 0.557396 1500 2.26252 0.0887967 1500 0.765115 1500 
0.993681 0.538647 1500 0.0723834 0.0472983 1500 1500 0.529367 
0.579344 0.557447 1500 2.26252 0.0887967 1500 0.765115 1500 
0.994304 0.519397 1500 0.0513872 0.0492578 1500 1500 0.071831 
0.54442 0.56289 1500 2.26252 0.0472983 1500 1.01104 1500 
0.579362 0.556926 1500 2.26252 0.0599937 1500 0.765115 1500 
0.610339 0.549706 1500 2.26252 0.0887967 1500 0.570754 1500 
0.617999 0.547457 1500 2.26252 0.0887967 1500 0.52575 1500 
0.433164 0.578974 1500 1.6408 0.0887967 1500 1.26779 1500 
0.579344 0.557355 1500 2.26252 0.0887967 1500 0.765115 1500 
0.579344 0.557344 1500 2.26252 0.0887967 1500 0.765115 1500 
0.994031 0.532084 1500 0.0723834 0.0472983 1500 1500 0.263042 
0.994034 0.532083 1500 0.0723834 0.0472983 1500 1500 0.263042 
0.62067 0.546553 1500 2.43464 0.0887967 1500 0.61119 1500 
0.587927 0.554638 1500 1.9906 0.0887967 1500 0.52575 1500 
0.616446 0.547942 1500 2.26252 0.0887967 1500 0.53478 1500 
0.617999 0.547427 1500 2.26252 0.0887967 1500 0.52575 1500 
0.617999 0.547426 1500 2.26252 0.0887967 1500 0.52575 1500 
0.379565 0.581442 1500 1.31124 0.0887967 1500 1.26779 1500 
0.579344 0.557345 1500 2.26252 0.0887967 1500 0.765115 1500 
0.603636 0.55117 1500 2.26252 0.0644233 1500 0.61119 1500 
0.617999 0.547551 1500 2.26252 0.0887967 1500 0.52575 1500 
0.992164 0.545089 1500 0.518411 0.0492578 1500 1500 0.917152 
0.500818 0.571529 1500 1.6408 0.0980067 1500 0.765115 1500 
0.617999 0.54746 1500 2.26252 0.0887967 1500 0.52575 1500 
0.994219 0.522803 1500 0.0809801 0.0492578 1500 1500 0.102975 
0.603618 0.551568 1500 2.26252 0.0887967 1500 0.61119 1500 
0.603618 0.55157 1500 2.26252 0.0887967 1500 0.61119 1500 
0.579344 0.557452 1500 2.26252 0.0887967 1500 0.765115 1500 
0.535233 0.567007 1500 1.6408 0.219747 1500 0.558143 1500 
0.617999 0.547453 1500 2.26252 0.0887967 1500 0.52575 1500 
0.993267 0.541091 1500 0.190766 0.0599937 1500 1500 0.576414 
0.612466 0.549153 1500 2.26252 0.0887967 1500 0.558143 1500 
0.379565 0.581419 1500 1.31124 0.0887967 1500 1.26779 1500 
0.433162 0.579126 1500 1.6408 0.0980067 1500 1.26779 1500 
0.587927 0.554644 1500 1.9906 0.0887967 1500 0.52575 1500 
0.993681 0.538605 1500 0.0723834 0.0472983 1500 1500 0.529367 
0.617999 0.5474 1500 2.26252 0.0887967 1500 0.52575 1500 
0.579344 0.557374 1500 2.26252 0.0887967 1500 0.765115 1500 
0.993857 0.535063 1500 0.0449678 0.0472983 1500 1500 0.404705 
0.603618 0.55168 1500 2.26252 0.0887967 1500 0.61119 1500 
0.576607 0.558113 1500 2.01932 0.0887967 1500 0.61119 1500 
0.579344 0.557423 1500 2.26252 0.0887967 1500 0.765115 1500 
0.408706 0.579262 1500 1.6408 0.0887967 1500 1.49098 1500 
0.610339 0.549782 1500 2.26252 0.0887967 1500 0.570754 1500 
0.603618 0.55157 1500 2.26252 0.0887967 1500 0.61119 1500 
0.617999 0.547414 1500 2.26252 0.0887967 1500 0.52575 1500 
0.617999 0.547418 1500 2.26252 0.0887967 1500 0.52575 1500 
0.433162 0.579123 1500 1.6408 0.0980067 1500 1.26779 1500 
0.579344 0.557335 1500 2.26252 0.0887967 1500 0.765115 1500 
0.612466 0.549208 1500 2.26252 0.0887967 1500 0.558143 1500 
0.617999 0.547478 1500 2.26252 0.0887967 1500 0.52575 1500 
0.617999 0.547395 1500 2.26252 0.0887967 1500 0.52575 1500 
0.617999 0.547457 1500 2.26252 0.0887967 1500 0.52575 1500 
0.579344 0.557342 1500 2.26252 0.0887967 1500 0.765115 1500 
0.438296 0.578736 1500 1.6408 0.0887967 1500 1.22416 1500 
0.603618 0.551573 1500 2.26252 0.0887967 1500 0.61119 1500 
0.579344 0.557347 1500 2.26252 0.0887967 1500 0.765115 1500 
0.994036 0.532083 1500 0.0723834 0.0472983 1500 1500 0.263042 
0.58224 0.556297 1500 1.9906 0.0887967 1500 0.558143 1500 
0.603636 0.551103 1500 2.26252 0.0644233 1500 0.61119 1500 
0.579344 0.557333 1500 2.26252 0.0887967 1500 0.765115 1500 
0.617999 0.54757 1500 2.26252 0.0887967 1500 0.52575 1500 
0.99372 0.537077 1500 0.0495333 0.0616383 1500 1500 0.488403 
0.612466 0.549074 1500 2.26252 0.0887967 1500 0.558143 1500 
0.612466 0.549077 1500 2.26252 0.0887967 1500 0.558143 1500 
0.612466 0.549052 1500 2.26252 0.0887967 1500 0.558143 1500 
0.433162 0.579106 1500 1.6408 0.0980067 1500 1.26779 1500 
0.535233 0.567059 1500 1.6408 0.219747 1500 0.558143 1500 
0.993854 0.535106 1500 0.0449678 0.0472983 1500 1500 0.404705 
0.603636 0.551101 1500 2.26252 0.0644233 1500 0.61119 1500 
0.500818 0.571556 1500 1.6408 0.0980067 1500 0.765115 1500 
0.603618 0.551576 1500 2.26252 0.0887967 1500 0.61119 1500 
0.433162 0.579126 1500 1.6408 0.0980067 1500 1.26779 1500 
0.535233 0.567179 1500 1.6408 0.219747 1500 0.558143 1500 
0.617999 0.54744 1500 2.26252 0.0887967 1500 0.52575 1500 
0.603631 0.551257 1500 2.26252 0.0706302 1500 0.61119 1500 
0.617999 0.547468 1500 2.26252 0.0887967 1500 0.52575 1500 
0.62067 0.54664 1500 2.43464 0.0887967 1500 0.61119 1500 
0.579344 0.557318 1500 2.26252 0.0887967 1500 0.765115 1500 
0.616446 0.54794 1500 2.26252 0.0887967 1500 0.53478 1500 
0.612459 0.549267 1500 2.26252 0.0980067 1500 0.558143 1500 
0.617999 0.54744 1500 2.26252 0.0887967 1500 0.52575 1500 
0.603618 0.551613 1500 2.26252 0.0887967 1500 0.61119 1500 
0.579344 0.557345 1500 2.26252 0.0887967 1500 0.765115 1500 
0.603618 0.551689 1500 2.26252 0.0887967 1500 0.61119 1500 
0.617999 0.547436 1500 2.26252 0.0887967 1500 0.52575 1500 
0.579344 0.557351 1500 2.26252 0.0887967 1500 0.765115 1500 
0.433164 0.57897 1500 1.6408 0.0887967 1500 1.26779 1500 
0.616446 0.548027 1500 2.26252 0.0887967 1500 0.53478 1500 
0.617999 0.54756 1500 2.26252 0.0887967 1500 0.52575 1500 
0.541528 0.5637 1500 2.26252 0.0887967 1500 1.03268 1500 
0.579344 0.55735 1500 2.26252 0.0887967 1500 0.765115 1500 
0.617999 0.547445 1500 2.26252 0.0887967 1500 0.52575 1500 
0.433164 0.578978 1500 1.6408 0.0887967 1500 1.26779 1500 
0.612466 0.549089 1500 2.26252 0.0887967 1500 0.558143 1500 
0.433162 0.579117 1500 1.6408 0.0980067 1500 1.26779 1500 
0.535233 0.567019 1500 1.6408 0.219747 1500 0.558143 1500 
0.579344 0.557446 1500 2.26252 0.0887967 1500 0.765115 1500 
0.612466 0.549094 1500 2.26252 0.0887967 1500 0.558143 1500 
0.618022 0.54671 1500 2.26252 0.0599937 1500 0.52575 1500 
0.433164 0.579005 1500 1.6408 0.0887967 1500 1.26779 1500 
0.512091 0.567614 1500 1.6408 0.0644233 1500 0.694505 1500 
0.579344 0.557355 1500 2.26252 0.0887967 1500 0.765115 1500 
0.603636 0.5511 1500 2.26252 0.0644233 1500 0.61119 1500 
0.579344 0.557443 1500 2.26252 0.0887967 1500 0.765115 1500 
0.579344 0.55735 1500 2.26252 0.0887967 1500 0.765115 1500 
0.408706 0.579274 1500 1.6408 0.0887967 1500 1.49098 1500 
0.603618 0.551606 1500 2.26252 0.0887967 1500 0.61119 1500 
0.500823 0.571148 1500 1.6408 0.0887967 1500 0.765115 1500 
0.579344 0.557311 1500 2.26252 0.0887967 1500 0.765115 1500 
0.618022 0.546729 1500 2.26252 0.0599937 1500 0.52575 1500 
0.579344 0.557324 1500 2.26252 0.0887967 1500 0.765115 1500 
0.500823 0.571162 1500 1.6408 0.0887967 1500 0.765115 1500 
0.510081 0.570193 1500 1.70344 0.0887967 1500 0.765115 1500 
0.603636 0.551064 1500 2.26252 0.0644233 1500 0.61119 1500 
0.433162 0.579124 1500 1.6408 0.0980067 1500 1.26779 1500 
0.603618 0.551613 1500 2.26252 0.0887967 1500 0.61119 1500 
0.617999 0.54743 1500 2.26252 0.0887967 1500 0.52575 1500 
0.612466 0.549111 1500 2.26252 0.0887967 1500 0.558143 1500 
0.579344 0.55735 1500 2.26252 0.0887967 1500 0.765115 1500 
0.617999 0.547393 1500 2.26252 0.0887967 1500 0.52575 1500 
0.617999 0.547412 1500 2.26252 0.0887967 1500 0.52575 1500 
0.617954 0.547743 1500 2.26252 0.143962 1500 0.52575 1500 
0.579344 0.557365 1500 2.26252 0.0887967 1500 0.765115 1500 
0.610339 0.549701 1500 2.26252 0.0887967 1500 0.570754 1500 
0.433164 0.578994 1500 1.6408 0.0887967 1500 1.26779 1500 
0.610339 0.549713 1500 2.26252 0.0887967 1500 0.570754 1500 
0.579344 0.557314 1500 2.26252 0.0887967 1500 0.765115 1500 
0.99372 0.537082 1500 0.0495333 0.0616383 1500 1500 0.488403 
0.433164 0.579003 1500 1.6408 0.0887967 1500 1.26779 1500 
0.603618 0.551695 1500 2.26252 0.0887967 1500 0.61119 1500 
0.438296 0.578741 1500 1.6408 0.0887967 1500 1.22416 1500 
0.579362 0.556895 1500 2.26252 0.0599937 1500 0.765115 1500 
0.617999 0.547395 1500 2.26252 0.0887967 1500 0.52575 1500 
0.617999 0.547552 1500 2.26252 0.0887967 1500 0.52575 1500 
0.62067 0.546553 1500 2.43464 0.0887967 1500 0.61119 1500 
0.994192 0.525996 1500 0.0490066 0.0472983 1500 1500 0.163031 
0.617999 0.547432 1500 2.26252 0.0887967 1500 0.52575 1500 
0.617999 0.547397 1500 2.26252 0.0887967 1500 0.52575 1500 
0.603618 0.551535 1500 2.26252 0.0887967 1500 0.61119 1500 
0.541528 0.56366 1500 2.26252 0.0887967 1500 1.03268 1500 
0.612466 0.549204 1500 2.26252 0.0887967 1500 0.558143 1500 
0.579344 0.557315 1500 2.26252 0.0887967 1500 0.765115 1500 
0.617999 0.54743 1500 2.26252 0.0887967 1500 0.52575 1500 
0.579344 0.557453 1500 2.26252 0.0887967 1500 0.765115 1500 
0.617999 0.547562 1500 2.26252 0.0887967 1500 0.52575 1500 
0.603631 0.551197 1500 2.26252 0.0706302 1500 0.61119 1500 
0.579344 0.557471 1500 2.26252 0.0887967 1500 0.765115 1500 
0.603618 0.551683 1500 2.26252 0.0887967 1500 0.61119 1500 
0.617991 0.547635 1500 2.26252 0.0980067 1500 0.52575 1500 
0.559238 0.561247 1500 1.87922 0.0887967 1500 0.61119 1500 
0.617991 0.547571 1500 2.26252 0.0980067 1500 0.52575 1500 
0.617999 0.547566 1500 2.26252 0.0887967 1500 0.52575 1500 
0.617999 0.547467 1500 2.26252 0.0887967 1500 0.52575 1500 
0.610339 0.549828 1500 2.26252 0.0887967 1500 0.570754 1500 
0.612442 0.549453 1500 2.26252 0.11909 1500 0.558143 1500 
0.617999 0.547454 1500 2.26252 0.0887967 1500 0.52575 1500 
0.618018 0.546881 1500 2.26252 0.0644233 1500 0.52575 1500 
0.579344 0.557399 1500 2.26252 0.0887967 1500 0.765115 1500 
0.433164 0.579018 1500 1.6408 0.0887967 1500 1.26779 1500 
0.993721 0.537125 1500 0.0495333 0.0616383 1500 1500 0.488403 
0.617999 0.547414 1500 2.26252 0.0887967 1500 0.52575 1500 
0.444331 0.578573 1500 1.6408 0.0980067 1500 1.17414 1500 
0.579344 0.557425 1500 2.26252 0.0887967 1500 0.765115 1500 
0.433164 0.579026 1500 1.6408 0.0887967 1500 1.26779 1500 
0.433162 0.579107 1500 1.6408 0.0980067 1500 1.26779 1500 
0.406132 0.579532 1500 1.30228 0.0887967 1500 1.03268 1500 
0.579344 0.557312 1500 2.26252 0.0887967 1500 0.765115 1500 
0.603631 0.551237 1500 2.26252 0.0706302 1500 0.61119 1500 
0.433164 0.578995 1500 1.6408 0.0887967 1500 1.26779 1500 
0.993721 0.537045 1500 0.0495333 0.0616383 1500 1500 0.488403 
0.617999 0.547569 1500 2.26252 0.0887967 1500 0.52575 1500 
0.603618 0.551564 1500 2.26252 0.0887967 1500 0.61119 1500 
0.993272 0.540989 1500 0.190766 0.0599937 1500 1500 0.576414 
0.993273 0.54098 1500 0.190766 0.0599937 1500 1500 0.576414 
0.433162 0.579117 1500 1.6408 0.0980067 1500 1.26779 1500 
0.610339 0.549692 1500 2.26252 0.0887967 1500 0.570754 1500 
0.579344 0.557405 1500 2.26252 0.0887967 1500 0.765115 1500 
0.433162 0.579121 1500 1.6408 0.0980067 1500 1.26779 1500 
0.617991 0.547602 1500 2.26252 0.0980067 1500 0.52575 1500 
0.617999 0.547562 1500 2.26252 0.0887967 1500 0.52575 1500 
0.603618 0.551572 1500 2.26252 0.0887967 1500 0.61119 1500 
0.433164 0.579004 1500 1.6408 0.0887967 1500 1.26779 1500 
0.612466 0.549135 1500 2.26252 0.0887967 1500 0.558143 1500 
0.579344 0.557332 1500 2.26252 0.0887967 1500 0.765115 1500 
0.579344 0.557319 1500 2.26252 0.0887967 1500 0.765115 1500 
0.617999 0.547494 1500 2.26252 0.0887967 1500 0.52575 1500 
0.617999 0.547392 1500 2.26252 0.0887967 1500 0.52575 1500 
0.617999 0.547413 1500 2.26252 0.0887967 1500 0.52575 1500 
0.579344 0.557442 1500 2.26252 0.0887967 1500 0.765115 1500 
0.408706 0.579278 1500 1.6408 0.0887967 1500 1.49098 1500 
0.579344 0.55736 1500 2.26252 0.0887967 1500 0.765115 1500 
0.617999 0.547468 1500 2.26252 0.0887967 1500 0.52575 1500 
0.617999 0.547513 1500 2.26252 0.0887967 1500 0.52575 1500 
0.612459 0.549255 1500 2.26252 0.0980067 1500 0.558143 1500 
0.535233 0.56703 1500 1.6408 0.219747 1500 0.558143 1500 
0.603618 0.55155 1500 2.26252 0.0887967 1500 0.61119 1500 
0.579344 0.55733 1500 2.26252 0.0887967 1500 0.765115 1500 
0.617999 0.547433 1500 2.26252 0.0887967 1500 0.52575 1500 
0.579344 0.557427 1500 2.26252 0.0887967 1500 0.765115 1500 
0.579344 0.55738 1500 2.26252 0.0887967 1500 0.765115 1500 
0.579344 0.557379 1500 2.26252 0.0887967 1500 0.765115 1500 
0.603636 0.551036 1500 2.26252 0.0644233 1500 0.61119 1500 
0.617999 0.547433 1500 2.26252 0.0887967 1500 0.52575 1500 
0.579344 0.557355 1500 2.26252 0.0887967 1500 0.765115 1500 
0.579344 0.557341 1500 2.26252 0.0887967 1500 0.765115 1500 
0.433164 0.579006 1500 1.6408 0.0887967 1500 1.26779 1500 
0.603636 0.551104 1500 2.26252 0.0644233 1500 0.61119 1500 
0.62067 0.546487 1500 2.43464 0.0887967 1500 0.61119 1500 
0.603618 0.551571 1500 2.26252 0.0887967 1500 0.61119 1500 
0.603618 0.551599 1500 2.26252 0.0887967 1500 0.61119 1500 
0.612466 0.54909 1500 2.26252 0.0887967 1500 0.558143 1500 
0.579344 0.557318 1500 2.26252 0.0887967 1500 0.765115 1500 
0.617999 0.547407 1500 2.26252 0.0887967 1500 0.52575 1500 
0.579344 0.557315 1500 2.26252 0.0887967 1500 0.765115 1500 
0.617999 0.547557 1500 2.26252 0.0887967 1500 0.52575 1500 
0.579344 0.557451 1500 2.26252 0.0887967 1500 0.765115 1500 
0.603618 0.551568 1500 2.26252 0.0887967 1500 0.61119 1500 
0.603618 0.551553 1500 2.26252 0.0887967 1500 0.61119 1500 
0.579344 0.557409 1500 2.26252 0.0887967 1500 0.765115 1500 
0.433164 0.57897 1500 1.6408 0.0887967 1500 1.26779 1500 
0.610339 0.549684 1500 2.26252 0.0887967 1500 0.570754 1500 
0.579344 0.557355 1500 2.26252 0.0887967 1500 0.765115 1500 
0.500823 0.571203 1500 1.6408 0.0887967 1500 0.765115 1500 
0.617999 0.547396 1500 2.26252 0.0887967 1500 0.52575 1500 
0.618021 0.54686 1500 2.26252 0.0616383 1500 0.52575 1500 
0.617999 0.547434 1500 2.26252 0.0887967 1500 0.52575 1500 
0.579344 0.557404 1500 2.26252 0.0887967 1500 0.765115 1500 
0.603611 0.551761 1500 2.26252 0.0980067 1500 0.61119 1500 
0.603636 0.551149 1500 2.26252 0.0644233 1500 0.61119 1500 
0.579344 0.55735 1500 2.26252 0.0887967 1500 0.765115 1500 
0.617999 0.547395 1500 2.26252 0.0887967 1500 0.52575 1500 
0.617999 0.547418 1500 2.26252 0.0887967 1500 0.52575 1500 
0.433162 0.579138 1500 1.6408 0.0980067 1500 1.26779 1500 
0.579362 0.556943 1500 2.26252 0.0599937 1500 0.765115 1500 
0.603618 0.55157 1500 2.26252 0.0887967 1500 0.61119 1500 
0.994308 0.51937 1500 0.0513872 0.0492578 1500 1500 0.071831 
0.617999 0.547466 1500 2.26252 0.0887967 1500 0.52575 1500 
0.579344 0.557359 1500 2.26252 0.0887967 1500 0.765115 1500 
0.616446 0.547929 1500 2.26252 0.0887967 1500 0.53478 1500 
0.535233 0.567042 1500 1.6408 0.219747 1500 0.558143 1500 
0.579344 0.557344 1500 2.26252 0.0887967 1500 0.765115 1500 
0.993722 0.53707 1500 0.0495333 0.0616383 1500 1500 0.488403 
0.603618 0.551619 1500 2.26252 0.0887967 1500 0.61119 1500 
0.603618 0.55157 1500 2.26252 0.0887967 1500 0.61119 1500 
0.579344 0.557392 1500 2.26252 0.0887967 1500 0.765115 1500 
0.603618 0.551656 1500 2.26252 0.0887967 1500 0.61119 1500 
0.603618 0.551605 1500 2.26252 0.0887967 1500 0.61119 1500 
0.617999 0.547458 1500 2.26252 0.0887967 1500 0.52575 1500 
0.433164 0.578996 1500 1.6408 0.0887967 1500 1.26779 1500 
0.433162 0.579125 1500 1.6408 0.0980067 1500 1.26779 1500 
0.512077 0.568888 1500 1.6408 0.0887967 1500 0.694505 1500 
0.535233 0.567063 1500 1.6408 0.219747 1500 0.558143 1500 
0.617999 0.54757 1500 2.26252 0.0887967 1500 0.52575 1500 
0.535233 0.567063 1500 1.6408 0.219747 1500 0.558143 1500 
0.617999 0.547455 1500 2.26252 0.0887967 1500 0.52575 1500 
0.433164 0.578969 1500 1.6408 0.0887967 1500 1.26779 1500 
0.603638 0.550998 1500 2.26252 0.0616383 1500 0.61119 1500 
0.579344 0.557347 1500 2.26252 0.0887967 1500 0.765115 1500 
0.610339 0.549822 1500 2.26252 0.0887967 1500 0.570754 1500 
0.603618 0.551696 1500 2.26252 0.0887967 1500 0.61119 1500 
0.617999 0.54757 1500 2.26252 0.0887967 1500 0.52575 1500 
0.537831 0.56658 1500 1.6408 0.219747 1500 0.543629 1500 
0.579359 0.556993 1500 2.26252 0.0644233 1500 0.765115 1500 
0.573163 0.558738 1500 1.9906 0.0887967 1500 0.61119 1500 
0.500823 0.571158 1500 1.6408 0.0887967 1500 0.765115 1500 
0.617999 0.547431 1500 2.26252 0.0887967 1500 0.52575 1500 
0.617999 0.547397 1500 2.26252 0.0887967 1500 0.52575 1500 
0.617999 0.547464 1500 2.26252 0.0887967 1500 0.52575 1500 
0.603618 0.551554 1500 2.26252 0.0887967 1500 0.61119 1500 
0.612459 0.549248 1500 2.26252 0.0980067 1500 0.558143 1500 
0.579344 0.55733 1500 2.26252 0.0887967 1500 0.765115 1500 
0.617999 0.547416 1500 2.26252 0.0887967 1500 0.52575 1500 
0.433162 0.579126 1500 1.6408 0.0980067 1500 1.26779 1500 
0.618011 0.547102 1500 2.26252 0.0729726 1500 0.52575 1500 
0.617999 0.547433 1500 2.26252 0.0887967 1500 0.52575 1500 
0.603618 0.551578 1500 2.26252 0.0887967 1500 0.61119 1500 
0.579344 0.557375 1500 2.26252 0.0887967 1500 0.765115 1500 
0.617999 0.547396 1500 2.26252 0.0887967 1500 0.52575 1500 
0.612466 0.549122 1500 2.26252 0.0887967 1500 0.558143 1500 
0.603618 0.551534 1500 2.26252 0.0887967 1500 0.61119 1500 
0.433162 0.579113 1500 1.6408 0.0980067 1500 1.26779 1500 
0.617999 0.547444 1500 2.26252 0.0887967 1500 0.52575 1500 
0.579344 0.557458 1500 2.26252 0.0887967 1500 0.765115 1500 
0.408706 0.579288 1500 1.6408 0.0887967 1500 1.49098 1500 
0.500823 0.571148 1500 1.6408 0.0887967 1500 0.765115 1500 
0.617999 0.547429 1500 2.26252 0.0887967 1500 0.52575 1500 
0.617999 0.547564 1500 2.26252 0.0887967 1500 0.52575 1500 
0.612466 0.549123 1500 2.26252 0.0887967 1500 0.558143 1500 
0.579344 0.557444 1500 2.26252 0.0887967 1500 0.765115 1500 
0.579344 0.557353 1500 2.26252 0.0887967 1500 0.765115 1500 
0.617999 0.547467 1500 2.26252 0.0887967 1500 0.52575 1500 
0.617999 0.547465 1500 2.26252 0.0887967 1500 0.52575 1500 
0.587927 0.554708 1500 1.9906 0.0887967 1500 0.52575 1500 
0.579344 0.557346 1500 2.26252 0.0887967 1500 0.765115 1500 
0.579344 0.557381 1500 2.26252 0.0887967 1500 0.765115 1500 
0.610339 0.549712 1500 2.26252 0.0887967 1500 0.570754 1500 
0.603636 0.551045 1500 2.26252 0.0644233 1500 0.61119 1500 
0.579344 0.557318 1500 2.26252 0.0887967 1500 0.765115 1500 
0.579344 0.557348 1500 2.26252 0.0887967 1500 0.765115 1500 
0.617999 0.547397 1500 2.26252 0.0887967 1500 0.52575 1500 
0.617999 0.547456 1500 2.26252 0.0887967 1500 0.52575 1500 
0.617999 0.547427 1500 2.26252 0.0887967 1500 0.52575 1500 
0.603649 0.550384 1500 2.26252 0.0472983 1500 0.61119 1500 
0.433164 0.578997 1500 1.6408 0.0887967 1500 1.26779 1500 
0.579344 0.557346 1500 2.26252 0.0887967 1500 0.765115 1500 
0.618022 0.54679 1500 2.26252 0.0599937 1500 0.52575 1500 
0.433164 0.578957 1500 1.6408 0.0887967 1500 1.26779 1500 
0.433162 0.579104 1500 1.6408 0.0980067 1500 1.26779 1500 
0.579344 0.557394 1500 2.26252 0.0887967 1500 0.765115 1500 
0.579344 0.557342 1500 2.26252 0.0887967 1500 0.765115 1500 
0.579344 0.55735 1500 2.26252 0.0887967 1500 0.765115 1500 
0.579344 0.557359 1500 2.26252 0.0887967 1500 0.765115 1500 
0.617999 0.547551 1500 2.26252 0.0887967 1500 0.52575 1500 
0.618022 0.546813 1500 2.26252 0.0599937 1500 0.52575 1500 
0.617954 0.547889 1500 2.26252 0.143962 1500 0.52575 1500 
0.617999 0.547483 1500 2.26252 0.0887967 1500 0.52575 1500 
0.994267 0.521787 1500 0.0490066 0.0472983 1500 1500 0.102975 
0.603618 0.551574 1500 2.26252 0.0887967 1500 0.61119 1500 
0.541528 0.563644 1500 2.26252 0.0887967 1500 1.03268 1500 
0.617999 0.547467 1500 2.26252 0.0887967 1500 0.52575 1500 
0.617999 0.547568 1500 2.26252 0.0887967 1500 0.52575 1500 
0.579344 0.557338 1500 2.26252 0.0887967 1500 0.765115 1500 
0.617999 0.547399 1500 2.26252 0.0887967 1500 0.52575 1500 
0.618018 0.546879 1500 2.26252 0.0644233 1500 0.52575 1500 
0.610339 0.549734 1500 2.26252 0.0887967 1500 0.570754 1500 
0.610339 0.54974 1500 2.26252 0.0887967 1500 0.570754 1500 
0.616446 0.547956 1500 2.26252 0.0887967 1500 0.53478 1500 
0.579344 0.55737 1500 2.26252 0.0887967 1500 0.765115 1500 
0.408705 0.579349 1500 1.6408 0.0980067 1500 1.49098 1500 
0.617999 0.547468 1500 2.26252 0.0887967 1500 0.52575 1500 
0.433164 0.579009 1500 1.6408 0.0887967 1500 1.26779 1500 
0.603647 0.550544 1500 2.26252 0.0492578 1500 0.61119 1500 
0.579361 0.556987 1500 2.26252 0.0616383 1500 0.765115 1500 
0.579344 0.55736 1500 2.26252 0.0887967 1500 0.765115 1500 
0.433164 0.578959 1500 1.6408 0.0887967 1500 1.26779 1500 
0.579344 0.557424 1500 2.26252 0.0887967 1500 0.765115 1500 
0.535233 0.567066 1500 1.6408 0.219747 1500 0.558143 1500 
0.610339 0.549759 1500 2.26252 0.0887967 1500 0.570754 1500 
0.603618 0.551567 1500 2.26252 0.0887967 1500 0.61119 1500 
0.579344 0.557393 1500 2.26252 0.0887967 1500 0.765115 1500 
0.444331 0.578551 1500 1.6408 0.0980067 1500 1.17414 1500 
0.579344 0.557321 1500 2.26252 0.0887967 1500 0.765115 1500 
0.617999 0.5474 1500 2.26252 0.0887967 1500 0.52575 1500 
0.603595 0.551939 1500 2.26252 0.11909 1500 0.61119 1500 
0.603618 0.551594 1500 2.26252 0.0887967 1500 0.61119 1500 
0.603618 0.551572 1500 2.26252 0.0887967 1500 0.61119 1500 
0.617999 0.547549 1500 2.26252 0.0887967 1500 0.52575 1500 
0.617999 0.547432 1500 2.26252 0.0887967 1500 0.52575 1500 
0.603618 0.551559 1500 2.26252 0.0887967 1500 0.61119 1500 
0.610339 0.549702 1500 2.26252 0.0887967 1500 0.570754 1500 
0.433164 0.579003 1500 1.6408 0.0887967 1500 1.26779 1500 
0.587927 0.554619 1500 1.9906 0.0887967 1500 0.52575 1500 
0.579344 0.55739 1500 2.26252 0.0887967 1500 0.765115 1500 
0.612466 0.549178 1500 2.26252 0.0887967 1500 0.558143 1500 
0.579344 0.557375 1500 2.26252 0.0887967 1500 0.765115 1500 
0.566191 0.559525 1500 1.87922 0.0887967 1500 0.570754 1500 
0.610339 0.549757 1500 2.26252 0.0887967 1500 0.570754 1500 
0.617954 0.547756 1500 2.26252 0.143962 1500 0.52575 1500 
0.617999 0.54743 1500 2.26252 0.0887967 1500 0.52575 1500 
0.433164 0.578969 1500 1.6408 0.0887967 1500 1.26779 1500 
0.617954 0.547891 1500 2.26252 0.143962 1500 0.52575 1500 
0.579344 0.55732 1500 2.26252 0.0887967 1500 0.765115 1500 
0.579344 0.557373 1500 2.26252 0.0887967 1500 0.765115 1500 
0.579344 0.557341 1500 2.26252 0.0887967 1500 0.765115 1500 
0.617999 0.547482 1500 2.26252 0.0887967 1500 0.52575 1500 
0.579344 0.55732 1500 2.26252 0.0887967 1500 0.765115 1500 
0.994166 0.526946 1500 0.0723834 0.0472983 1500 1500 0.163031 
0.579344 0.557385 1500 2.26252 0.0887967 1500 0.765115 1500 
0.612466 0.54909 1500 2.26252 0.0887967 1500 0.558143 1500 
0.617999 0.547425 1500 2.26252 0.0887967 1500 0.52575 1500 
0.579344 0.557407 1500 2.26252 0.0887967 1500 0.765115 1500 
0.579344 0.557349 1500 2.26252 0.0887967 1500 0.765115 1500 
0.579344 0.557358 1500 2.26252 0.0887967 1500 0.765115 1500 
0.618013 0.547086 1500 2.26252 0.0706302 1500 0.52575 1500 
0.617991 0.547707 1500 2.26252 0.0980067 1500 0.52575 1500 
0.617999 0.547427 1500 2.26252 0.0887967 1500 0.52575 1500 
0.617999 0.547491 1500 2.26252 0.0887967 1500 0.52575 1500 
0.617999 0.547435 1500 2.26252 0.0887967 1500 0.52575 1500 
0.579344 0.557368 1500 2.26252 0.0887967 1500 0.765115 1500 
0.617999 0.547493 1500 2.26252 0.0887967 1500 0.52575 1500 
0.433164 0.579024 1500 1.6408 0.0887967 1500 1.26779 1500 
0.579344 0.557403 1500 2.26252 0.0887967 1500 0.765115 1500 
0.617999 0.547558 1500 2.26252 0.0887967 1500 0.52575 1500 
0.617999 0.547413 1500 2.26252 0.0887967 1500 0.52575 1500 
0.579344 0.557356 1500 2.26252 0.0887967 1500 0.765115 1500 
0.617999 0.547459 1500 2.26252 0.0887967 1500 0.52575 1500 
0.603623 0.551453 1500 2.26252 0.0817274 1500 0.61119 1500 
0.612482 0.548701 1500 2.26252 0.068176 1500 0.558143 1500 
0.579344 0.557318 1500 2.26252 0.0887967 1500 0.765115 1500 
0.617999 0.547438 1500 2.26252 0.0887967 1500 0.52575 1500 
0.603636 0.551044 1500 2.26252 0.0644233 1500 0.61119 1500 
0.603618 0.55169 1500 2.26252 0.0887967 1500 0.61119 1500 
0.579344 0.55733 1500 2.26252 0.0887967 1500 0.765115 1500 
0.603618 0.551589 1500 2.26252 0.0887967 1500 0.61119 1500 
0.579344 0.557386 1500 2.26252 0.0887967 1500 0.765115 1500 
0.603618 0.55156 1500 2.26252 0.0887967 1500 0.61119 1500 
0.603636 0.551183 1500 2.26252 0.0644233 1500 0.61119 1500 
0.617999 0.547434 1500 2.26252 0.0887967 1500 0.52575 1500 
0.500823 0.571198 1500 1.6408 0.0887967 1500 0.765115 1500 
0.617999 0.547483 1500 2.26252 0.0887967 1500 0.52575 1500 
0.541067 0.565644 1500 1.6408 0.219747 1500 0.52575 1500 
0.579344 0.557449 1500 2.26252 0.0887967 1500 0.765115 1500 
0.579362 0.556926 1500 2.26252 0.0599937 1500 0.765115 1500 
0.541528 0.563603 1500 2.26252 0.0887967 1500 1.03268 1500 
0.603618 0.551568 1500 2.26252 0.0887967 1500 0.61119 1500 
0.617991 0.547603 1500 2.26252 0.0980067 1500 0.52575 1500 
0.603618 0.551593 1500 2.26252 0.0887967 1500 0.61119 1500 
0.579344 0.557347 1500 2.26252 0.0887967 1500 0.765115 1500 
0.612466 0.549058 1500 2.26252 0.0887967 1500 0.558143 1500 
0.379565 0.58143 1500 1.31124 0.0887967 1500 1.26779 1500 
0.377953 0.583454 1500 1.30228 0.209644 1500 1.26779 1500 
0.579344 0.557421 1500 2.26252 0.0887967 1500 0.765115 1500 
0.500823 0.571214 1500 1.6408 0.0887967 1500 0.765115 1500 
0.603618 0.551576 1500 2.26252 0.0887967 1500 0.61119 1500 
0.603636 0.551079 1500 2.26252 0.0644233 1500 0.61119 1500 
0.612467 0.549043 1500 2.26252 0.0879299 1500 0.558143 1500 
0.617999 0.547561 1500 2.26252 0.0887967 1500 0.52575 1500 
0.612466 0.54922 1500 2.26252 0.0887967 1500 0.558143 1500 
0.617999 0.547416 1500 2.26252 0.0887967 1500 0.52575 1500 
0.433164 0.578967 1500 1.6408 0.0887967 1500 1.26779 1500 
0.433164 0.578938 1500 1.6408 0.0887967 1500 1.26779 1500 
0.617999 0.54749 1500 2.26252 0.0887967 1500 0.52575 1500 
0.406132 0.579535 1500 1.30228 0.0887967 1500 1.03268 1500 
0.579344 0.557446 1500 2.26252 0.0887967 1500 0.765115 1500 
0.612466 0.549056 1500 2.26252 0.0887967 1500 0.558143 1500 
0.603611 0.551796 1500 2.26252 0.0980067 1500 0.61119 1500 
0.603618 0.551682 1500 2.26252 0.0887967 1500 0.61119 1500 
0.617999 0.54746 1500 2.26252 0.0887967 1500 0.52575 1500 
0.617999 0.547482 1500 2.26252 0.0887967 1500 0.52575 1500 
0.433164 0.578994 1500 1.6408 0.0887967 1500 1.26779 1500 
0.617999 0.547458 1500 2.26252 0.0887967 1500 0.52575 1500 
0.579359 0.557015 1500 2.26252 0.0644233 1500 0.765115 1500 
0.617999 0.547462 1500 2.26252 0.0887967 1500 0.52575 1500 
0.579344 0.557318 1500 2.26252 0.0887967 1500 0.765115 1500 
0.57937 0.55653 1500 2.26252 0.0472983 1500 0.765115 1500 
0.603618 0.5517 1500 2.26252 0.0887967 1500 0.61119 1500 
0.449773 0.578002 1500 1.6408 0.0887967 1500 1.13022 1500 
0.603636 0.551046 1500 2.26252 0.0644233 1500 0.61119 1500 
0.438296 0.578734 1500 1.6408 0.0887967 1500 1.22416 1500 
0.617999 0.54756 1500 2.26252 0.0887967 1500 0.52575 1500 
0.603618 0.551574 1500 2.26252 0.0887967 1500 0.61119 1500 
0.603618 0.5516 1500 2.26252 0.0887967 1500 0.61119 1500 
0.579344 0.557362 1500 2.26252 0.0887967 1500 0.765115 1500 
0.465257 0.574744 1500 1.6408 0.0472983 1500 1.01104 1500 
0.617999 0.54743 1500 2.26252 0.0887967 1500 0.52575 1500 
0.617999 0.547398 1500 2.26252 0.0887967 1500 0.52575 1500 
0.579344 0.557369 1500 2.26252 0.0887967 1500 0.765115 1500 
0.603618 0.551621 1500 2.26252 0.0887967 1500 0.61119 1500 
0.603618 0.551598 1500 2.26252 0.0887967 1500 0.61119 1500 
0.603618 0.551559 1500 2.26252 0.0887967 1500 0.61119 1500 
0.579344 0.557311 1500 2.26252 0.0887967 1500 0.765115 1500 
0.500769 0.573543 1500 1.6408 0.193386 1500 0.765115 1500 
0.433164 0.578966 1500 1.6408 0.0887967 1500 1.26779 1500 
0.54442 0.562868 1500 2.26252 0.0472983 1500 1.01104 1500 
0.603618 0.551547 1500 2.26252 0.0887967 1500 0.61119 1500 
0.579344 0.557402 1500 2.26252 0.0887967 1500 0.765115 1500 
0.612466 0.549088 1500 2.26252 0.0887967 1500 0.558143 1500 
0.587927 0.554628 1500 1.9906 0.0887967 1500 0.52575 1500 
0.579369 0.556529 1500 2.26252 0.0487684 1500 0.765115 1500 
0.579344 0.557384 1500 2.26252 0.0887967 1500 0.765115 1500 
0.617999 0.547487 1500 2.26252 0.0887967 1500 0.52575 1500 
0.579344 0.557422 1500 2.26252 0.0887967 1500 0.765115 1500 
0.541528 0.563631 1500 2.26252 0.0887967 1500 1.03268 1500 
0.617999 0.547398 1500 2.26252 0.0887967 1500 0.52575 1500 
0.617999 0.547396 1500 2.26252 0.0887967 1500 0.52575 1500 
0.541528 0.563636 1500 2.26252 0.0887967 1500 1.03268 1500 
0.617999 0.547439 1500 2.26252 0.0887967 1500 0.52575 1500 
0.438296 0.578758 1500 1.6408 0.0887967 1500 1.22416 1500 
0.612466 0.549101 1500 2.26252 0.0887967 1500 0.558143 1500 
0.603618 0.551621 1500 2.26252 0.0887967 1500 0.61119 1500 
0.612485 0.548547 1500 2.26252 0.0644233 1500 0.558143 1500 
0.603618 0.55168 1500 2.26252 0.0887967 1500 0.61119 1500 
0.579344 0.557374 1500 2.26252 0.0887967 1500 0.765115 1500 
0.433164 0.578995 1500 1.6408 0.0887967 1500 1.26779 1500 
0.618018 0.546957 1500 2.26252 0.0644233 1500 0.52575 1500 
0.617999 0.547395 1500 2.26252 0.0887967 1500 0.52575 1500 
0.379565 0.581389 1500 1.31124 0.0887967 1500 1.26779 1500 
