1 0.0134516 1500 0.21944 1500 1500 1500 7.47852 
1 0.396067 0.720091 0.258672 1500 1500 1500 4.71508 
1 0.348069 0.959716 0.966841 1500 1500 1500 0.871711 
1 0.405674 1500 0.854844 1500 0.412689 1500 7.47852 
0.999999 0.146767 1500 1.97746 1500 9.89357 1500 7.47852 
1 0.368095 0.959716 1.08154 1500 1500 1500 0.276236 
1 0.150424 1500 0.657101 1500 9.89357 1500 7.47852 
1 0.299814 0.778012 1500 1500 2.81563 0.685316 1500 
0.999999 0.0138054 1500 0.657101 1500 0.993354 1500 5.76217 
1 0.209777 0.959716 3.89492 1500 1500 1500 0.573124 
0.999922 0.522279 1500 0.960074 0.122709 5.87763 1500 0.452842 
1 0.416274 1500 0.657101 1500 0.412689 1500 7.47852 
0.99997 0.49833 1500 0.960074 0.122709 5.87763 1500 1.48969 
1 0.318529 1500 1.97746 1500 0.6371 1500 0.393613 
1 0.393149 1.63222 1500 1500 0.482014 0.685316 1500 
1 0.21779 0.959716 3.89492 1500 1500 1500 0.573124 
1 0.393337 0.44829 0.673936 1500 1500 1500 1.46994 
0.999999 0.157815 1500 1.26577 1500 9.89357 1500 0.595578 
1 0.353967 1.84757 0.673936 1500 1500 1500 0.260691 
1 0.254072 1500 3.08924 1500 0.684068 1500 1.61943 
1 0.380781 1500 0.657101 1500 0.993354 1500 5.76217 
1 0.358175 0.997897 0.604879 1500 1500 1500 0.573124 
0.999999 0.148891 1500 1.72209 1500 9.89357 1500 1.48037 
0.999999 0.00454631 1500 0.52284 1500 1500 1500 7.47852 
0.999999 0.146767 1500 1.97746 1500 9.89357 1500 0.219729 
1 0.375003 0.701757 0.849655 1500 1500 1500 0.658201 
1 0.183314 0.163295 3.89492 1500 1500 1500 4.60755 
1 0.187805 1500 4.86636 1500 0.375897 1500 1.61943 
1 0.35749 1500 0.657101 1500 0.993354 1500 5.76217 
1 0.318529 1500 1.97746 1500 0.6371 1500 1500 
1 0.0138054 1500 0.657101 1500 0.369116 1500 6.9139 
1 0.388535 0.959716 0.673936 1500 1500 1500 1500 
1 0.358956 0.959716 0.656212 1500 1500 1500 0.298664 
0.999999 0.148891 1500 1.72209 1500 9.89357 1500 1.48037 
1 0.344418 1.84757 0.868994 1500 1500 1500 0.273776 
1 0.399908 1500 0.259768 1500 0.6371 1500 1500 
1 0.357981 1.84757 0.388838 1500 1500 1500 7.512 
0.999999 0.15363 1500 1.72209 1500 9.89357 1500 1.48037 
1 0.318529 1500 1.97746 1500 0.6371 1500 4.26963 
1 0.362062 0.701757 0.849655 1500 1500 1500 0.573124 
0.999999 0.013882 1500 0.868994 1500 1500 1500 0.273776 
1 0.318529 1500 1.97746 1500 0.6371 1500 7.47852 
1 0.315069 1500 1.97746 1500 0.784444 1500 1.63803 
1 0.301147 1500 1.95578 1500 0.474119 1500 0.595578 
1 0.358562 0.959716 0.673936 1500 1500 1500 0.573124 
1 0.360044 1500 0.960074 1500 0.993354 1500 1.36985 
1 0.362547 1500 0.378793 1500 1.43439 1500 0.452842 
1 0.305099 2.02651 0.52284 1500 1500 1500 7.47852 
0.999999 0.0137928 1500 0.62175 1500 1500 1500 1500 
1 0.369098 0.959716 0.849655 1500 1500 1500 0.658201 
0.999999 0.137199 1500 2.9662 1500 9.89357 1500 1.61943 
1 0.398251 1500 0.656212 1500 0.784444 1500 1.63803 
1 0.407129 1500 0.615372 1500 0.6371 1500 1500 
0.999999 0.199663 2.83184 3.89492 1500 1500 1500 0.573124 
1 0.326309 0.959716 0.189543 1500 1500 1500 0.485813 
1 0.370996 0.701757 0.488687 1500 1500 1500 0.658201 
1 0.358231 1500 0.615372 1500 0.993354 1500 5.76217 
0.999999 0.157815 1500 1.26577 1500 9.89357 1500 0.595578 
0.999999 0.0139618 1500 1.08154 1500 0.6371 1500 1.61943 
1 0.352975 0.959716 0.849655 1500 1500 1500 0.658201 
1 0.362547 1500 0.378793 1500 1.43439 1500 0.452842 
1 0.0134516 1500 0.21944 1500 1.09756 1500 0.20219 
1 0.35958 1500 1.48246 1500 0.412689 1500 7.47852 
0.999999 0.132296 1500 5.90527 1500 0.369116 1500 6.9139 
1 0.0134516 1500 0.21944 1500 1500 1500 7.47852 
0.999999 0.198885 1.96868 3.48371 1500 1500 1500 7.512 
1 0.408121 1500 0.378793 1500 0.6371 1500 7.47852 
1 0.318529 1500 1.97746 1500 0.6371 1500 1.61943 
0.999923 0.522279 1500 0.960074 0.122709 5.87763 1500 0.452842 
1 0.301147 1500 1.95578 1500 0.474119 1500 0.905759 
0.999999 0.148891 1500 1.72209 1500 9.89357 1500 0.457347 
1 0.254072 1500 3.08924 1500 0.684068 1500 7.47852 
1 0.294046 1500 1.97746 1500 0.993354 1500 0.311302 
1 0.366266 1500 0.21944 1500 1.09756 1500 0.20219 
1 0.37772 1500 0.657101 1500 1.09756 1500 0.20219 
1 0.401066 1500 0.544597 1500 0.784444 1500 0.77918 
1 0.344418 1.84757 0.868994 1500 1500 1500 7.512 
1 0.368426 0.701757 0.673936 1500 1500 1500 1500 
1 0.345497 1.84757 0.849655 1500 1500 1500 0.658201 
1 0.398506 1500 0.657101 1500 0.11424 1500 0.219729 
1 0.35749 1500 0.657101 1500 0.993354 1500 5.76217 
1 0.0130524 1500 0.131888 1500 3.56143 1500 1.48037 
1 0.377454 0.393226 0.62175 1500 1500 1500 0.871711 
0.999999 0.0141335 1500 1.56282 1500 0.6371 1500 7.47852 
1 0.35958 1500 1.48246 1500 0.412689 1500 1.07624 
1 0.3931 1500 0.212586 1500 0.6371 1500 1.61943 
1 0.377276 0.325911 0.656212 1500 1500 1500 0.732813 
1 0.336046 1500 1.72209 1500 0.6371 1500 1500 
1 0.318529 1500 1.97746 1500 0.6371 1500 0.393613 
1 0.250307 1500 3.08924 1500 0.993354 1500 1.36985 
1 0.330028 1500 0.657101 1500 2.13072 1500 1500 
1 0.318529 1500 1.97746 1500 0.6371 1500 7.47852 
0.999999 0.148891 1500 1.72209 1500 9.89357 1500 0.210803 
1 0.383006 1500 0.615372 1500 0.993354 1500 5.76217 
1 0.418993 1500 0.657101 1500 0.348968 1500 0.151086 
1 0.323364 1500 1.97746 1500 0.388451 1500 1.63803 
1 0.381797 1500 0.657101 1500 1.09756 1500 0.77918 
1 0.358562 0.959716 0.673936 1500 1500 1500 1500 
1 0.318529 1500 1.97746 1500 0.6371 1500 3.88193 
0.999999 0.137199 1500 2.9662 1500 9.89357 1500 1500 
1 0.358562 0.959716 0.673936 1500 1500 1500 0.658201 
1 0.316268 1500 1.87112 1500 0.993354 1500 1.63803 
0.999999 0.0141593 1500 1.64362 1500 0.478624 1500 2.30677 
1 0.187871 1500 4.86636 1500 0.412689 1500 7.47852 
1 0.371346 1500 0.180172 1500 1.09756 1500 0.20219 
0.999999 0.0137868 1500 0.604879 1500 2.62849 1500 0.20219 
0.999999 0.0139193 1500 0.968681 1500 2.41718 1500 0.20219 
1 0.416186 1500 0.841193 1500 0.111804 1500 1.61943 
1 0.338238 1500 1.72209 1500 0.552038 1500 0.159211 
0.999999 0.111071 1500 4.86636 1500 9.89357 1500 1.61943 
1 0.150412 1500 0.656212 1500 9.89357 1500 1.48037 
1 0.36019 0.959716 0.488687 1500 1500 1500 0.658201 
1 0.0138054 1500 0.657101 1500 0.251661 1500 1.48037 
1 0.318529 1500 1.97746 1500 0.6371 1500 1.48037 
0.999999 0.114871 0.701757 7.06086 1500 1500 1500 0.190477 
1 0.250345 1500 2.49335 1500 0.369116 1500 1.26265 
1 0.388535 0.959716 0.673936 1500 1500 1500 0.573124 
0.999999 0.0134111 1500 0.657101 1500 1500 1500 0.658201 
1 0.234746 1500 0.307298 1500 4.40282 1500 1.61943 
1 0.322425 1500 1.72209 1500 1.09756 1500 0.77918 
1 0.353427 1500 0.483815 1500 1.09756 1500 0.20219 
1 0.407129 1500 0.615372 1500 0.6371 1500 1.63803 
0.999999 0.013916 1500 0.960074 1500 0.993354 1500 1.36985 
1 0.358562 0.959716 0.673936 1500 1500 1500 1500 
0.999999 0.184052 1500 1.97746 1500 9.89357 1500 5.76217 
0.999999 0.126105 1500 1.26577 1500 9.89357 1500 0.905759 
1 0.379843 1500 0.615372 1500 1.09756 1500 5.76217 
1 0.262598 1500 0.131888 1500 3.56143 1500 1.48037 
1 0.307201 0.959716 0.149587 1500 1500 1500 7.47852 
0.999999 0.0138821 1.84757 0.869331 1500 1500 1500 7.512 
1 0.196095 1500 0.657101 1500 6.64706 1500 0.77918 
1 0.355045 1500 0.657101 1500 1.04886 1500 6.9139 
1 0.013432 1500 0.212586 1500 0.6371 1500 11.5109 
1 0.247249 1500 0.378793 1500 5.87763 1500 0.452842 
0.999999 0.0141335 1500 1.56282 1500 0.6371 1500 0.398802 
1 0.281266 1500 1.97746 1500 1.08256 1500 3.13028 
0.999999 0.157815 1500 1.26577 1500 9.89357 1500 0.595578 
1 0.313884 0.295592 1.608 1500 1500 1500 0.658201 
1 0.183314 0.163295 3.89492 1500 1500 1500 1.36985 
1 0.322967 1500 1.97746 1500 0.412689 1500 0.824915 
0.999999 0.0140091 1500 1.20789 1500 0.993354 1500 1500 
1 0.393363 1500 0.968681 1500 0.536041 1500 2.30677 
1 0.36019 0.959716 0.488687 1500 1500 1500 0.658201 
1 0.301147 1500 1.95578 1500 0.474119 1500 2.37839 
1 0.0134917 1500 0.235095 1500 0.412689 1500 7.47852 
1 0.362547 1500 0.378793 1500 1.43439 1500 0.20219 
1 0.318529 1500 1.97746 1500 0.6371 1500 7.47852 
1 0.350575 0.701757 0.21944 1500 1500 1500 0.383685 
1 0.3892 0.959716 0.488687 1500 1500 1500 0.658201 
1 0.405674 1500 0.854844 1500 0.412689 1500 7.47852 
1 0.398251 1500 0.656212 1500 0.784444 1500 1.63803 
1 0.37772 1500 0.657101 1500 1.09756 1500 0.731537 
0.999999 0.0134181 1500 0.673936 1500 1500 1500 1.4377 
1 0.412112 0.295592 1500 0.40812 0.993354 1500 1500 
1 0.339424 0.959716 0.234491 1500 1500 1500 1500 
1 0.315069 1500 1.97746 1500 0.784444 1500 1.63803 
1 0.220851 1.84757 2.96276 1500 1500 1500 3.24216 
1 0.194479 1500 4.64241 1500 0.6371 1500 1.61943 
1 0.398506 1500 0.657101 1500 0.11424 1500 0.219729 
1 0.0136155 1500 0.307298 1500 3.56143 1500 1.61943 
0.999999 0.111071 1500 4.86636 1500 9.89357 1500 0.77918 
1 0.256632 1500 3.08924 1500 0.193057 1500 1.36985 
1 0.391339 1500 1.06446 1500 0.412689 1500 1500 
1 0.395272 1500 0.868994 1500 0.6371 1500 2.19953 
1 0.367807 1500 1.27908 1500 0.6371 1500 0.393613 
1 0.358562 0.959716 0.673936 1500 1500 1500 4.82955 
1 0.346587 1500 0.615372 1500 1.24221 1500 0.595578 
1 0.371405 1500 0.960074 1500 0.344424 1500 0.190636 
1 0.30059 1500 1.95578 1500 0.6371 1500 0.595578 
0.999957 0.49833 1500 8.04442 0.122709 5.87763 1500 1.48969 
1 0.336046 1500 1.72209 1500 0.6371 1500 7.47852 
0.999999 0.103477 1500 9.98859 1500 0.552038 1500 0.159211 
1 0.396238 1500 0.656212 1500 0.823329 1500 1500 
0.999999 0.187866 1500 4.86636 1500 0.6371 1500 7.47852 
0.999999 0.123968 1500 2.9662 1500 9.89357 1500 6.00857 
1 0.316187 1500 1.56282 1500 0.6371 1500 7.47852 
1 0.262862 1500 2.9662 1500 0.111804 1500 1.61943 
1 0.330028 1500 0.657101 1500 2.13072 1500 0.103687 
1 0.337941 1.84757 0.869331 1500 1500 1500 7.512 
1 0.422859 1500 0.410602 1500 0.369116 1500 6.9139 
0.999999 0.013882 1500 0.868994 1500 0.474119 1500 2.19953 
1 0.0136045 1500 0.298644 1500 0.21856 1500 1.36985 
1 0.377768 1500 0.656212 1500 1.09756 1500 0.20219 
0.999999 0.0138748 0.701757 0.849655 1500 1500 1500 1500 
1 0.224895 0.959716 3.48371 1500 1500 1500 0.658201 
1 0.299319 1500 1.97746 1500 0.6371 1500 7.512 
1 0.0136839 1500 0.380833 1500 0.914667 1500 0.452842 
0.999999 0.187866 1500 4.86636 1500 0.6371 1500 0.398802 
1 0.353427 1500 0.483815 1500 1.09756 1500 1.63803 
0.999999 0.0138054 1500 0.657101 1500 1500 1500 0.159211 
1 0.323953 1500 1.72209 1500 1.04886 1500 6.9139 
1 0.379843 1500 0.615372 1500 1.09756 1500 5.76217 
1 0.379535 0.332041 0.868994 1500 1500 1500 7.512 
1 0.346357 1500 0.21944 1500 1.43439 1500 0.20219 
1 0.0134516 1500 0.21944 1500 1500 1500 3.53753 
1 0.316268 1500 1.87112 1500 0.993354 1500 0.20219 
1 0.0138054 1500 0.657101 1500 0.369116 1500 7.47852 
1 0.393363 1500 0.968681 1500 0.536041 1500 7.47852 
1 0.30059 1500 1.95578 1500 0.6371 1500 2.37839 
0.999999 0.0954863 1500 9.98859 1500 0.784444 1500 1.63803 
1 0.35843 1500 1.40922 1500 0.6371 1500 0.440822 
1 0.282894 3.8543 0.258672 1500 1500 1500 7.47852 
1 0.256215 1500 3.08924 1500 0.412689 1500 7.47852 
1 0.250345 1500 2.49335 1500 0.369116 1500 1.26265 
1 0.368238 0.701757 0.680579 1500 1500 1500 0.573124 
0.999999 0.0140054 0.295592 1.19768 1500 1500 1500 1.4377 
1 0.349392 1500 0.202404 1500 0.6371 1500 1.63803 
1 0.420051 1500 0.378793 1500 0.412756 1500 0.20219 
0.999999 0.188297 3.8543 3.48371 1500 1500 1500 3.97995 
1 0.423762 1500 0.630187 1500 0.6371 1500 5.76217 
0.999999 0.0139618 1500 1.08154 1500 1.22267 1500 1.61943 
1 0.428798 1500 0.62175 1500 0.111804 1500 1.26265 
1 0.370821 1500 0.376884 1500 0.6371 1500 0.595578 
1 0.239894 1500 0.378793 1500 4.40282 1500 1.61943 
1 0.257891 1500 1.97746 1500 2.87405 1500 4.04677 
1 0.393149 1500 1500 1500 0.482014 0.685316 1500 
1 0.381797 1500 0.657101 1500 1.09756 1500 3.49983 
0.999999 0.0137906 1500 0.615372 1500 5.88368 1500 1500 
1 0.254609 1500 1.95578 1500 2.50636 1500 0.905759 
0.999999 0.0138054 1500 0.657101 1500 1.72403 1500 0.190636 
1 0.346587 1500 0.615372 1500 1.24221 1500 0.595578 
1 0.351907 1500 1.56282 1500 0.474119 1500 0.908232 
1 0.311772 1500 1.97746 1500 0.914667 1500 0.824915 
1 0.315069 1500 1.97746 1500 0.784444 1500 4.55938 
0.999999 0.0138051 1500 0.656212 1500 9.89357 1500 0.996187 
1 0.143346 1500 0.131888 1500 3.56143 1500 1.48037 
0.999999 0.137199 1500 2.9662 1500 9.89357 1500 1.61943 
1 0.29301 1500 2.43064 1500 0.412689 1500 18.13 
0.999999 0.0138051 1.87202 0.656212 1500 1500 1500 1500 
0.999999 0.0138748 1500 0.849655 1500 0.369116 1500 6.9139 
1 0.0136824 1500 0.378793 1500 0.6371 1500 0.452842 
1 0.383006 1500 0.615372 1500 0.993354 1500 5.76217 
1 0.408098 1500 0.868994 1500 0.6371 1500 7.12507 
0.999969 0.49833 1500 0.960074 0.122709 5.87763 1500 1.48969 
1 0.37802 1500 0.410602 1500 0.369116 1500 6.9139 
0.999999 0.0139618 1500 1.08154 1500 9.89357 1500 0.210803 
1 0.381308 1500 0.673936 1500 1.09756 1500 1.63803 
0.999999 0.0138054 1500 0.657101 1500 1.09756 1500 0.77918 
1 0.422859 1500 0.410602 1500 0.369116 1500 1500 
0.999999 0.0140091 1500 1.20789 1500 0.6371 1500 1500 
1 0.292196 1500 1.97746 1500 1.08133 1500 0.398802 
0.999999 0.198289 1500 4.47103 1500 0.993354 1500 7.47852 
1 0.402313 1500 0.868994 1500 0.474119 1500 0.452842 
1 0.421937 1500 0.56637 1500 0.357537 1500 1.63803 
0.999999 0.013882 1500 0.868994 1500 1500 1500 0.186208 
1 0.361897 1500 0.615372 1500 1.66463 1500 5.76217 
1 0.247971 1500 1.95578 1500 2.74846 1500 4.71508 
1 0.311506 2.17282 0.131888 1500 1500 1500 4.71508 
1 0.282054 1500 1.97746 1500 0.993354 1500 0.219729 
1 0.150424 1500 0.657101 1500 9.89357 1500 5.76217 
1 0.319397 1500 1.77107 1500 1.09756 1500 0.77918 
1 0.322425 1500 1.72209 1500 1.09756 1500 1.48037 
1 0.370633 1500 0.968681 1500 1.04886 1500 0.20219 
1 0.360566 1500 0.544597 1500 1.52992 1500 1500 
1 0.323669 1500 1.97746 1500 0.368958 1500 1.63803 
1 0.318529 1500 1.97746 1500 0.6371 1500 1.63803 
1 0.209676 1500 3.89492 1500 1.07119 1500 0.370788 
0.999999 0.0138054 0.959716 0.657101 1500 1500 1500 1.88973 
1 0.309011 1500 2.17846 1500 0.42655 1500 0.603207 
0.999999 0.103477 1500 9.98859 1500 0.552038 1500 0.20219 
1 0.342499 1500 1.56282 1500 0.993354 1500 7.47852 
1 0.364164 1500 0.657101 1500 1.43439 1500 0.77918 
1 0.378517 1500 0.868994 1500 0.993354 1500 1.36985 
0.999999 0.103477 1500 9.98859 1500 0.552038 1500 0.13813 
1 0.306885 1500 1.97746 1500 1.09756 1500 0.77918 
1 0.013665 1500 0.356257 1500 9.89357 1500 5.76217 
1 0.324039 1500 1.97746 1500 0.344054 1500 6.9139 
1 0.375043 1500 0.657101 1500 0.478624 1500 2.30677 
0.999999 0.0140091 1500 1.20789 1500 0.301814 1500 1500 
0.999999 0.128225 1500 1.97746 1500 9.89357 1500 1.61943 
1 0.417327 1500 0.657101 1500 0.388451 1500 7.47852 
1 0.315069 1500 1.97746 1500 0.784444 1500 4.155 
1 0.358231 1500 0.615372 1500 0.993354 1500 0.595578 
1 0.126694 1500 0.180172 1500 9.89357 1500 0.20219 
1 0.279404 1500 0.378793 1500 4.40282 1500 1.61943 
1 0.402313 1500 0.868994 1500 0.474119 1500 7.512 
1 0.304522 1500 1.72209 1500 0.369116 1500 1.26265 
1 0.0137906 1500 0.615372 1500 0.6371 1500 0.697445 
0.999999 0.013882 0.701757 0.868994 1500 1500 1500 0.273776 
1 0.399908 1500 0.259768 1500 0.6371 1500 1500 
1 0.307201 0.959716 0.149587 1500 1500 1500 7.47852 
0.999999 0.160678 1500 5.96294 1500 0.6371 1500 0.113908 
0.999999 0.203254 1500 3.25269 1500 3.56143 1500 1.61943 
1 0.256411 1500 3.08924 1500 0.369116 1500 7.47852 
1 0.341668 1500 1.41515 1500 1.09756 1500 0.151086 
1 0.416274 1500 0.657101 1500 0.412689 1500 7.47852 
1 0.386167 0.565175 0.162775 1500 1500 1500 0.573124 
0.999999 0.0141335 1500 1.56282 1500 0.433262 1500 0.398802 
0.999999 0.184052 1500 1.97746 1500 9.89357 1500 1.61943 
1 0.131015 1500 0.378793 1500 11.1726 1500 1.61943 
1 0.174264 1500 0.235095 1500 9.89357 1500 5.76217 
1 0.369216 1500 0.21944 1500 1.04886 1500 0.20219 
1 0.322967 1500 1.97746 1500 0.412689 1500 0.824915 
1 0.299319 1500 1.97746 1500 0.6371 1500 1.79746 
1 0.291838 1500 1.97746 1500 1.09756 1500 3.49983 
1 0.319313 1500 0.213511 1500 2.50636 1500 0.905759 
0.999999 0.104415 1500 9.31357 1500 1.04886 1500 6.9139 
1 0.388089 1500 0.488687 1500 0.993354 1500 4.55938 
1 0.318529 1500 1.97746 1500 0.6371 1500 7.47852 
1 0.38665 0.959716 0.258672 1500 1500 1500 7.47852 
1 0.365952 1500 0.657101 1500 0.784444 1500 0.20219 
1 0.150412 1500 0.656212 1500 9.89357 1500 1.48037 
1 0.358635 1500 1.27908 1500 0.882605 1500 1.20383 
1 0.373678 1500 0.960074 1500 0.993354 1500 0.393613 
1 0.0134516 1500 0.21944 1500 1.09756 1500 0.398802 
1 0.358562 0.959716 0.673936 1500 1500 1500 1500 
1 0.406344 1500 0.657101 1500 0.624006 1500 7.47852 
1 0.384368 1500 0.657101 1500 1.04886 1500 0.180513 
1 0.200331 1500 4.46077 1500 0.3646 1500 1500 
1 0.379081 1500 0.544597 1500 0.369116 1500 0.590741 
1 0.284847 1500 1.97746 1500 0.369116 1500 5.76217 
1 0.369098 0.959716 0.849655 1500 1500 1500 0.658201 
1 0.385619 1500 0.656212 1500 0.823329 1500 1500 
1 0.297674 1500 1.97746 1500 0.784444 1500 1.63803 
1 0.397598 0.76236 0.388838 1500 1500 1500 7.512 
1 0.291838 1500 1.97746 1500 1.09756 1500 7.512 
1 0.418993 1500 0.657101 1500 0.348968 1500 1500 
1 0.0128751 1500 0.110077 1500 2.41718 1500 1.48037 
1 0.0134516 1500 0.21944 1500 1500 1500 0.590537 
1 0.307201 0.959716 0.149587 1500 1500 1500 0.273776 
0.999999 0.0138054 1500 0.657101 1500 0.993354 1500 0.77918 
1 0.396238 1500 0.656212 1500 0.823329 1500 3.2894 
1 0.358956 0.959716 0.656212 1500 1500 1500 0.732813 
1 0.0138051 1500 0.656212 1500 0.412689 1500 7.47852 
0.999999 0.0138054 1500 0.657101 1500 1500 1500 5.76217 
1 0.0137906 1500 0.615372 1500 0.3646 1500 1500 
1 0.219014 1500 0.615372 1500 5.49582 1500 3.88193 
1 0.0136045 1500 0.298644 1500 0.21856 1500 1.36985 
1 0.353901 0.163295 0.21944 1500 1500 1500 0.731537 
1 0.355154 1500 0.378793 1500 0.993354 1500 1.4343 
1 0.162215 1500 1.95578 1500 6.99409 1500 1.20026 
1 0.427205 1500 0.656212 1500 0.111804 1500 1.26265 
1 0.367807 1500 1.27908 1500 0.6371 1500 2.82684 
1 0.220851 1.84757 2.96276 1500 1500 1500 1500 
1 0.357968 0.163295 1.03542 1500 1500 1500 1.36985 
1 0.358521 1.84757 0.50438 1500 1500 1500 7.512 
0.999999 0.0137983 1500 0.636938 1500 1500 1500 0.77918 
0.999999 0.103666 1500 9.98859 1500 0.6371 1500 0.159211 
0.999999 0.0140091 1500 1.20789 1500 0.993354 1500 0.556464 
1 0.0135344 1500 0.254965 1500 0.369116 1500 0.219729 
1 0.256215 1500 3.08924 1500 0.412689 1500 1.36985 
1 0.325713 1500 1.87112 1500 0.6371 1500 1500 
1 0.275046 1500 0.868994 1500 2.74846 1500 2.19953 
1 0.194373 1500 4.64241 1500 0.684068 1500 0.398802 
1 0.398251 1500 0.656212 1500 0.784444 1500 0.159211 
1 0.380781 1500 0.657101 1500 0.993354 1500 6.9139 
1 0.013432 1500 0.212586 1500 0.21856 1500 1500 
0.999999 0.0138422 1500 0.760261 1500 1.09756 1500 0.20219 
0.999999 0.103477 1500 9.98859 1500 0.552038 1500 0.13813 
1 0.303924 1500 0.160091 1500 1.08133 1500 0.398802 
1 0.313436 1500 1.47704 1500 1.24221 1500 0.595578 
1 0.35749 1500 0.657101 1500 0.993354 1500 1.36985 
1 0.0130524 1500 0.131888 1500 3.56143 1500 1.48037 
1 0.183314 0.163295 3.89492 1500 1500 1500 0.582185 
0.999999 0.103477 1500 9.98859 1500 0.552038 1500 0.398802 
1 0.381308 1500 0.673936 1500 1.09756 1500 0.20219 
1 0.299319 1500 1.97746 1500 0.6371 1500 7.512 
0.999999 0.103477 1500 9.98859 1500 0.552038 1500 0.20219 
0.999999 0.0138054 1500 0.657101 1500 9.89357 1500 0.996187 
1 0.428376 1500 0.27922 1500 0.111804 1500 1.61943 
1 0.3097 1500 1.97746 1500 0.993354 1500 1.36985 
1 0.37772 1500 0.657101 1500 1.09756 1500 0.311302 
1 0.0927777 1500 9.98859 1500 0.552038 1500 0.352049 
1 0.200363 1500 4.46077 1500 0.388451 1500 1500 
1 0.320352 1500 1.97746 1500 0.552038 1500 5.76217 
1 0.196095 1500 0.657101 1500 6.64706 1500 0.457347 
0.999999 0.0138054 1500 0.657101 1500 1.48651 1500 1.61943 
1 0.4235 1500 0.392618 1500 0.348968 1500 1.26265 
0.999999 0.0138054 1500 0.657101 1500 3.56143 1500 7.47852 
0.999999 0.132296 1500 5.90527 1500 0.369116 1500 6.9139 
1 0.260626 1500 2.9662 1500 0.6371 1500 1.61943 
1 0.381797 1500 0.657101 1500 1.09756 1500 0.595578 
1 0.35349 1500 0.615372 1500 1.09756 1500 7.26309 
1 0.375203 1500 0.657101 1500 1.22267 1500 1500 
1 0.32539 1500 0.615372 1500 1.66463 1500 5.76217 
1 0.346587 1500 0.615372 1500 1.24221 1500 1500 
1 0.35958 1500 1.48246 1500 0.412689 1500 7.47852 
0.999999 0.013665 1500 0.356257 1500 1500 1500 4.82955 
1 0.349598 1500 0.378793 1500 1.09756 1500 1.36985 
1 0.422859 1500 0.410602 1500 0.369116 1500 1500 
1 0.353967 1.84757 0.673936 1500 1500 1500 3.24216 
1 0.254072 1500 3.08924 1500 0.684068 1500 1.61943 
1 0.256215 1500 3.08924 1500 0.412689 1500 2.37839 
1 0.405674 1500 0.854844 1500 0.412689 1500 0.20219 
1 0.0136824 1500 0.378793 1500 2.62849 1500 0.452842 
1 0.342052 1500 1.07034 1500 0.993354 1500 5.50182 
1 0.187897 1500 4.86636 1500 0.431012 1500 7.47852 
1 0.41828 1500 0.604879 1500 0.412689 1500 0.20219 
1 0.307295 1500 1.97746 1500 1.08256 1500 7.47852 
0.999999 0.0138054 1500 0.657101 1500 1.0292 1500 0.77918 
1 0.346587 1500 0.615372 1500 1.24221 1500 1.63803 
1 0.370126 1500 0.657101 1500 0.663597 1500 2.30677 
1 0.322967 1500 1.97746 1500 0.412689 1500 7.47852 
1 0.261122 1500 1.97746 1500 2.74846 1500 7.47852 
1 0.401631 1500 0.206356 1500 0.474119 1500 5.76217 
1 0.350086 1500 0.615372 1500 1.72403 1500 0.190636 
1 0.310925 1500 1.56282 1500 1.09756 1500 5.76217 
0.999999 0.0137928 1500 0.62175 1500 0.914667 1500 0.452842 
1 0.313933 1500 1.56282 1500 1.08133 1500 0.398802 
1 0.277745 1500 1.97746 1500 2.13072 1500 7.47852 
1 0.148576 1500 0.544597 1500 9.89357 1500 0.77918 
1 0.256632 1500 3.08924 1500 0.193057 1500 1.36985 
1 0.358231 1500 0.615372 1500 0.993354 1500 1.61943 
1 0.371951 1500 0.615372 1500 0.6371 1500 4.26963 
1 0.395989 1500 0.673936 1500 0.281365 1500 3.13028 
0.999999 0.0141068 1500 1.48246 1500 0.412689 1500 1.07624 
1 0.348116 1500 0.615372 1500 2.09956 1500 5.76217 
1 0.262862 1500 2.9662 1500 0.111804 1500 1.61943 
1 0.343157 1.84757 0.673936 1500 1500 1500 7.512 
0.999999 0.0141335 1500 1.56282 1500 0.6371 1500 0.452842 
1 0.382342 1500 0.157462 1500 0.60114 1500 0.440822 
0.999999 0.0140091 1500 1.20789 1500 0.993354 1500 1500 
1 0.31127 0.778012 1.608 1500 1500 1500 0.658201 
1 0.0130524 1500 0.131888 1500 3.56143 1500 2.66545 
1 0.256084 1500 0.259768 1500 3.56143 1500 1500 
0.999999 0.0141335 1500 1.56282 1500 0.664529 1500 0.908232 
1 0.257891 1500 1.97746 1500 2.87405 1500 0.274108 
1 0.0137164 1500 0.434456 1500 1.43439 1500 0.452842 
1 0.0135138 1500 0.244921 1500 0.412689 1500 1.61943 
1 0.247971 1500 1.95578 1500 2.74846 1500 4.71508 
1 0.284086 1500 0.615372 1500 2.50636 1500 1500 
0.999999 0.137199 1500 2.9662 1500 9.89357 1500 1.61943 
1 0.394281 1500 0.21944 1500 0.6371 1500 7.47852 
0.999999 0.0138051 1500 0.656212 1500 0.6371 1500 1.23773 
0.999999 0.0140091 1500 1.20789 1500 0.301814 1500 1500 
1 0.259489 2.02651 2.17846 1500 1500 1500 7.47852 
0.999999 0.193959 1500 4.64241 1500 0.813639 1500 1.61943 
1 0.291838 1500 1.97746 1500 1.09756 1500 1.63803 
1 0.362547 1500 0.378793 1500 1.43439 1500 0.452842 
1 0.333393 1500 1.87112 1500 0.21856 1500 1.63803 
1 0.271568 0.778012 1500 1500 2.81563 0.685316 1500 
1 0.0134516 1500 0.21944 1500 5.87763 1500 0.452842 
1 0.389421 1500 0.379095 1500 0.995379 1500 6.00857 
1 0.358938 0.959716 0.657101 1500 1500 1500 1.36985 
1 0.340911 1500 0.21944 1500 1.52992 1500 1500 
0.999999 0.0138051 1500 0.656212 1500 9.89357 1500 0.996187 
1 0.366846 1500 0.868994 1500 0.474119 1500 7.512 
1 0.321832 1500 1.95578 1500 0.552038 1500 0.580669 
1 0.0133178 1500 0.180172 1500 0.614362 1500 7.47852 
1 0.334649 1500 1.535 1500 1.08256 1500 1500 
1 0.422859 1500 0.410602 1500 0.369116 1500 7.47852 
1 0.323386 1500 1.95578 1500 0.474119 1500 0.595578 
1 0.325263 1500 1.97746 1500 0.24516 1500 0.595578 
1 0.376794 1500 0.62175 1500 0.111804 1500 7.47852 
1 0.415186 1500 0.335964 1500 0.474119 1500 7.512 
1 0.389385 1500 0.56637 1500 0.993354 1500 0.585425 
0.999999 0.123968 1500 2.9662 1500 9.89357 1500 6.00857 
1 0.296581 1500 1.95578 1500 0.922709 1500 2.37839 
1 0.31998 1500 1.95578 1500 0.6371 1500 1.63803 
1 0.335929 1500 1.56282 1500 0.993354 1500 7.47852 
1 0.37624 1500 0.657101 1500 0.412756 1500 2.30677 
1 0.377179 1500 0.657101 1500 0.334866 1500 0.77918 
0.999999 0.0139618 1500 1.08154 1500 0.813639 1500 0.159211 
1 0.335232 1500 1.20789 1500 0.993354 1500 0.824915 
1 0.24618 1500 2.96276 1500 0.993354 1500 3.24216 
1 0.374196 0.959716 0.978367 1500 1500 1500 0.871711 
0.999999 0.148891 1500 1.72209 1500 9.89357 1500 1.48037 
1 0.219391 1500 0.656212 1500 8.18662 1500 0.556364 
1 0.194391 1500 4.64241 1500 0.309029 1500 1500 
1 0.297018 1500 0.996177 1500 2.74846 1500 1.52709 
1 0.0136805 1500 0.376191 1500 0.6371 1500 1500 
1 0.186647 3.8543 0.258672 1500 1500 1500 3.25813 
1 0.352848 1500 0.657101 1500 1.09756 1500 3.49983 
1 0.358956 0.959716 0.656212 1500 1500 1500 1.4377 
1 0.380781 1500 0.657101 1500 0.993354 1500 6.9139 
1 0.416274 1500 0.657101 1500 0.412689 1500 7.47852 
1 0.313732 1500 0.854844 1500 2.41718 1500 5.76217 
1 0.370904 1500 0.378793 1500 0.6371 1500 4.60755 
1 0.282054 1500 1.97746 1500 0.993354 1500 7.47852 
1 0.0926143 1500 9.31357 1500 0.193057 1500 6.9139 
1 0.299319 1500 1.97746 1500 0.6371 1500 0.947246 
0.999999 0.013882 1500 0.868994 1500 4.40282 1500 2.19953 
1 0.013432 1500 0.212586 1500 0.993354 1500 1.61943 
1 0.0137619 1500 0.537423 1500 0.6371 1500 1.61943 
1 0.260626 1500 2.9662 1500 0.6371 1500 1.61943 
1 0.319397 1500 1.77107 1500 1.09756 1500 1.36985 
0.999999 0.0137906 1500 0.615372 1500 1.24221 1500 0.436807 
1 0.15009 1500 5.96294 1500 0.6371 1500 0.113908 
0.999999 0.101572 1500 9.98859 1500 1.95793 1500 0.398802 
0.999999 0.0140091 1500 1.20789 1500 1.43439 1500 0.452842 
0.999999 0.013882 1500 0.868994 1500 0.552038 1500 0.159211 
1 0.374782 1500 0.868994 1500 0.6371 1500 2.19953 
1 0.403351 1500 0.488687 1500 0.482014 1500 4.55938 
1 0.393363 1500 0.968681 1500 0.536041 1500 1500 
1 0.405695 1500 0.657101 1500 0.6371 1500 1.63803 
1 0.381308 1500 0.673936 1500 1.09756 1500 1.36985 
1 0.316187 1500 1.56282 1500 0.6371 1500 7.47852 
1 0.422224 1500 0.656212 1500 0.268002 1500 0.222948 
1 0.374648 1500 0.968681 1500 0.961871 1500 2.30677 
1 0.306158 1500 1.99512 1500 1.08564 1500 7.47852 
1 0.314505 1500 1.72209 1500 0.6371 1500 1500 
0.999999 0.00454631 1500 0.52284 1500 1500 1500 1.63803 
1 0.226498 1500 1.97746 1500 3.56143 1500 1.63803 
1 0.260626 1500 2.9662 1500 0.6371 1500 6.00857 
0.999999 0.0954863 1500 9.98859 1500 0.784444 1500 0.398802 
1 0.398331 0.163295 0.657101 1500 1500 1500 0.390218 
1 0.40136 1500 0.657101 1500 1.04886 1500 5.76217 
1 0.417747 1500 0.416602 1500 0.474119 1500 0.452842 
1 0.013432 1500 0.212586 1500 0.21856 1500 0.731537 
1 0.355154 1500 0.378793 1500 0.993354 1500 1500 
1 0.388489 1500 0.868994 1500 0.784444 1500 4.55938 
1 0.328285 1500 1.72209 1500 0.908047 1500 0.159211 
1 0.358565 1500 1.56282 1500 0.111804 1500 0.398802 
1 0.368426 0.701757 0.673936 1500 1500 1500 0.573124 
1 0.375661 0.44829 0.656212 1500 1500 1500 1.26092 
0.999999 0.0140091 1500 1.20789 1500 1.09756 1500 0.428496 
0.999999 0.103477 1500 9.98859 1500 0.552038 1500 0.77918 
1 0.316081 1500 1.64362 1500 1.43439 1500 0.452842 
0.999999 0.0137906 1500 0.615372 1500 0.993354 1500 0.151086 
1 0.345781 1500 1.72209 1500 0.106533 1500 7.47852 
0.999999 0.0138054 1500 0.657101 1500 9.89357 1500 0.996187 
1 0.311506 2.17282 0.131888 1500 1500 1500 4.72187 
1 0.323842 1500 1.97746 1500 0.357537 1500 1.63803 
1 0.393568 1500 0.604879 1500 0.6371 1500 4.26963 
1 0.366266 1500 0.21944 1500 1.09756 1500 1.61943 
0.999999 0.148891 1500 1.72209 1500 9.89357 1500 1.48037 
1 0.250212 1500 1.97746 1500 3.56143 1500 0.77918 
1 0.431402 1500 0.552395 1500 0.111804 1500 1.63803 
1 0.275046 1500 0.868994 1500 2.74846 1500 2.19953 
1 0.22676 1500 0.131888 1500 3.56143 1500 1.48037 
0.999999 0.0138051 0.701757 0.656212 1500 1500 1500 0.273776 
1 0.382306 1500 1.18005 1500 0.42655 1500 1.36985 
1 0.241133 1500 3.08924 1500 0.6371 1500 7.47852 
1 0.151897 1500 0.835638 1500 9.89357 1500 0.151086 
0.999999 0.0138051 1500 0.656212 1500 0.914667 1500 0.452842 
1 0.389278 1500 0.356257 1500 0.993354 1500 1.36985 
1 0.362547 1500 0.378793 1500 1.43439 1500 0.452842 
0.999999 0.0138422 1500 0.760261 1500 1.09756 1500 1.21553 
1 0.425487 1500 0.298644 1500 0.21856 1500 3.2894 
1 0.310089 0.978716 1.97746 1500 1500 1500 5.76217 
1 0.0927777 1500 9.98859 1500 0.552038 1500 7.47852 
1 0.194373 1500 4.64241 1500 0.684068 1500 1.26265 
1 0.375265 1500 0.378793 1500 0.478624 1500 2.30677 
1 0.412214 1500 0.774464 1500 0.369116 1500 1500 
1 0.407129 1500 0.615372 1500 0.6371 1500 4.155 
1 0.309011 1500 2.17846 1500 0.42655 1500 1.48037 
0.999999 0.102269 1500 9.98859 1500 0.187503 1500 0.190636 
1 0.365952 1500 0.657101 1500 0.784444 1500 1.63803 
1 0.36816 0.997897 0.849655 1500 1500 1500 18.4018 
1 0.399837 1500 0.180172 1500 0.412689 1500 0.20219 
1 0.366847 1500 0.869331 1500 0.993354 1500 1.36985 
1 0.317532 1500 1.56282 1500 0.21856 1500 1.36985 
1 0.381797 1500 0.657101 1500 1.09756 1500 7.47852 
1 0.0136155 1500 0.307298 1500 0.753345 1500 0.151086 
0.999999 0.0138748 0.959716 0.849655 1500 1500 1500 0.658201 
0.999999 0.146767 1500 1.97746 1500 9.89357 1500 0.20219 
1 0.368437 1500 0.868994 1500 0.21856 1500 0.273776 
1 0.416274 1500 0.657101 1500 0.412689 1500 7.47852 
0.999999 0.0138054 1500 0.657101 1500 0.993354 1500 1500 
1 0.344568 1500 0.657101 1500 1.82419 1500 0.77918 
1 0.137821 1500 0.282768 1500 9.89357 1500 1500 
0.999999 0.0140091 1500 1.20789 1500 0.993354 1500 1.32695 
1 0.0134516 1500 0.21944 1500 1500 1500 7.47852 
1 0.363811 1500 0.353747 1500 0.784444 1500 1.63803 
1 0.252525 1500 3.09868 1500 0.784444 1500 0.383136 
0.999999 0.0139618 0.959716 1.08154 1500 1500 1500 0.120824 
1 0.138362 1500 7.04523 1500 0.118189 1500 1.63803 
1 0.387297 1500 0.657101 1500 0.993354 1500 7.47852 
1 0.38359 1500 1.26577 1500 0.412689 1500 1.36985 
1 0.246426 0.959716 2.96276 1500 1500 1500 1500 
1 0.262149 1500 1.95578 1500 2.74846 1500 1.61943 
0.999999 0.103666 1500 9.98859 1500 0.6371 1500 7.47852 
1 0.202148 1500 0.131888 1500 4.40282 1500 1.61943 
0.999999 0.147303 1500 6.61488 1500 1.24221 1500 7.47852 
1 0.150412 1500 0.656212 1500 9.89357 1500 0.219729 
1 0.383006 1500 0.615372 1500 0.993354 1500 5.76217 
1 0.299319 1500 1.97746 1500 0.6371 1500 1.61943 
1 0.318529 1500 1.97746 1500 0.6371 1500 1500 
1 0.254072 1500 3.08924 1500 0.684068 1500 7.47852 
1 0.378196 0.164236 0.604879 1500 1500 1500 0.573124 
1 0.320606 1500 0.868994 1500 2.74846 1500 2.19953 
1 0.369098 0.959716 0.849655 1500 1500 1500 0.658201 
1 0.335615 1500 0.482161 1500 1.43439 1500 0.20219 
1 0.390593 0.579924 0.673936 1500 1500 1500 1500 
1 0.201481 1500 4.41985 1500 0.6371 1500 0.452842 
1 0.318529 1500 1.97746 1500 0.6371 1500 1.61943 
1 0.262598 1500 0.131888 1500 3.56143 1500 1500 
1 0.152257 1500 0.968681 1500 9.89357 1500 7.47852 
1 0.258246 1500 0.854844 1500 3.99687 1500 5.76217 
1 0.0130524 1500 0.131888 1500 3.56143 1500 1.48037 
0.999999 0.184052 1500 1.97746 1500 9.89357 1500 5.76217 
1 0.41819 1500 0.656212 1500 0.369116 1500 0.219729 
1 0.416274 1500 0.657101 1500 0.412689 1500 1500 
0.999999 0.0139618 1500 1.08154 1500 0.6371 1500 1.61943 
1 0.257891 1500 1.97746 1500 2.87405 1500 4.04677 
1 0.353533 1500 1.47704 1500 0.6371 1500 0.595578 
1 0.0868699 1500 0.298644 1500 9.89357 1500 1.36985 
1 0.414384 1500 0.254965 1500 0.369116 1500 1.61943 
1 0.427205 1500 0.656212 1500 0.111804 1500 12.3016 
1 0.138965 1500 0.298644 1500 9.89357 1500 1.36985 
1 0.375102 1500 0.615372 1500 1.24221 1500 1.48037 
0.999999 0.0138054 1500 0.657101 1500 1.09756 1500 0.77918 
0.999999 0.146767 1500 1.97746 1500 9.89357 1500 0.159211 
0.999999 0.146767 1500 1.97746 1500 9.89357 1500 0.722517 
0.999999 0.0141798 1500 1.71002 1500 0.21856 1500 0.428496 
1 0.381797 1500 0.657101 1500 1.09756 1500 0.77918 
1 0.196095 1500 0.657101 1500 6.64706 1500 0.77918 
1 0.396238 1500 0.656212 1500 0.823329 1500 3.2894 
1 0.322967 1500 1.97746 1500 0.412689 1500 4.26963 
1 0.33117 1500 1.48246 1500 0.412689 1500 7.512 
0.999999 0.0137906 1500 0.615372 1500 5.88368 1500 0.229287 
1 0.416186 1500 0.841193 1500 0.111804 1500 1.61943 
1 0.422859 1500 0.410602 1500 0.369116 1500 1500 
1 0.319397 1500 1.77107 1500 1.09756 1500 0.77918 
1 0.399333 1500 0.615372 1500 0.337161 1500 0.853676 
1 0.375043 1500 0.657101 1500 0.478624 1500 2.30677 
1 0.297098 1500 1.97746 1500 0.823329 1500 3.2894 
1 0.30117 1500 1.72209 1500 1.24221 1500 1500 
1 0.380359 1500 0.150814 1500 0.598845 1500 1.36985 
1 0.242956 1500 1.56713 1500 3.99687 1500 1.29331 
0.999999 0.0137421 1500 0.488687 1500 9.89357 1500 0.658201 
1 0.0134516 1500 0.21944 1500 1.43439 1500 0.20219 
1 0.427205 1500 0.656212 1500 0.111804 1500 1.26265 
0.999999 0.148505 1500 1.77107 1500 9.89357 1500 0.77918 
1 0.386167 0.565175 0.162775 1500 1500 1500 1500 
1 0.221469 1500 0.378793 1500 3.56143 1500 1.48037 
1 0.256351 1500 3.08924 1500 0.383702 1500 7.47852 
1 0.298641 1500 1.95578 1500 1.43439 1500 1.20026 
1 0.32094 1500 0.234832 1500 1.24221 1500 1.61943 
0.999999 0.0137906 1500 0.615372 1500 0.813639 1500 0.436807 
1 0.11202 1500 0.649839 1500 9.89357 1500 2.30677 
0.999999 0.0137906 1500 0.615372 1500 1500 1500 7.47852 
1 0.40779 1500 0.615372 1500 0.624006 1500 7.47852 
1 0.402313 1500 0.868994 1500 0.474119 1500 7.512 
1 0.29928 1500 1.27908 1500 2.41718 1500 1.20383 
1 0.0927777 1500 9.98859 1500 0.552038 1500 1.63803 
1 0.425766 1500 0.615372 1500 0.21856 1500 0.595578 
1 0.313933 1500 1.56282 1500 1.08133 1500 0.398802 
1 0.299319 1500 1.97746 1500 0.6371 1500 1.48037 
1 0.38157 0.295592 0.849655 1500 1500 1500 0.658201 
1 0.325677 1500 1.72209 1500 0.993354 1500 7.47852 
1 0.362259 1500 0.960074 1500 0.474119 1500 7.512 
1 0.200331 1500 4.46077 1500 0.3646 1500 1500 
1 0.409852 1500 0.657101 1500 0.552038 1500 0.731537 
1 0.346587 1500 0.615372 1500 1.24221 1500 1.42989 
0.999999 0.0139618 1500 1.08154 1500 9.89357 1500 0.210803 
1 0.401394 1500 0.307298 1500 0.630309 1500 1.63803 
1 0.161707 1500 0.615372 1500 8.87844 1500 1500 
1 0.314104 1500 1.97746 1500 0.823329 1500 7.47852 
1 0.32413 1500 1.56282 1500 0.6371 1500 1.20005 
1 0.358231 1500 0.615372 1500 0.993354 1500 7.47852 
1 0.158417 1500 0.657101 1500 6.64706 1500 0.77918 
1 0.39067 1500 1.1556 1500 0.193057 1500 1.61943 
1 0.415094 1500 0.615372 1500 0.474119 1500 0.190636 
1 0.305711 1500 0.656212 1500 3.56143 1500 0.20219 
0.999999 0.0140091 1500 1.20789 1500 0.993354 1500 1500 
1 0.311028 1500 1.95578 1500 0.993354 1500 1.36985 
1 0.376082 0.163295 0.680579 1500 1500 1500 7.47852 
1 0.256215 1500 3.08924 1500 0.412689 1500 1.36985 
1 0.358231 1500 0.615372 1500 0.993354 1500 0.905759 
1 0.143346 1500 0.131888 1500 3.56143 1500 0.13813 
1 0.353967 1.84757 0.673936 1500 1500 1500 1.4343 
1 0.0135853 1500 0.284835 1500 0.207656 1500 2.30677 
1 0.250345 1500 2.49335 1500 0.369116 1500 1.26265 
1 0.396238 1500 0.656212 1500 0.823329 1500 1500 
1 0.422138 1500 0.21944 1500 0.111804 1500 0.20219 
1 0.357981 1.84757 0.388838 1500 1500 1500 7.512 
1 0.0911974 1500 0.298644 1500 16.8966 1500 4.60755 
1 0.405491 1500 0.235095 1500 0.412689 1500 0.352049 
0.999999 0.148891 1500 1.72209 1500 9.89357 1500 1.61943 
1 0.299098 1500 1.97746 1500 0.369116 1500 6.9139 
1 0.314313 0.959716 1.91747 1500 1500 1500 0.276236 
1 0.37772 1500 0.657101 1500 1.09756 1500 0.20219 
1 0.373196 1500 0.521142 1500 0.6371 1500 0.20219 
0.999999 0.0139618 1500 1.08154 1500 1.43439 1500 1.61943 
1 0.352161 1500 0.656212 1500 1.11293 1500 1.48037 
1 0.388162 1500 0.311639 1500 0.993354 1500 0.219729 
1 0.0130524 1500 0.131888 1500 3.56143 1500 0.334444 
1 0.187937 1500 4.86636 1500 0.474119 1500 0.595578 
1 0.34562 1500 1.72209 1500 0.412689 1500 1.48037 
1 0.360044 1500 0.960074 1500 0.993354 1500 5.76217 
1 0.0130524 1500 0.131888 1500 9.89357 1500 2.66545 
1 0.0133178 1500 0.180172 1500 0.164828 1500 7.47852 
1 0.297731 2.21862 0.615372 1500 1500 1500 1500 
1 0.291838 1500 1.97746 1500 1.09756 1500 1.63803 
1 0.297674 1500 1.97746 1500 0.784444 1500 3.49983 
1 0.322958 1500 1.97746 1500 0.413173 1500 1500 
1 0.0130524 1500 0.131888 1500 3.56143 1500 1.48037 
1 0.376608 1500 0.378793 1500 0.21856 1500 1.36985 
1 0.346587 1500 0.615372 1500 1.24221 1500 0.124301 
0.999999 0.121791 1500 0.968681 1500 9.89357 1500 2.12009 
0.999999 0.148891 1500 1.72209 1500 9.89357 1500 1.36985 
1 0.262103 1500 2.9662 1500 0.474119 1500 7.512 
1 0.322967 1500 1.97746 1500 0.412689 1500 0.595578 
1 0.380722 1500 0.657101 1500 0.995379 1500 6.00857 
1 0.234154 1500 3.53907 1500 0.6371 1500 0.889658 
1 0.303138 1500 0.21944 1500 1.43439 1500 0.20219 
1 0.347117 1500 0.960074 1500 0.993354 1500 1.36985 
1 0.316187 1500 1.56282 1500 0.6371 1500 7.47852 
0.999999 0.103477 1500 9.98859 1500 0.552038 1500 0.452842 
1 0.35749 1500 0.657101 1500 0.993354 1500 5.76217 
1 0.291838 1500 1.97746 1500 1.09756 1500 0.77918 
1 0.408121 1500 0.378793 1500 0.6371 1500 0.159211 
1 0.257536 1500 0.378793 1500 2.74846 1500 1.4343 
1 0.36145 1500 0.101139 1500 0.538687 1500 1500 
1 0.144891 1500 5.96294 1500 0.369116 1500 1500 
1 0.386691 1500 0.615372 1500 0.867926 1500 0.311302 
0.999999 0.0138482 1500 0.776982 1500 9.89357 1500 1.48037 
1 0.343275 1500 0.307298 1500 1.09756 1500 1.61943 
1 0.200726 1500 0.657101 1500 6.39847 1500 0.77918 
1 0.382342 1500 0.157462 1500 0.60114 1500 0.440822 
1 0.386613 1500 0.657101 1500 0.784444 1500 0.731537 
1 0.357981 1.84757 0.388838 1500 1500 1500 7.512 
1 0.352848 1500 0.657101 1500 1.09756 1500 2.85428 
1 0.318529 1500 1.97746 1500 0.6371 1500 1.48037 
1 0.301088 1500 1.95578 1500 0.552038 1500 2.37839 
1 0.393363 1500 0.968681 1500 0.536041 1500 1.61943 
1 0.0128751 1500 0.110077 1500 2.41718 1500 0.824915 
1 0.352136 1500 0.410602 1500 1.08133 1500 0.398802 
1 0.379653 0.701757 0.788774 1500 1500 1500 1500 
0.999999 0.137199 1500 2.9662 1500 9.89357 1500 1.61943 
1 0.284853 1500 0.657101 1500 2.50636 1500 0.905759 
1 0.29524 1500 1.97746 1500 1.51228 1500 1.61943 
1 0.353918 1500 0.540475 1500 1.09756 1500 0.452842 
1 0.291995 1500 0.258672 1500 1.76401 1500 0.586028 
1 0.3664 1500 0.868994 1500 0.111804 1500 1.61943 
1 0.0138054 1500 0.657101 1500 0.412689 1500 0.159211 
1 0.304343 1500 1.72209 1500 0.251661 1500 1500 
1 0.179709 1500 4.86636 1500 1.52992 1500 1500 
1 0.318693 1500 0.657101 1500 2.38301 1500 0.457347 
1 0.367698 1500 0.211256 1500 1.04886 1500 5.76217 
1 0.299592 1500 1.97746 1500 0.596761 1500 0.77918 
1 0.0135138 1500 0.244921 1500 0.412689 1500 1.61943 
1 0.318529 1500 1.97746 1500 0.6371 1500 1500 
1 0.318529 1500 1.97746 1500 0.6371 1500 1.63803 
1 0.315069 1500 1.97746 1500 0.784444 1500 1.36985 
0.999999 0.0141335 1500 1.56282 1500 0.6371 1500 7.47852 
1 0.349392 1500 0.202404 1500 0.6371 1500 0.595578 
1 0.131931 1500 0.21944 1500 9.89357 1500 0.20219 
1 0.261122 1500 1.97746 1500 2.74846 1500 1.61943 
1 0.320606 1500 0.868994 1500 2.74846 1500 4.71508 
1 0.336763 1500 0.657101 1500 1.43439 1500 0.595578 
1 0.417327 1500 0.657101 1500 0.388451 1500 7.47852 
0.999999 0.187866 1500 4.86636 1500 0.6371 1500 7.47852 
1 0.375102 1500 0.615372 1500 1.24221 1500 1500 
1 0.371951 1500 0.615372 1500 0.6371 1500 6.9139 
0.999999 0.0138051 1500 0.656212 1500 3.1829 1500 8.36048 
1 0.170215 1500 4.64241 1500 0.148589 1500 1.61943 
1 0.35349 1500 0.615372 1500 1.09756 1500 0.595578 
1 0.368296 1500 0.868994 1500 0.369116 1500 0.590741 
1 0.318529 1500 1.97746 1500 0.6371 1500 0.824915 
1 0.183061 1500 0.180172 1500 5.82665 1500 0.20219 
1 0.316187 1500 1.56282 1500 0.6371 1500 0.905759 
1 0.377509 1500 0.410602 1500 0.412689 1500 7.47852 
0.999999 0.0137928 1500 0.62175 1500 2.41718 1500 0.20219 
1 0.314505 1500 1.72209 1500 0.6371 1500 7.47852 
1 0.352975 0.959716 0.849655 1500 1500 1500 7.47852 
1 0.341136 1500 1.27908 1500 0.6371 1500 2.82684 
0.999999 0.013916 1500 0.960074 1500 0.24516 1500 0.595578 
0.999999 0.013916 1500 0.960074 1500 0.993354 1500 0.393613 
1 0.378555 1500 0.213511 1500 1.04886 1500 0.20219 
1 0.366846 1500 0.868994 1500 0.474119 1500 7.512 
1 0.269895 1500 1.97746 1500 2.41718 1500 0.824915 
1 0.361482 1500 0.657101 1500 1.48651 1500 0.77918 
1 0.290195 1500 2.42653 1500 0.6371 1500 1500 
1 0.356548 1500 1.08154 1500 1.22267 1500 1500 
1 0.256424 1500 3.08924 1500 0.365884 1500 7.47852 
0.999999 0.0141593 1500 1.64362 1500 0.478624 1500 1.23927 
1 0.339521 1500 1.08154 1500 1.04886 1500 0.219729 
1 0.401006 1500 0.429687 1500 0.6371 1500 1.63803 
1 0.398221 1500 0.657101 1500 0.784444 1500 0.20219 
1 0.222055 1.38879 3.48371 1500 1500 1500 0.658201 
1 0.250345 1500 2.49335 1500 0.369116 1500 1.26265 
1 0.350907 1500 0.868994 1500 0.993354 1500 1.36985 
1 0.408121 1500 0.378793 1500 0.6371 1500 0.452842 
1 0.3931 1500 0.212586 1500 0.6371 1500 0.393613 
1 0.292417 1500 1.97746 1500 1.07119 1500 1.61943 
1 0.306885 1500 1.97746 1500 1.09756 1500 1.48037 
1 0.326122 1500 1.97746 1500 0.111804 1500 1.61943 
1 0.354125 1500 0.157462 1500 1.04886 1500 6.9139 
0.999999 0.0138054 1500 0.657101 1500 1500 1500 5.76217 
0.999999 0.0140091 1500 1.20789 1500 0.993354 1500 1500 
1 0.392689 1500 0.21944 1500 0.663597 1500 2.30677 
1 0.394281 1500 0.21944 1500 0.6371 1500 0.452842 
0.999999 0.0138051 1500 0.656212 1500 0.993354 1500 1.70155 
1 0.347117 1500 0.960074 1500 0.993354 1500 1.36985 
1 0.0137728 1500 0.56637 1500 1.11909 1500 0.585425 
1 0.238418 1500 3.08924 1500 0.412689 1500 2.37839 
1 0.284884 1500 1.97746 1500 0.412689 1500 2.01455 
1 0.402404 1500 0.681792 1500 0.684068 1500 4.26963 
0.999999 0.0954863 1500 9.98859 1500 0.784444 1500 0.452842 
1 0.219391 1500 0.656212 1500 8.18662 1500 0.556364 
0.999999 0.0137928 1500 0.62175 1500 1500 1500 0.452842 
1 0.322967 1500 1.97746 1500 0.412689 1500 0.77918 
0.999999 0.0138821 1.84757 0.869331 1500 1500 1500 7.512 
1 0.243939 1500 1.97746 1500 2.87405 1500 5.76217 
1 0.0136824 1500 0.378793 1500 0.425811 1500 0.452842 
0.999999 0.14257 1500 6.86573 1500 1.43439 1500 0.20219 
1 0.3097 1500 1.97746 1500 0.993354 1500 1.61943 
1 0.373472 1500 0.868994 1500 1.09756 1500 0.186208 
1 0.0130524 1500 0.131888 1500 3.56143 1500 2.66545 
1 0.233295 1500 2.9662 1500 0.111804 1500 1.61943 
1 0.387496 1500 0.65038 1500 0.993354 1500 1.26265 
1 0.357126 1500 0.673936 1500 0.993354 1500 1.36985 
1 0.281266 1500 1.97746 1500 1.08256 1500 1.48037 
0.999999 0.0138051 1500 0.656212 1500 9.89357 1500 0.996187 
1 0.0138051 1500 0.656212 1500 0.46302 1500 5.76217 
1 0.0137868 1500 0.604879 1500 0.412689 1500 0.20219 
1 0.366765 1500 0.868994 1500 0.478624 1500 2.30677 
1 0.383944 1500 0.544597 1500 1.09756 1500 0.77918 
1 0.318529 1500 1.97746 1500 0.6371 1500 1.63803 
1 0.26693 1500 1.95578 1500 2.39302 1500 0.595578 
1 0.257973 1500 1.97746 1500 2.87082 1500 1.61943 
1 0.421782 1500 0.510659 1500 0.388451 1500 1.63803 
1 0.299307 1500 1.97746 1500 0.388451 1500 1.63803 
1 0.323386 1500 1.95578 1500 0.474119 1500 0.398802 
1 0.299319 1500 1.97746 1500 0.6371 1500 0.20219 
0.999999 0.0138051 1500 0.656212 1500 9.89357 1500 2.06879 
1 0.290968 1500 1.97746 1500 1.66214 1500 0.393613 
1 0.0136839 1500 0.380833 1500 0.914667 1500 0.452842 
1 0.399205 1500 0.488687 1500 0.6371 1500 1500 
1 0.25438 1500 0.559809 1500 5.87763 1500 0.452842 
1 0.420054 1500 0.378793 1500 0.412689 1500 1.61943 
1 0.420745 1500 0.410602 1500 0.412689 1500 7.47852 
0.999999 0.013882 1500 0.868994 1500 0.369116 1500 6.9139 
1 0.298373 1500 1.97746 1500 0.731271 1500 0.595578 
1 0.406586 1500 0.544597 1500 0.681005 1500 0.77918 
1 0.382654 1500 0.657101 1500 1.08133 1500 0.398802 
1 0.323953 1500 1.72209 1500 1.04886 1500 7.512 
0.999999 0.125052 1500 4.19886 1500 9.89357 1500 0.996187 
1 0.276611 1500 2.17846 1500 1.82419 1500 0.77918 
1 0.334163 1500 1.87112 1500 0.106221 1500 1500 
1 0.355045 1500 0.657101 1500 1.04886 1500 1500 
1 0.322397 1500 0.657101 1500 1.72403 1500 1.36985 
1 0.295195 1500 1.95578 1500 0.993354 1500 2.37839 
1 0.396238 1500 0.656212 1500 0.823329 1500 3.2894 
1 0.407129 1500 0.615372 1500 0.6371 1500 4.155 
1 0.349746 1500 1.18005 1500 0.474119 1500 1.36985 
1 0.39518 1500 0.657101 1500 0.412756 1500 0.556364 
0.999999 0.187866 1500 4.86636 1500 0.6371 1500 1500 
1 0.278217 1500 0.604879 1500 2.62849 1500 2.30677 
1 0.0926143 1500 9.31357 1500 0.193057 1500 1.36985 
1 0.29189 1500 1.97746 1500 1.62978 1500 7.47852 
1 0.325713 1500 1.87112 1500 0.6371 1500 1.63803 
1 0.297209 1500 0.673936 1500 2.24324 1500 3.13028 
1 0.0137906 1500 0.615372 1500 0.309029 1500 1500 
1 0.345827 1500 0.181097 1500 0.21856 1500 1.36985 
0.999999 0.0140091 1500 1.20789 1500 0.412756 1500 0.452842 
1 0.423408 1500 0.410602 1500 0.357537 1500 1.18486 
0.999999 0.255218 1500 3.08924 1500 0.684068 1500 7.47852 
1 0.0138051 1500 0.656212 1500 0.412689 1500 0.393613 
1 0.285958 1500 1.95578 1500 0.6371 1500 2.37839 
1 0.348832 1500 1.20789 1500 0.369116 1500 1.26265 
1 0.321879 1500 1.97746 1500 0.474119 1500 4.55938 
1 0.0137421 1500 0.488687 1500 0.482014 1500 1500 
1 0.366846 1500 0.868994 1500 0.474119 1500 0.452842 
1 0.196095 1500 0.657101 1500 6.64706 1500 1.61943 
1 0.36378 1500 0.673936 1500 1.43439 1500 1.36985 
1 0.2203 1500 3.44424 1500 1.66068 1500 0.440822 
1 0.313369 1500 0.656212 1500 2.50636 1500 0.905759 
1 0.367807 1500 1.27908 1500 0.6371 1500 3.2894 
1 0.323364 1500 1.97746 1500 0.388451 1500 0.263815 
1 0.0136824 1500 0.378793 1500 0.993354 1500 0.20219 
1 0.194479 1500 4.64241 1500 0.6371 1500 1.63803 
1 0.0134917 1500 0.235095 1500 9.89357 1500 0.77918 
1 0.315069 1500 1.97746 1500 0.784444 1500 1.32952 
1 0.407325 1500 0.21944 1500 0.412689 1500 2.37839 
1 0.393278 1500 0.960074 1500 0.552038 1500 0.190636 
1 0.381308 1500 0.673936 1500 1.09756 1500 1.36985 
1 0.20016 1500 4.46077 1500 0.6371 1500 1500 
1 0.381797 1500 0.657101 1500 1.09756 1500 7.47852 
1 0.407129 1500 0.615372 1500 0.6371 1500 1.11326 
1 0.371761 1500 0.624115 1500 0.6371 1500 1.36985 
1 0.371337 1500 0.212586 1500 0.993354 1500 1.61943 
1 0.361482 1500 0.657101 1500 1.48651 1500 1.36985 
1 0.318529 1500 1.97746 1500 0.6371 1500 1.61943 
1 0.416274 1500 0.657101 1500 0.412689 1500 0.12673 
1 0.0134516 1500 0.21944 1500 1.09756 1500 0.20219 
1 0.352864 1500 0.656212 1500 1.09756 1500 3.49983 
1 0.29671 1500 1.97746 1500 0.24516 1500 2.17839 
1 0.373678 1500 0.960074 1500 0.993354 1500 1.63803 
1 0.376835 1500 0.657101 1500 0.369116 1500 6.9139 
1 0.247971 1500 1.95578 1500 2.74846 1500 4.71508 
1 0.353723 1500 0.356257 1500 0.993354 1500 1.36985 
1 0.387324 1500 0.656212 1500 0.993354 1500 1.36985 
1 0.416274 1500 0.657101 1500 0.412689 1500 12.3016 
0.999999 0.146767 1500 1.97746 1500 9.89357 1500 7.512 
1 0.322169 1500 1.97746 1500 0.6371 1500 0.595578 
1 0.35958 1500 1.48246 1500 0.412689 1500 7.47852 
1 0.239894 1500 0.378793 1500 4.40282 1500 0.250256 
1 0.280973 1500 1.95578 1500 1.25975 1500 2.37839 
1 0.299045 1500 1.95578 1500 0.773829 1500 40.1401 
1 0.302544 1500 1.77107 1500 1.09756 1500 5.76217 
1 0.231468 3.8543 0.673936 1500 1500 1500 3.25813 
1 0.416681 1500 0.378793 1500 0.478624 1500 1.61943 
1 0.0137868 1500 0.604879 1500 0.6371 1500 1.63803 
1 0.387297 1500 0.657101 1500 0.993354 1500 0.77918 
1 0.254609 1500 1.95578 1500 2.50636 1500 0.905759 
1 0.325546 1500 1.47704 1500 1.43439 1500 0.20219 
1 0.338686 1500 0.160091 1500 0.552038 1500 1.41813 
1 0.358134 1500 0.62175 1500 0.993354 1500 1.36985 
1 0.28813 1500 2.32328 1500 1.04886 1500 1500 
1 0.40682 1500 0.657101 1500 0.614362 1500 0.190636 
0.999999 0.0138054 1500 0.657101 1500 1.09756 1500 1.63803 
1 0.379751 1500 0.854844 1500 0.412689 1500 0.20219 
1 0.269054 1500 1.97746 1500 2.44835 1500 5.76217 
1 0.260626 1500 2.9662 1500 0.6371 1500 0.398802 
0.999999 0.013882 1500 0.868994 1500 0.474119 1500 2.19953 
1 0.388422 1500 0.615372 1500 0.993354 1500 2.03632 
1 0.353995 1500 0.121516 1500 0.823329 1500 1500 
0.999999 0.148891 1500 1.72209 1500 9.89357 1500 1.48037 
1 0.4235 1500 0.392618 1500 0.348968 1500 0.398802 
1 0.401631 1500 0.206356 1500 0.474119 1500 5.76217 
1 0.35958 1500 1.48246 1500 0.412689 1500 7.47852 
1 0.22676 1500 0.131888 1500 3.56143 1500 0.77918 
1 0.421937 1500 0.56637 1500 0.357537 1500 0.428496 
1 0.214469 1500 0.213511 1500 6.64706 1500 0.905759 
0.999999 0.139927 1500 7.04523 1500 0.474119 1500 0.758632 
0.999999 0.0137983 1500 0.636938 1500 1500 1500 0.77918 
1 0.013432 1500 0.212586 1500 1.09756 1500 1.61943 
1 0.269076 1500 2.49335 1500 0.413385 1500 1.26265 
1 0.368766 1500 0.657101 1500 0.705085 1500 0.20219 
1 0.256632 1500 3.08924 1500 0.193057 1500 0.383136 
1 0.405674 1500 0.854844 1500 0.412689 1500 7.47852 
1 0.343157 1.84757 0.673936 1500 1500 1500 0.260691 
1 0.358404 0.959716 0.680579 1500 1500 1500 0.573124 
1 0.0138051 1500 0.656212 1500 0.388451 1500 0.219729 
1 0.365952 1500 0.657101 1500 0.784444 1500 0.20219 
1 0.323736 1500 1.97746 1500 0.3646 1500 1500 
1 0.406536 1500 0.378793 1500 0.478624 1500 0.20219 
1 0.256215 1500 3.08924 1500 0.412689 1500 7.47852 
1 0.285831 1500 1.27908 1500 2.80853 1500 1500 
1 0.342735 1500 0.968681 1500 1.09756 1500 0.379708 
1 0.316034 1.84757 0.604879 1500 1500 1500 0.573124 
1 0.414384 1500 0.254965 1500 0.369116 1500 0.190636 
1 0.0134917 1500 0.235095 1500 9.89357 1500 1.61943 
1 0.0137868 1500 0.604879 1500 0.24516 1500 4.26963 
1 0.255081 1500 0.615372 1500 5.88368 1500 1500 
1 0.254538 1500 3.08924 1500 0.6371 1500 1.36985 
1 0.257891 1500 1.97746 1500 2.87405 1500 4.04677 
1 0.339819 1500 1.79762 1500 0.111804 1500 1.61943 
1 0.360663 1500 0.968681 1500 0.536041 1500 5.32249 
1 0.262556 0.701757 2.29774 1500 1500 1500 3.97995 
1 0.318529 1500 1.97746 1500 0.6371 1500 7.47852 
1 0.404374 1500 0.657101 1500 0.663597 1500 1500 
0.999999 0.0138051 1500 0.656212 1500 8.18662 1500 0.556364 
0.999999 0.146767 1500 1.97746 1500 9.89357 1500 0.20219 
1 0.262598 1500 0.131888 1500 3.56143 1500 1.48037 
0.999999 0.0138767 1500 0.854844 1500 0.993354 1500 0.405123 
1 0.396238 1500 0.656212 1500 0.823329 1500 3.2894 
1 0.0138054 1500 0.657101 1500 0.251661 1500 0.905759 
1 0.40476 1500 0.869331 1500 0.412689 1500 7.47852 
0.999999 0.0137868 1500 0.604879 1500 2.62849 1500 0.20219 
1 0.303262 0.294365 1.73697 1500 1500 1500 7.47852 
1 0.262921 1500 1.97746 1500 2.67941 1500 1500 
1 0.372884 1500 1.20789 1500 0.6371 1500 1500 
1 0.408121 1500 0.378793 1500 0.6371 1500 4.60755 
1 0.323669 1500 1.97746 1500 0.368958 1500 0.662094 
1 0.381598 1500 1.20789 1500 0.381813 1500 1.26265 
1 0.35958 1500 1.48246 1500 0.412689 1500 7.47852 
1 0.416274 1500 0.657101 1500 0.412689 1500 1500 
1 0.112336 1500 0.657101 1500 9.89357 1500 1.36985 
1 0.320379 0.701757 1.608 1500 1500 1500 0.658201 
1 0.254538 1500 3.08924 1500 0.6371 1500 7.47852 
1 0.257891 1500 1.97746 1500 2.87405 1500 4.04677 
0.999999 0.0138054 1500 0.657101 1500 0.6371 1500 2.82684 
0.999999 0.0138054 1500 0.657101 1500 1.72403 1500 0.190636 
0.999999 0.0137906 1500 0.615372 1500 1.09756 1500 5.76217 
0.999999 0.193959 1500 4.64241 1500 0.813639 1500 1.61943 
1 0.417606 1500 0.28646 1500 0.36511 1500 4.26963 
1 0.256215 1500 3.08924 1500 0.412689 1500 1.48037 
1 0.356238 1500 0.103378 1500 0.6371 1500 0.219729 
1 0.266265 1500 0.602777 1500 2.89635 1500 0.905759 
1 0.293725 2.17282 1.56282 1500 1500 1500 4.72187 
0.999999 0.0137906 1500 0.615372 1500 0.993354 1500 5.76217 
1 0.319257 1500 1.77107 1500 1.10215 1500 0.77918 
1 0.407686 1500 0.849655 1500 0.369116 1500 0.452842 
1 0.402989 1500 0.546727 1500 0.369116 1500 1.48037 
1 0.375162 1500 0.434404 1500 0.552038 1500 0.20219 
1 0.0960503 1500 0.392541 1500 9.89357 1500 1500 
1 0.352848 1500 0.657101 1500 1.09756 1500 3.49983 
1 0.0136824 1500 0.378793 1500 1.43439 1500 1.36985 
0.999999 0.193103 3.8543 3.48371 1500 1500 1500 0.723558 
1 0.422859 1500 0.410602 1500 0.369116 1500 0.180513 
1 0.421595 1500 0.353747 1500 0.3646 1500 1.63803 
1 0.0130524 1500 0.131888 1500 2.49 1500 1.48037 
1 0.352522 1500 0.673936 1500 1.09756 1500 1.63803 
1 0.0980625 1500 9.31357 1500 0.474119 1500 6.9139 
1 0.323386 1500 1.95578 1500 0.474119 1500 0.905759 
1 0.366846 1500 0.868994 1500 0.474119 1500 7.47852 
1 0.202148 1500 0.131888 1500 4.40282 1500 6.00857 
1 0.322967 1500 1.97746 1500 0.412689 1500 0.824915 
1 0.365952 1500 0.657101 1500 0.784444 1500 0.20219 
1 0.380433 1500 0.868994 1500 0.21856 1500 2.30677 
1 0.370904 1500 0.378793 1500 0.6371 1500 0.837211 
1 0.408032 1500 0.376191 1500 0.6371 1500 1500 
1 0.335929 1500 1.56282 1500 0.993354 1500 1.63803 
1 0.362547 1500 0.378793 1500 1.43439 1500 7.47852 
1 0.334942 1500 1.27908 1500 0.882605 1500 0.595578 
1 0.330336 1500 0.378793 1500 1.43439 1500 0.452842 
1 0.277745 1500 1.97746 1500 2.13072 1500 1500 
1 0.416312 1500 0.656212 1500 0.412689 1500 0.219729 
1 0.336018 1500 0.259768 1500 1.09756 1500 1500 
0.999999 0.0138054 1500 0.657101 1500 0.993354 1500 5.76217 
1 0.293544 1500 0.62175 1500 4.06164 1500 0.905759 
1 0.384999 1500 0.62175 1500 0.914667 1500 5.76217 
1 0.390425 1500 0.656212 1500 0.6371 1500 0.996187 
1 0.0134347 1500 0.213511 1500 2.74846 1500 7.47852 
1 0.354422 1.96868 0.50438 1500 1500 1500 7.512 
1 0.405695 1500 0.657101 1500 0.6371 1500 6.9139 
0.999999 0.0141798 1500 1.71002 1500 0.21856 1500 0.595578 
1 0.0136839 1500 0.380833 1500 2.74846 1500 0.452842 
1 0.389148 1500 1.06446 1500 0.474119 1500 2.37839 
1 0.323842 1500 1.97746 1500 0.357537 1500 1.63803 
1 0.390165 1500 1.18005 1500 0.111804 1500 1.36985 
1 0.292196 1500 1.97746 1500 1.08133 1500 0.398802 
1 0.408976 1500 0.410602 1500 0.6371 1500 1.63803 
1 0.316034 1500 1.27908 1500 1.43727 1500 0.20219 
1 0.013432 1500 0.212586 1500 0.21856 1500 0.590537 
1 0.342689 1500 1.72209 1500 0.350358 1500 0.452842 
1 0.382589 1500 0.657101 1500 1.08256 1500 1500 
1 0.355045 1500 0.657101 1500 1.04886 1500 0.190636 
1 0.306885 1500 1.97746 1500 1.09756 1500 0.77918 
1 0.306885 1500 1.97746 1500 1.09756 1500 0.77918 
1 0.241133 1500 3.08924 1500 0.6371 1500 7.47852 
1 0.418676 1500 0.656212 1500 0.357537 1500 1.63803 
1 0.355154 1500 0.378793 1500 0.993354 1500 6.9139 
1 0.273114 1500 0.615372 1500 2.74846 1500 4.71508 
1 0.235772 1500 1.57899 1500 3.56143 1500 1.63803 
1 0.254488 1500 0.356257 1500 2.74846 1500 2.19953 
1 0.299787 1500 1.97746 1500 0.552038 1500 1.6765 
1 0.268492 1500 2.30841 1500 1.43439 1500 5.76217 
1 0.374551 1500 0.673936 1500 0.478624 1500 2.30677 
1 0.425487 1500 0.298644 1500 0.21856 1500 3.2894 
1 0.37318 1500 0.259768 1500 1.08401 1500 1.61943 
1 0.256215 1500 3.08924 1500 0.412689 1500 1.36985 
1 0.350894 1500 0.869331 1500 0.993354 1500 0.77918 
1 0.384535 1500 0.378793 1500 1.04886 1500 0.180513 
1 0.143422 1500 0.378793 1500 9.89357 1500 0.210803 
1 0.260626 1500 2.9662 1500 0.6371 1500 1500 
1 0.372884 1500 1.20789 1500 0.6371 1500 1.32695 
1 0.243437 1500 2.9662 1500 0.369116 1500 6.9139 
1 0.201585 1500 2.02397 1500 5.49582 1500 3.88193 
1 0.378487 1500 0.615372 1500 0.21856 1500 1.36985 
1 0.407464 1500 0.361404 1500 0.6371 1500 0.722517 
1 0.35958 1500 1.48246 1500 0.412689 1500 1500 
1 0.253878 1500 1.97746 1500 2.50636 1500 0.393613 
1 0.346587 1500 0.615372 1500 1.24221 1500 4.55938 
1 0.318529 1500 1.97746 1500 0.6371 1500 7.47852 
1 0.196095 1500 0.657101 1500 6.64706 1500 0.77918 
1 0.260626 1500 2.9662 1500 0.6371 1500 1.61943 
1 0.365952 1500 0.657101 1500 0.784444 1500 3.88193 
1 0.213031 1500 0.657101 1500 4.40282 1500 1.61943 
1 0.357043 1500 0.968681 1500 0.684068 1500 1.88335 
0.999999 0.0138054 1500 0.657101 1500 9.89357 1500 0.219729 
1 0.371337 1500 0.212586 1500 0.993354 1500 1.61943 
1 0.263117 1500 2.9662 1500 0.21856 1500 1.36985 
1 0.349893 1500 0.657101 1500 1.71599 1500 1500 
0.999999 0.148891 1500 1.72209 1500 9.89357 1500 1.48037 
1 0.398251 1500 0.656212 1500 0.784444 1500 1.63803 
1 0.202224 1500 2.9662 1500 3.56143 1500 6.00857 
1 0.279714 1500 1.97746 1500 1.24221 1500 4.55938 
1 0.372164 1500 0.604879 1500 0.6371 1500 0.393613 
1 0.0138054 1500 0.657101 1500 0.412689 1500 0.20219 
0.999999 0.0137906 1500 0.615372 1500 1.24221 1500 0.595578 
1 0.257316 1500 2.7275 1500 0.474119 1500 0.20219 
1 0.301156 1500 1.95578 1500 0.525069 1500 1.63803 
1 0.273797 1500 1.64362 1500 2.22879 1500 0.452842 
1 0.310504 1500 0.968681 1500 2.41718 1500 0.20219 
1 0.427162 1500 0.657101 1500 0.111804 1500 1.61943 
0.999999 0.0140091 1500 1.20789 1500 0.6371 1500 0.829612 
1 0.324921 1500 1.88273 1500 0.6371 1500 3.88193 
1 0.296348 1500 2.32429 1500 0.6371 1500 7.512 
1 0.374376 1500 0.615372 1500 0.552038 1500 5.76217 
1 0.218602 1500 3.08924 1500 1.09756 1500 5.76217 
1 0.186411 0.959716 3.89492 1500 1500 1500 7.512 
1 0.256411 1500 3.08924 1500 0.369116 1500 5.76217 
1 0.358521 1.84757 0.50438 1500 1500 1500 7.512 
1 0.330293 1500 1.40922 1500 0.784444 1500 0.440822 
1 0.358827 1500 1.20789 1500 0.993354 1500 1500 
1 0.254877 1500 3.08924 1500 0.600552 1500 7.47852 
1 0.411185 1500 0.642363 1500 0.536041 1500 0.452842 
1 0.319049 1500 1.97746 1500 0.784444 1500 4.55938 
1 0.299378 1500 0.131888 1500 1.82419 1500 2.66545 
1 0.384593 1500 0.298644 1500 0.961871 1500 1.36985 
1 0.260735 1500 1.97746 1500 2.76772 1500 5.76217 
1 0.393363 1500 0.968681 1500 0.536041 1500 1.48037 
1 0.423732 1500 0.392618 1500 0.344054 1500 6.9139 
1 0.250307 1500 3.08924 1500 0.993354 1500 0.20219 
1 0.358231 1500 0.615372 1500 0.993354 1500 0.590537 
1 0.143346 1500 0.131888 1500 3.56143 1500 0.20219 
1 0.314914 0.959716 1.60567 1500 1500 1500 1.36985 
1 0.353585 1500 0.657101 1500 1.08133 1500 7.47852 
1 0.25444 1500 2.9662 1500 1.09756 1500 1.44117 
0.999999 0.0138054 1500 0.657101 1500 1.09756 1500 1.36985 
1 0.297098 1500 1.97746 1500 0.823329 1500 0.209202 
1 0.398251 1500 0.656212 1500 0.784444 1500 0.77918 
0.999999 0.0137906 1500 0.615372 1500 1.41246 1500 0.151086 
1 0.137821 1500 0.282768 1500 9.89357 1500 1500 
1 0.260846 1500 1.89887 1500 2.87405 1500 0.20219 
1 0.310471 1500 1.72209 1500 1.47068 1500 0.77918 
1 0.374392 1500 0.849655 1500 1.09756 1500 3.49983 
1 0.342331 1500 1.72209 1500 0.369116 1500 0.590741 
1 0.392809 1500 0.298644 1500 0.823329 1500 3.2894 
0.999999 0.119487 1500 0.868994 1500 9.89357 1500 7.512 
1 0.291745 1500 0.298644 1500 2.74846 1500 1.36985 
1 0.322417 1500 1.99512 1500 0.369116 1500 7.47852 
1 0.150424 1500 0.657101 1500 9.89357 1500 1.36985 
1 0.389421 1500 0.379095 1500 0.995379 1500 7.512 
1 0.318529 1500 1.97746 1500 0.6371 1500 0.222948 
1 0.332182 1500 0.180172 1500 1.52992 1500 7.47852 
1 0.377313 1500 0.615372 1500 0.412689 1500 8.59217 
1 0.378003 1500 0.254965 1500 0.993354 1500 1.36985 
1 0.34981 1500 1.56282 1500 0.552038 1500 0.398802 
0.999999 0.184052 1500 1.97746 1500 9.89357 1500 1.61943 
0.999999 0.134732 1500 5.90527 1500 1.90035 1500 0.452842 
0.999999 0.173165 1500 3.89492 1500 4.40282 1500 0.370788 
1 0.351108 1500 0.157462 1500 1.09756 1500 1500 
1 0.308368 1500 1.72209 1500 0.106533 1500 2.08589 
1 0.150424 1500 0.657101 1500 9.89357 1500 7.47852 
0.999999 0.103666 1500 9.98859 1500 0.6371 1500 11.5109 
0.999999 0.148891 1500 1.72209 1500 9.89357 1500 4.82955 
1 0.0135344 1500 0.254965 1500 0.369116 1500 1500 
1 0.401784 1500 0.376191 1500 0.6371 1500 1500 
1 0.410258 1500 0.180172 1500 0.222717 1500 0.20219 
1 0.211975 1500 0.656212 1500 5.83787 1500 1.26265 
0.999999 0.103098 1500 9.98859 1500 0.412689 1500 7.47852 
1 0.194479 1500 4.64241 1500 0.6371 1500 1.26265 
1 0.376615 1500 0.416602 1500 0.474119 1500 1.48037 
1 0.284399 1500 1.97746 1500 0.6371 1500 5.76217 
1 0.404374 1500 0.657101 1500 0.663597 1500 2.30677 
1 0.40779 1500 0.615372 1500 0.624006 1500 4.26963 
1 0.346587 1500 0.615372 1500 1.24221 1500 3.49983 
1 0.323667 1500 1.97746 1500 0.369116 1500 1.61943 
1 0.366999 1500 0.410602 1500 1.37749 1500 1500 
1 0.345773 1500 1.64362 1500 0.478624 1500 2.30677 
1 0.329142 1500 0.489519 1500 2.74846 1500 1500 
1 0.36876 1500 1.26577 1500 0.6371 1500 0.905759 
0.999999 0.0138748 1500 0.849655 1500 1.48651 1500 3.44563 
1 0.375102 1500 0.615372 1500 1.24221 1500 0.436807 
1 0.317828 1500 1.72209 1500 1.24221 1500 7.47852 
0.999999 0.013882 1500 0.868994 1500 1500 1500 7.47852 
1 0.0137906 1500 0.615372 1500 0.6371 1500 0.697445 
1 0.144613 1500 0.407293 1500 9.89357 1500 1.63803 
1 0.311772 1500 1.97746 1500 0.914667 1500 0.824915 
1 0.376849 1500 0.378793 1500 0.369116 1500 0.452842 
1 0.194373 1500 4.64241 1500 0.684068 1500 0.398802 
1 0.137551 1500 0.27922 1500 9.89357 1500 1.36985 
1 0.38785 1500 0.637776 1500 0.993354 1500 0.556464 
1 0.387297 1500 0.657101 1500 0.993354 1500 0.947246 
1 0.37772 1500 0.657101 1500 1.09756 1500 1500 
1 0.378517 1500 0.868994 1500 0.993354 1500 0.20219 
1 0.392464 1500 0.62175 1500 0.914667 1500 4.26963 
1 0.298897 1500 1.97746 1500 0.684068 1500 1.79746 
1 0.334145 1500 1.87112 1500 0.111804 1500 1.26265 
1 0.346587 1500 0.615372 1500 1.24221 1500 1.61943 
0.999999 0.103098 1500 9.98859 1500 0.412689 1500 7.47852 
1 0.194895 1500 1.22091 1500 6.64706 1500 0.77918 
1 0.246877 1500 3.25107 1500 0.6371 1500 1.61943 
0.999999 0.0138748 0.959716 0.849655 1500 1500 1500 1500 
1 0.284883 1500 1.95578 1500 0.823329 1500 2.37839 
1 0.260626 1500 2.9662 1500 0.6371 1500 4.60557 
1 0.309011 1500 2.17846 1500 0.42655 1500 0.393613 
1 0.358846 1500 0.657101 1500 0.961871 1500 2.30677 
1 0.247452 1500 3.25269 1500 0.552038 1500 1.61943 
1 0.345781 1500 1.72209 1500 0.106533 1500 0.824915 
1 0.0130524 1500 0.131888 1500 3.56143 1500 2.66545 
1 0.365804 1500 0.312107 1500 1.30168 1500 6.9139 
0.999999 0.0139618 1500 1.08154 1500 2.09807 1500 1.61943 
1 0.426605 1500 0.657101 1500 0.132924 1500 1.61943 
1 0.375187 1500 0.235095 1500 0.993354 1500 1.36985 
1 0.387297 1500 0.657101 1500 0.993354 1500 1.36985 
1 0.366847 1500 0.869331 1500 0.993354 1500 1.36985 
1 0.396335 1500 0.657101 1500 0.344424 1500 0.190636 
1 0.35958 1500 1.48246 1500 0.412689 1500 7.47852 
1 0.187805 1500 4.86636 1500 0.375897 1500 1.63803 
0.999999 0.0138054 1500 0.657101 1500 0.614362 1500 7.47852 
1 0.013432 1500 0.212586 1500 1500 1500 0.883064 
1 0.392464 1500 0.62175 1500 0.914667 1500 1.22558 
1 0.197508 1500 0.657101 1500 6.57003 1500 1.36985 
1 0.364295 1500 0.868994 1500 1.09756 1500 0.77918 
1 0.198727 1500 0.656212 1500 9.89357 1500 0.996187 
1 0.40136 1500 0.657101 1500 1.04886 1500 1.79746 
1 0.22676 1500 0.131888 1500 3.56143 1500 1.48037 
1 0.372605 1500 0.434456 1500 0.6371 1500 1.82866 
0.999999 0.148891 1500 1.72209 1500 9.89357 1500 1.48037 
1 0.37838 1500 0.488687 1500 0.431745 1500 0.595578 
1 0.318529 1500 1.97746 1500 0.6371 1500 7.47852 
1 0.326122 1500 1.97746 1500 0.111804 1500 1.26265 
1 0.146113 1500 5.90527 1500 0.369116 1500 6.9139 
1 0.408121 1500 0.378793 1500 0.6371 1500 2.37839 
1 0.336046 1500 1.72209 1500 0.6371 1500 7.47852 
0.999999 0.183648 1500 4.41985 1500 2.74846 1500 0.452842 
1 0.321832 1500 1.95578 1500 0.552038 1500 0.77918 
0.999999 0.132296 1500 5.90527 1500 0.369116 1500 6.9139 
1 0.308178 1500 1.95578 1500 1.09756 1500 0.595578 
1 0.358827 1500 1.20789 1500 0.993354 1500 3.2894 
1 0.381797 1500 0.657101 1500 1.09756 1500 3.49983 
1 0.353427 1500 0.483815 1500 1.09756 1500 3.2962 
0.999999 0.0138054 1500 0.657101 1500 0.536041 1500 2.30677 
1 0.317899 1500 0.259768 1500 2.08255 1500 1500 
1 0.420009 1500 0.544597 1500 0.412689 1500 1500 
0.999999 0.116011 1500 4.15575 1500 9.89357 1500 1.61943 
1 0.326601 1500 0.21944 1500 1.09756 1500 0.159211 
1 0.247249 1500 0.378793 1500 5.87763 1500 0.452842 
0.999999 0.0137906 1500 0.615372 1500 0.993354 1500 0.77918 
1 0.29249 1500 2.17086 1500 1.22267 1500 1500 
1 0.388422 1500 0.615372 1500 0.993354 1500 1.61943 
1 0.382753 1500 1.18005 1500 0.412689 1500 7.47852 
1 0.284847 1500 1.97746 1500 0.368958 1500 1.63803 
1 0.379573 1500 0.657101 1500 1.13969 1500 0.77918 
1 0.239932 1500 0.615372 1500 3.56143 1500 5.76217 
0.999999 0.187297 1500 4.64241 1500 1.79698 1500 1.61943 
1 0.326122 1500 1.97746 1500 0.111804 1500 7.47852 
0.999999 0.0138051 1500 0.656212 1500 0.6371 1500 0.219729 
1 0.3775 1500 0.657101 1500 0.266276 1500 0.311302 
1 0.0927777 1500 9.98859 1500 0.552038 1500 5.50182 
1 0.416274 1500 0.657101 1500 0.412689 1500 0.398802 
0.999999 0.0138051 1500 0.656212 1500 3.27332 1500 1.23773 
1 0.187871 1500 4.86636 1500 0.412689 1500 0.824915 
0.999999 0.122978 1500 4.41985 1500 9.89357 1500 0.77918 
1 0.312647 1500 0.180172 1500 1.09756 1500 0.658201 
1 0.339424 0.959716 0.234491 1500 1500 1500 1500 
1 0.393363 1500 0.968681 1500 0.536041 1500 1.63803 
0.999999 0.0138051 1500 0.656212 1500 8.18662 1500 1.61943 
1 0.418151 1500 0.657101 1500 0.369116 1500 6.9139 
1 0.187117 1500 4.86636 1500 0.193057 1500 1.36985 
1 0.407129 1500 0.615372 1500 0.6371 1500 0.452842 
1 0.381308 1500 0.673936 1500 1.09756 1500 1.61943 
1 0.224914 0.959716 2.96276 1500 1500 1500 3.24216 
0.999999 0.165919 1500 4.86636 1500 3.56143 1500 0.398802 
1 0.0137421 1500 0.488687 1500 0.594163 1500 0.398802 
1 0.37624 1500 0.657101 1500 0.412756 1500 2.30677 
1 0.288463 1500 1.97746 1500 1.24221 1500 7.512 
1 0.315069 1500 1.97746 1500 0.784444 1500 0.905759 
1 0.284847 1500 1.97746 1500 0.369116 1500 5.76217 
1 0.315069 1500 1.97746 1500 0.784444 1500 1.63803 
1 0.397629 1500 0.307298 1500 0.753345 1500 0.151086 
1 0.256411 1500 3.08924 1500 0.369116 1500 7.47852 
1 0.306885 1500 1.97746 1500 1.09756 1500 0.151086 
1 0.299098 1500 1.97746 1500 0.369116 1500 5.76217 
0.999999 0.0138051 1500 0.656212 1500 0.6371 1500 0.436807 
0.999999 0.0137906 1500 0.615372 1500 5.55613 1500 0.436807 
1 0.150412 1500 0.656212 1500 9.89357 1500 0.222948 
1 0.323386 1500 1.95578 1500 0.474119 1500 1500 
1 0.35749 1500 0.657101 1500 0.993354 1500 7.47852 
1 0.013432 1500 0.212586 1500 0.993354 1500 1.61943 
1 0.413769 1500 0.835638 1500 0.21856 1500 1.75613 
1 0.344399 1.84757 0.869331 1500 1500 1500 7.512 
1 0.390716 1500 0.131888 1500 0.322017 1500 7.47852 
1 0.34736 1500 1.56282 1500 0.6371 1500 7.47852 
1 0.196095 1500 0.657101 1500 6.64706 1500 0.610975 
1 0.284086 1500 0.615372 1500 2.50636 1500 1.20026 
1 0.277354 1500 2.65872 1500 0.60114 1500 0.440822 
1 0.150424 1500 0.657101 1500 9.89357 1500 0.77918 
1 0.314505 1500 1.72209 1500 0.6371 1500 2.7585 
0.999999 0.0140304 1500 1.26577 1500 0.355474 1500 0.210803 
1 0.422859 1500 0.410602 1500 0.369116 1500 7.47852 
1 0.179401 1500 0.307298 1500 4.40282 1500 1.61943 
1 0.0138054 1500 0.657101 1500 0.348968 1500 1.5396 
0.999999 0.146767 1500 1.97746 1500 9.89357 1500 7.47852 
1 0.131127 1500 0.212586 1500 9.89357 1500 1.40999 
0.999999 0.193463 1500 4.64241 1500 0.92883 1500 0.222948 
1 0.299708 1500 1.87112 1500 0.993354 1500 0.20219 
1 0.335615 1500 0.482161 1500 1.43439 1500 2.70941 
1 0.362062 0.701757 0.849655 1500 1500 1500 0.383685 
1 0.262149 1500 1.95578 1500 2.74846 1500 1500 
0.999999 0.0138054 1500 0.657101 1500 1500 1500 1.36985 
1 0.0133178 1500 0.180172 1500 0.412689 1500 7.47852 
1 0.315255 1500 1.47704 1500 1.24221 1500 1.48037 
1 0.261298 1500 0.307298 1500 3.56143 1500 1.61943 
1 0.11759 1500 7.04523 1500 0.118189 1500 0.20219 
1 0.150412 1500 0.656212 1500 9.89357 1500 1.36985 
1 0.322024 1500 1.97746 1500 0.466264 1500 1500 
0.999999 0.187866 1500 4.86636 1500 0.6371 1500 0.398802 
0.999999 0.0138054 1500 0.657101 1500 3.56143 1500 7.47852 
1 0.0136188 1500 0.310063 1500 0.914667 1500 0.452842 
1 0.303419 1500 1.86197 1500 0.21545 1500 1.36985 
0.999999 0.0138696 1500 0.835638 1500 9.89357 1500 0.583218 
1 0.299518 1500 1.97746 1500 0.412689 1500 1.61943 
1 0.396238 1500 0.656212 1500 0.823329 1500 1500 
0.999999 0.0141834 1500 1.72209 1500 0.369116 1500 0.428496 
1 0.309519 1500 1.95578 1500 1.04886 1500 0.20219 
1 0.223205 1500 3.78584 1500 0.784444 1500 1.63803 
0.999999 0.0137868 1500 0.604879 1500 9.89357 1500 1.61943 
1 0.251017 1500 2.9662 1500 1.3086 1500 1.61943 
1 0.188664 1500 0.378793 1500 9.89357 1500 0.452842 
1 0.382852 1500 0.410602 1500 1.09756 1500 1.48037 
1 0.314505 1500 1.72209 1500 0.6371 1500 1500 
0.999999 0.0140091 1500 1.20789 1500 0.412756 1500 2.30677 
1 0.416274 1500 0.657101 1500 0.412689 1500 7.47852 
0.999999 0.184052 1500 1.97746 1500 9.89357 1500 0.996187 
1 0.275046 1500 0.868994 1500 2.74846 1500 2.19953 
1 0.380781 1500 0.657101 1500 0.993354 1500 7.47852 
1 0.261122 1500 1.97746 1500 2.74846 1500 1.61943 
1 0.150424 1500 0.657101 1500 9.89357 1500 0.722517 
1 0.0138054 1500 0.657101 1500 0.474119 1500 0.190636 
1 0.390368 1500 0.657101 1500 0.6371 1500 4.60755 
0.999999 0.128305 1500 1.72209 1500 9.89357 1500 1.48037 
0.999999 0.0141798 1500 1.71002 1500 0.21856 1500 7.512 
1 0.261122 1500 1.97746 1500 2.74846 1500 7.47852 
1 0.351456 1500 0.854844 1500 0.993354 1500 0.322122 
1 0.410878 1500 0.244921 1500 0.412689 1500 1.61943 
1 0.0134917 1500 0.235095 1500 0.412689 1500 7.47852 
1 0.358231 1500 0.615372 1500 0.993354 1500 5.76217 
1 0.143422 1500 0.378793 1500 9.89357 1500 7.47852 
1 0.0137906 1500 0.615372 1500 0.6371 1500 1.83483 
1 0.424802 1500 0.657101 1500 0.193057 1500 1.36985 
1 0.356736 1500 0.21944 1500 0.552038 1500 0.352049 
1 0.343157 1.84757 0.673936 1500 1500 1500 7.512 
1 0.403157 1500 0.894219 1500 0.412689 1500 0.398802 
1 0.0134516 1500 0.21944 1500 0.111804 1500 7.47852 
1 0.194373 1500 4.64241 1500 0.684068 1500 0.398802 
1 0.346587 1500 0.615372 1500 1.24221 1500 0.595578 
1 0.371643 1500 0.996177 1500 0.993354 1500 5.76217 
0.999999 0.0140091 1500 1.20789 1500 0.301814 1500 1500 
1 0.299708 1500 1.87112 1500 0.993354 1500 0.20219 
1 0.392953 1500 0.615372 1500 0.6371 1500 4.26963 
1 0.387324 1500 0.656212 1500 0.993354 1500 7.47852 
1 0.20502 1500 0.410602 1500 5.88368 1500 1500 
1 0.200331 1500 4.46077 1500 0.3646 1500 1500 
1 0.422859 1500 0.410602 1500 0.369116 1500 7.47852 
1 0.36541 1500 0.482161 1500 1.43439 1500 1500 
1 0.407129 1500 0.615372 1500 0.6371 1500 1500 
1 0.346587 1500 0.615372 1500 1.24221 1500 0.595578 
1 0.392982 1500 0.615372 1500 0.908047 1500 0.436807 
1 0.013432 1500 0.212586 1500 4.40282 1500 1500 
1 0.366266 1500 0.21944 1500 1.09756 1500 1.61943 
1 0.189137 1500 1.67314 1500 6.64706 1500 1.63803 
1 0.368777 0.167957 0.849655 1500 1500 1500 1500 
1 0.406202 1500 0.615372 1500 0.993354 1500 0.159211 
1 0.271488 1500 1.61616 1500 2.87405 1500 1.63803 
1 0.381822 1500 0.656212 1500 1.09756 1500 1.63803 
1 0.414724 1500 0.615372 1500 0.482014 1500 0.190636 
1 0.397459 1500 0.656212 1500 0.268002 1500 0.222948 
1 0.270605 1500 0.544597 1500 2.74846 1500 0.335578 
0.999999 0.124709 1500 1.72209 1500 10.2668 1500 1.26265 
1 0.355894 1500 0.206356 1500 0.474119 1500 5.76217 
1 0.0135138 1500 0.244921 1500 0.412689 1500 5.76217 
1 0.400123 1500 0.968681 1500 0.357537 1500 7.47852 
1 0.410368 1500 0.180172 1500 0.220542 1500 0.452842 
1 0.345497 1.84757 0.849655 1500 1500 1500 0.658201 
1 0.0136839 1500 0.380833 1500 0.914667 1500 4.155 
0.999999 0.0138767 1500 0.854844 1500 1500 1500 3.65963 
1 0.399524 1500 0.615372 1500 0.784444 1500 4.55938 
1 0.297457 1500 1.97746 1500 1.43439 1500 0.452842 
1 0.394281 1500 0.21944 1500 0.6371 1500 7.47852 
1 0.297068 2.83184 0.869331 1500 1500 1500 7.512 
1 0.376949 1500 0.615372 1500 0.111804 1500 5.76217 
1 0.396741 1500 0.656212 1500 0.813639 1500 1.48037 
0.999999 0.10296 1500 9.98859 1500 0.369116 1500 0.398802 
1 0.419572 1500 0.657101 1500 0.334866 1500 0.77918 
1 0.0133178 1500 0.180172 1500 0.993354 1500 0.20219 
1 0.355154 1500 0.378793 1500 0.993354 1500 1.4343 
1 0.374183 1500 0.332203 1500 0.369116 1500 5.76217 
1 0.181176 1500 0.615372 1500 5.49582 1500 2.30677 
1 0.305589 1500 1.87112 1500 0.6371 1500 0.595578 
1 0.112336 1500 0.657101 1500 9.89357 1500 0.996187 
1 0.366954 1500 0.841193 1500 1.25736 1500 1.61943 
0.999999 0.0137983 1500 0.636938 1500 1.09756 1500 6.54113 
1 0.241176 1500 1.97746 1500 3.56143 1500 1.63803 
1 0.377431 1500 0.62175 1500 0.140959 1500 1.36985 
1 0.309011 1500 2.17846 1500 0.42655 1500 0.440822 
1 0.149845 1500 0.615372 1500 9.89357 1500 0.210803 
1 0.395104 1500 0.298644 1500 0.784444 1500 1.36985 
1 0.19583 0.163295 3.89492 1500 1500 1500 0.582185 
0.999999 0.146767 1500 1.97746 1500 9.89357 1500 0.20219 
1 0.257891 1500 1.97746 1500 2.87405 1500 4.04677 
1 0.299319 1500 1.97746 1500 0.6371 1500 1.79746 
1 0.305097 1500 0.488687 1500 2.00072 1500 4.55938 
1 0.325677 1500 1.72209 1500 0.993354 1500 1.48037 
1 0.312705 1500 1.97746 1500 1.04886 1500 5.76217 
1 0.367805 1500 0.868994 1500 0.412689 1500 7.47852 
1 0.215594 1500 1.48526 1500 4.40282 1500 1.36985 
0.999999 0.0138051 1500 0.656212 1500 9.89357 1500 0.452842 
1 0.409519 1500 0.491486 1500 0.6371 1500 7.47852 
1 0.0138051 1500 0.656212 1500 0.369116 1500 1500 
1 0.0136045 1500 0.298644 1500 1.13447 1500 1.36985 
1 0.401631 1500 0.206356 1500 0.474119 1500 1.26265 
1 0.0137906 1500 0.615372 1500 0.412689 1500 7.47852 
1 0.341668 1500 1.41515 1500 1.09756 1500 7.47852 
1 0.325263 1500 1.97746 1500 0.24516 1500 0.595578 
1 0.0137983 1500 0.636938 1500 0.412689 1500 0.77918 
1 0.273145 1500 0.656212 1500 3.56143 1500 1.61943 
1 0.41426 1500 0.868994 1500 0.111804 1500 1.63803 
1 0.0138054 1500 0.657101 1500 0.369116 1500 7.47852 
1 0.112164 1500 7.04523 1500 0.118189 1500 1.63803 
0.999999 0.0137906 1500 0.615372 1500 4.40282 1500 1.00317 
1 0.315255 1500 1.47704 1500 1.24221 1500 0.595578 
1 0.299319 1500 1.97746 1500 0.6371 1500 2.37839 
1 0.323386 1500 1.95578 1500 0.474119 1500 1500 
1 0.268345 1500 2.49335 1500 0.369116 1500 1.63803 
1 0.351907 1500 1.56282 1500 0.474119 1500 0.908232 
0.999999 0.013665 1500 0.356257 1500 1500 1500 1500 
1 0.246102 1500 2.9662 1500 0.536041 1500 6.00857 
1 0.407129 1500 0.615372 1500 0.6371 1500 1.63803 
1 0.333393 1500 1.87112 1500 0.21856 1500 7.512 
1 0.368437 1500 0.868994 1500 0.21856 1500 1.63803 
1 0.250162 1500 3.18718 1500 0.60114 1500 5.76217 
1 0.232181 1500 1.01772 1500 4.90359 1500 0.595578 
1 0.149835 1500 0.195661 1500 4.36237 1500 2.30677 
0.99997 0.49833 1500 0.960074 0.122709 0.5786 1500 1.48969 
1 0.0134516 1500 0.21944 1500 0.6371 1500 0.20219 
1 0.383945 1500 0.615372 1500 0.961871 1500 5.76217 
0.999999 0.0141745 1500 1.69254 1500 0.21856 1500 0.731537 
1 0.41109 0.295592 0.378793 1500 1500 1500 0.452842 
1 0.408887 1500 0.544597 1500 0.6371 1500 1.61943 
1 0.370675 1500 0.960074 1500 0.412689 1500 1.36985 
1 0.34033 1500 1.66139 1500 0.6371 1500 2.37839 
1 0.405695 1500 0.657101 1500 0.6371 1500 0.457347 
1 0.186411 0.959716 3.89492 1500 1500 1500 0.582185 
1 0.306885 1500 1.97746 1500 1.09756 1500 1.63803 
0.999999 0.0137421 1500 0.488687 1500 1500 1500 0.658201 
1 0.416312 1500 0.656212 1500 0.412689 1500 7.47852 
1 0.138965 1500 0.298644 1500 9.89357 1500 1.07624 
1 0.422184 1500 0.657101 1500 0.268002 1500 7.47852 
1 0.428798 1500 0.62175 1500 0.111804 1500 1.26265 
1 0.299827 1500 1.97746 1500 0.536041 1500 1500 
1 0.368538 1500 0.615372 1500 0.73897 1500 6.9139 
1 0.324813 1500 1.99512 1500 0.111804 1500 1.61943 
1 0.336046 1500 1.72209 1500 0.6371 1500 1.48037 
1 0.259318 1500 1.97746 1500 2.87405 1500 6.9139 
1 0.300803 1500 1.76868 1500 0.369116 1500 1.48037 
1 0.330028 1500 0.657101 1500 2.13072 1500 0.159211 
1 0.367807 1500 1.27908 1500 0.6371 1500 1.61943 
1 0.256682 0.959716 2.96276 1500 1500 1500 0.120824 
0.999999 0.0954863 1500 9.98859 1500 0.784444 1500 0.398802 
0.999999 0.163488 1500 2.9662 1500 9.89357 1500 1.61943 
1 0.0134516 1500 0.21944 1500 1.09756 1500 0.398802 
0.999999 0.0138051 1500 0.656212 1500 0.993354 1500 1.48037 
0.999999 0.0141335 1500 1.56282 1500 0.552038 1500 5.76217 
0.999999 0.0686686 1500 0.416602 1500 24.9363 1500 0.273776 
1 0.358565 1500 1.56282 1500 0.111804 1500 0.398802 
1 0.3097 1500 1.97746 1500 0.993354 1500 1500 
1 0.342851 1500 0.798934 1500 1.24221 1500 0.595578 
1 0.387562 1500 0.21944 1500 0.748242 1500 2.30677 
1 0.3057 1500 0.657101 1500 3.56143 1500 0.77918 
0.999999 0.146767 1500 1.97746 1500 9.89357 1500 0.311302 
1 0.300424 2.17282 0.656212 1500 1500 1500 4.72187 
1 0.0137906 1500 0.615372 1500 0.21856 1500 0.764719 
1 0.39283 1500 1.06422 1500 0.369116 1500 0.219729 
1 0.383006 1500 0.615372 1500 0.993354 1500 1.61943 
1 0.412592 1500 0.259768 1500 0.412689 1500 7.47852 
1 0.321832 1500 1.95578 1500 0.552038 1500 5.76217 
1 0.20016 1500 4.46077 1500 0.6371 1500 1500 
1 0.418151 1500 0.657101 1500 0.369116 1500 0.452842 
1 0.246842 1500 0.62175 1500 4.40282 1500 0.789819 
0.999999 0.0138051 1500 0.656212 1500 0.914667 1500 0.452842 
1 0.375003 0.701757 0.849655 1500 1500 1500 0.658201 
0.999999 0.184309 1500 4.93816 1500 1.09756 1500 1.36985 
1 0.383909 1500 0.548401 1500 1.09756 1500 0.452842 
1 0.323386 1500 1.95578 1500 0.474119 1500 0.905759 
1 0.231807 1500 3.08924 1500 2.13072 1500 7.47852 
1 0.352848 1500 0.657101 1500 1.09756 1500 5.76217 
1 0.120615 1500 0.146593 1500 9.89357 1500 7.512 
1 0.381308 1500 0.673936 1500 1.09756 1500 0.330095 
1 0.35349 1500 0.615372 1500 1.09756 1500 5.76217 
1 0.186713 1500 0.202404 1500 3.36787 1500 0.77918 
1 0.0136045 1500 0.298644 1500 0.21856 1500 3.2894 
1 0.313468 1500 1.56282 1500 1.09756 1500 1500 
0.999999 0.014105 1500 1.47704 1500 0.6371 1500 5.76217 
1 0.0130524 1500 0.131888 1500 3.56143 1500 0.20219 
1 0.416274 1500 0.657101 1500 0.412689 1500 0.370788 
1 0.375597 1500 0.657101 1500 1.21516 1500 1.32695 
1 0.0136824 1500 0.378793 1500 0.6371 1500 0.452842 
0.999999 0.0137906 1500 0.615372 1500 1.24221 1500 1.48037 
1 0.304522 1500 1.72209 1500 0.369116 1500 1500 
1 0.297943 1500 1.75375 1500 0.993354 1500 0.20219 
1 0.395582 1500 0.213511 1500 0.6371 1500 0.905759 
1 0.405934 1500 0.392618 1500 0.684068 1500 1.26265 
1 0.421992 1500 0.544597 1500 0.369116 1500 1500 
0.999999 0.0139618 1500 1.08154 1500 5.87763 1500 0.452842 
0.999999 0.0138054 1500 0.657101 1500 0.993354 1500 1500 
1 0.258475 1500 1.72209 1500 2.63857 1500 1500 
0.999999 0.103666 1500 9.98859 1500 0.6371 1500 7.47852 
1 0.382999 1500 0.167377 1500 0.6371 1500 1500 
1 0.0134516 1500 0.21944 1500 1.09756 1500 0.398802 
1 0.35843 1500 1.40922 1500 0.6371 1500 1.70439 
1 0.381308 1500 0.673936 1500 1.09756 1500 0.132303 
1 0.306158 1500 1.99512 1500 1.08564 1500 7.47852 
1 0.404447 1500 0.483815 1500 0.731625 1500 0.20219 
1 0.370526 1500 0.67248 1500 0.6371 1500 6.30093 
1 0.306885 1500 1.97746 1500 1.09756 1500 1.63803 
1 0.224914 0.959716 2.96276 1500 1500 1500 1500 
1 0.318529 1500 1.97746 1500 0.6371 1500 0.996187 
1 0.388825 1500 0.410602 1500 0.993354 1500 1.63803 
0.999999 0.105677 1500 9.31357 1500 1.24221 1500 7.47852 
1 0.384368 1500 0.657101 1500 1.04886 1500 0.71763 
1 0.387748 1500 0.378793 1500 0.993354 1500 1.48037 
1 0.4271 1500 0.657101 1500 0.11424 1500 1.49344 
1 0.284086 1500 0.615372 1500 2.50636 1500 0.905759 
1 0.311772 1500 1.97746 1500 0.914667 1500 0.440822 
1 0.0137906 1500 0.615372 1500 0.225007 1500 1.48037 
0.999999 0.0139618 1500 1.08154 1500 0.914667 1500 0.159211 
1 0.376794 1500 0.62175 1500 0.111804 1500 7.47852 
1 0.424778 1500 0.615372 1500 0.246014 1500 1500 
1 0.196095 1500 0.657101 1500 6.64706 1500 0.190636 
1 0.259684 1500 0.110077 1500 2.41718 1500 0.36283 
1 0.299319 1500 1.97746 1500 0.6371 1500 0.556315 
1 0.321754 1500 0.673936 1500 2.30971 1500 1.4377 
1 0.357756 1500 0.180172 1500 1.09756 1500 1.63803 
1 0.31998 1500 1.95578 1500 0.6371 1500 0.452842 
1 0.376241 1500 0.657101 1500 0.412689 1500 0.947246 
1 0.388422 1500 0.615372 1500 0.993354 1500 7.47852 
1 0.0138054 1500 0.657101 1500 0.251661 1500 1.48037 
0.999999 0.0140091 1500 1.20789 1500 0.993354 1500 1500 
1 0.415002 1500 0.657101 1500 0.784444 1500 1.63803 
1 0.28688 1500 1.47704 1500 2.54848 1500 0.595578 
1 0.196095 1500 0.657101 1500 6.64706 1500 0.731537 
0.999999 0.0138054 1500 0.657101 1500 9.89357 1500 2.2977 
