0.958877 0.0311792 52.4402 100000 0.0493249 
0.88906 0.0924245 16.6143 100000 0.0609555 
0.753389 0.206983 6.31334 100000 0.0526997 
0.352098 0.428674 1.35245 100000 0.0771956 
0.959231 0.0311617 52.4402 100000 0.0440965 
0.919659 0.0664926 23.7454 100000 0.0563224 
0.448569 0.39949 1.81589 100000 0.0461308 
0.715768 0.232375 5.40912 100000 0.0692397 
0.754641 0.206803 6.31334 100000 0.0493249 
0.726291 0.227125 5.56351 100000 0.0575292 
0.320916 0.43486 1.2033 100000 0.0783601 
0.883388 0.0960639 15.9432 100000 0.0691446 
0.728116 0.226847 5.56351 100000 0.0529132 
0.43691 0.403695 1.75299 100000 0.0496217 
0.429665 0.406581 1.69636 100000 0.0461308 
0.598458 0.319615 3.19489 100000 0.0529132 
0.553374 0.342245 2.82153 100000 0.078001 
0.368621 0.424459 1.35245 100000 0.0441267 
0.753389 0.206983 6.31334 100000 0.0526997 
0.602847 0.318768 3.19489 100000 0.0440965 
0.958534 0.0311961 52.4402 100000 0.0543933 
0.565112 0.339963 2.82153 100000 0.0543933 
0.953321 0.0366079 44.4274 100000 0.0493249 
0.448569 0.39949 1.81589 100000 0.0461308 
0.913656 0.0725999 21.5806 100000 0.0493249 
0.448569 0.39949 1.81589 100000 0.0461308 
0.448569 0.39949 1.81589 100000 0.0461308 
0.827837 0.146585 9.76227 100000 0.0493249 
0.36235 0.426118 1.35245 100000 0.0563224 
0.860686 0.119594 12.3826 100000 0.0440411 
0.754641 0.206803 6.31334 100000 0.0493249 
0.88906 0.0924245 16.6143 100000 0.0609555 
0.425281 0.407632 1.69636 100000 0.0543933 
0.399224 0.416325 1.53909 100000 0.0529132 
0.481742 0.385662 2.03788 100000 0.0440411 
0.753389 0.206983 6.31334 100000 0.0526997 
0.226271 0.449198 1.02423 100000 0.23311 
0.198171 0.449293 0.877088 100000 0.217475 
0.730815 0.226434 5.56351 100000 0.0461308 
0.71347 0.238983 5.15562 100000 0.0496217 
0.429665 0.406581 1.69636 100000 0.0461308 
0.94424 0.0412565 39.4805 100000 0.0996844 
0.417363 0.408867 1.72193 100000 0.078001 
0.753389 0.206983 6.31334 100000 0.0526997 
0.364325 0.425603 1.35245 100000 0.0524346 
0.602847 0.318768 3.19489 100000 0.0440965 
0.533207 0.358519 2.49933 100000 0.0529132 
0.88509 0.0959173 15.9432 100000 0.0603393 
0.432107 0.405494 1.72193 100000 0.0493249 
0.333072 0.431633 1.2033 100000 0.0529132 
0.399336 0.416297 1.53909 100000 0.0526997 
0.371938 0.42376 1.43545 100000 0.0692397 
0.794438 0.174456 7.88058 100000 0.0493249 
0.368621 0.424459 1.35245 100000 0.0441267 
0.934054 0.0544171 29.3544 100000 0.0493249 
0.43691 0.403695 1.75299 100000 0.0496217 
0.323027 0.4341 1.19317 100000 0.0691446 
0.958534 0.0311961 52.4402 100000 0.0543933 
0.429665 0.406581 1.69636 100000 0.0461308 
0.442939 0.401166 1.80118 100000 0.0524458 
0.753389 0.206983 6.31334 100000 0.0526997 
0.395082 0.417335 1.53909 100000 0.0609363 
0.333072 0.431633 1.2033 100000 0.0529132 
0.883388 0.0960639 15.9432 100000 0.0691446 
0.602847 0.318768 3.19489 100000 0.0440965 
0.365673 0.425248 1.35245 100000 0.0498069 
0.973032 0.0134211 123.826 100000 0.0440411 
0.598458 0.319615 3.19489 100000 0.0529132 
0.754641 0.206803 6.31334 100000 0.0493249 
0.731308 0.226358 5.56351 100000 0.0448956 
0.301611 0.439184 1.19317 100000 0.117794 
0.753389 0.206983 6.31334 100000 0.0526997 
0.753389 0.206983 6.31334 100000 0.0526997 
0.958877 0.0311792 52.4402 100000 0.0493249 
0.598564 0.319595 3.19489 100000 0.0526997 
0.449234 0.399332 1.81589 100000 0.0448956 
0.425281 0.407632 1.69636 100000 0.0543933 
0.240408 0.448083 1.0697 100000 0.217475 
0.570389 0.3389 2.82153 100000 0.0440965 
0.730815 0.226434 5.56351 100000 0.0461308 
0.667027 0.272385 4.22974 100000 0.0543933 
0.958403 0.0312026 52.4402 100000 0.0563224 
0.602847 0.318768 3.19489 100000 0.0440965 
0.753389 0.206983 6.31334 100000 0.0526997 
0.320916 0.43486 1.2033 100000 0.0783601 
0.856683 0.119994 12.3826 100000 0.0609555 
0.773102 0.19178 6.97981 100000 0.0499439 
0.360033 0.426713 1.35245 100000 0.0609363 
0.52794 0.359603 2.49933 100000 0.0631435 
0.36235 0.426118 1.35245 100000 0.0563224 
0.615461 0.310086 3.37022 100000 0.0461308 
0.602847 0.318768 3.19489 100000 0.0440965 
0.296992 0.440213 1.23126 100000 0.149273 
0.615461 0.310086 3.37022 100000 0.0461308 
0.828738 0.146482 9.76227 100000 0.0461308 
0.723386 0.231561 5.3944 100000 0.0487422 
0.598564 0.319595 3.19489 100000 0.0526997 
0.405408 0.414637 1.55378 100000 0.0461308 
0.754641 0.206803 6.31334 100000 0.0493249 
0.911779 0.0738377 21.2021 100000 0.0526997 
0.448569 0.39949 1.81589 100000 0.0461308 
0.561809 0.340617 2.82153 100000 0.0609363 
0.368621 0.424459 1.35245 100000 0.0441267 
0.802129 0.165544 8.44343 100000 0.0609555 
0.397685 0.416534 1.55378 100000 0.0609363 
0.728116 0.226847 5.56351 100000 0.0529132 
0.481742 0.385662 2.03788 100000 0.0440411 
0.969039 0.0198345 83.3565 100000 0.0526997 
0.448569 0.39949 1.81589 100000 0.0461308 
0.399224 0.416325 1.53909 100000 0.0529132 
0.448569 0.39949 1.81589 100000 0.0461308 
0.702766 0.24721 4.90374 100000 0.0493249 
0.226271 0.449198 1.02423 100000 0.23311 
0.726291 0.227125 5.56351 100000 0.0575292 
0.43691 0.403695 1.75299 100000 0.0496217 
0.729541 0.22663 5.56351 100000 0.0493249 
0.36235 0.426118 1.35245 100000 0.0563224 
0.502444 0.374396 2.24037 100000 0.0543933 
0.728116 0.226847 5.56351 100000 0.0529132 
0.43691 0.403695 1.75299 100000 0.0496217 
0.754641 0.206803 6.31334 100000 0.0493249 
0.490754 0.376837 2.24037 100000 0.0771956 
0.565112 0.339963 2.82153 100000 0.0543933 
0.453463 0.391646 2.03788 100000 0.0996844 
0.365921 0.425182 1.35245 100000 0.0493249 
0.43691 0.403695 1.75299 100000 0.0496217 
0.958649 0.0311905 52.4402 100000 0.0526997 
0.819879 0.150988 9.44788 100000 0.0603393 
0.97248 0.0142837 116.34 100000 0.0524346 
0.730815 0.226434 5.56351 100000 0.0461308 
0.958091 0.0312179 52.4402 100000 0.0609363 
0.827837 0.146585 9.76227 100000 0.0493249 
0.715768 0.232375 5.40912 100000 0.0692397 
0.432107 0.405494 1.72193 100000 0.0493249 
0.883388 0.0960639 15.9432 100000 0.0691446 
0.726291 0.227125 5.56351 100000 0.0575292 
0.667691 0.272271 4.22974 100000 0.0529132 
0.429665 0.406581 1.69636 100000 0.0461308 
0.731628 0.226309 5.56351 100000 0.0440965 
0.667027 0.272385 4.22974 100000 0.0543933 
0.954682 0.035226 46.2387 100000 0.0503706 
0.953321 0.0366079 44.4274 100000 0.0493249 
0.226271 0.449198 1.02423 100000 0.23311 
0.958877 0.0311792 52.4402 100000 0.0493249 
0.753389 0.206983 6.31334 100000 0.0526997 
0.416442 0.410616 1.64901 100000 0.0563224 
0.583883 0.330721 2.9694 100000 0.0440411 
0.937203 0.0520575 30.7375 100000 0.0440965 
0.969789 0.0174628 95.106 100000 0.0783601 
0.395082 0.417335 1.53909 100000 0.0609363 
0.359411 0.426871 1.35245 100000 0.0621848 
0.973072 0.0126367 131.665 100000 0.0493249 
0.44191 0.401405 1.80118 100000 0.0543933 
0.824553 0.150444 9.44788 100000 0.0440965 
0.553374 0.342245 2.82153 100000 0.078001 
0.667027 0.272385 4.22974 100000 0.0543933 
0.352098 0.428674 1.35245 100000 0.0771956 
0.323027 0.4341 1.19317 100000 0.0691446 
0.602847 0.318768 3.19489 100000 0.0440965 
0.553199 0.342278 2.82153 100000 0.0783601 
0.327685 0.4339 1.35245 100000 0.13216 
0.36235 0.426118 1.35245 100000 0.0563224 
0.728116 0.226847 5.56351 100000 0.0529132 
0.526299 0.359935 2.49933 100000 0.0663725 
0.43691 0.403695 1.75299 100000 0.0496217 
0.753389 0.206983 6.31334 100000 0.0526997 
0.301611 0.439184 1.19317 100000 0.117794 
0.88717 0.0957367 15.9432 100000 0.0496217 
0.958403 0.0312026 52.4402 100000 0.0563224 
0.282487 0.440818 1.0697 100000 0.0985257 
0.753389 0.206983 6.31334 100000 0.0526997 
0.533207 0.358519 2.49933 100000 0.0529132 
0.368621 0.424459 1.35245 100000 0.0441267 
0.753389 0.206983 6.31334 100000 0.0526997 
0.323027 0.4341 1.19317 100000 0.0691446 
0.365921 0.425182 1.35245 100000 0.0493249 
0.442939 0.401166 1.80118 100000 0.0524458 
0.444598 0.400778 1.80118 100000 0.0493249 
0.560704 0.340834 2.82153 100000 0.0631435 
0.425281 0.407632 1.69636 100000 0.0543933 
0.449234 0.399332 1.81589 100000 0.0448956 
0.399336 0.416297 1.53909 100000 0.0526997 
0.753389 0.206983 6.31334 100000 0.0526997 
0.602847 0.318768 3.19489 100000 0.0440965 
0.368621 0.424459 1.35245 100000 0.0441267 
0.958403 0.0312026 52.4402 100000 0.0563224 
0.594238 0.323101 3.12159 100000 0.0493249 
0.754641 0.206803 6.31334 100000 0.0493249 
0.301611 0.439184 1.19317 100000 0.117794 
0.827837 0.146585 9.76227 100000 0.0493249 
0.753389 0.206983 6.31334 100000 0.0526997 
0.432107 0.405494 1.72193 100000 0.0493249 
0.72753 0.226937 5.56351 100000 0.0543933 
0.565112 0.339963 2.82153 100000 0.0543933 
0.417363 0.408867 1.72193 100000 0.078001 
0.368621 0.424459 1.35245 100000 0.0441267 
0.958534 0.0311961 52.4402 100000 0.0543933 
0.953321 0.0366079 44.4274 100000 0.0493249 
0.371938 0.42376 1.43545 100000 0.0692397 
0.970703 0.0174256 95.106 100000 0.0543933 
0.533207 0.358519 2.49933 100000 0.0529132 
0.728116 0.226847 5.56351 100000 0.0529132 
0.600089 0.319302 3.19489 100000 0.0496217 
0.711504 0.239294 5.15562 100000 0.0543933 
0.36235 0.426118 1.35245 100000 0.0563224 
0.715768 0.232375 5.40912 100000 0.0692397 
0.271482 0.441752 1.02423 100000 0.0996844 
0.799165 0.167985 8.29126 100000 0.0609363 
0.328076 0.432998 1.2033 100000 0.0631435 
0.388058 0.418848 1.54863 100000 0.0783601 
0.973032 0.0134211 123.826 100000 0.0440411 
0.448569 0.39949 1.81589 100000 0.0461308 
0.730815 0.226434 5.56351 100000 0.0461308 
0.752762 0.207073 6.31334 100000 0.0543933 
0.754641 0.206803 6.31334 100000 0.0493249 
0.397685 0.416534 1.55378 100000 0.0609363 
0.333072 0.431633 1.2033 100000 0.0529132 
0.567697 0.339445 2.82153 100000 0.0493249 
0.448569 0.39949 1.81589 100000 0.0461308 
0.667027 0.272385 4.22974 100000 0.0543933 
0.333072 0.431633 1.2033 100000 0.0529132 
0.481742 0.385662 2.03788 100000 0.0440411 
0.368636 0.424455 1.35245 100000 0.0440965 
0.332421 0.432989 1.35245 100000 0.120866 
0.767783 0.196858 6.73699 100000 0.0467366 
0.41404 0.411183 1.64901 100000 0.0609555 
0.598564 0.319595 3.19489 100000 0.0526997 
0.600237 0.319273 3.19489 100000 0.0493249 
0.399224 0.416325 1.53909 100000 0.0529132 
0.442939 0.401166 1.80118 100000 0.0524458 
0.598564 0.319595 3.19489 100000 0.0526997 
0.426172 0.40742 1.69636 100000 0.0526997 
0.730815 0.226434 5.56351 100000 0.0461308 
0.829849 0.14416 9.96876 100000 0.0529132 
0.726291 0.227125 5.56351 100000 0.0575292 
0.726768 0.227052 5.56351 100000 0.0563224 
0.333178 0.431603 1.2033 100000 0.0526997 
0.824577 0.146956 9.76227 100000 0.0609363 
0.958877 0.0311792 52.4402 100000 0.0493249 
0.953321 0.0366079 44.4274 100000 0.0493249 
0.958649 0.0311905 52.4402 100000 0.0526997 
0.958649 0.0311905 52.4402 100000 0.0526997 
0.919659 0.0664926 23.7454 100000 0.0563224 
0.397685 0.416534 1.55378 100000 0.0609363 
0.36235 0.426118 1.35245 100000 0.0563224 
0.399224 0.416325 1.53909 100000 0.0529132 
0.671704 0.271576 4.22974 100000 0.0440411 
0.678393 0.265373 4.39887 100000 0.0493249 
0.958649 0.0311905 52.4402 100000 0.0526997 
0.570389 0.3389 2.82153 100000 0.0440965 
0.454018 0.391538 2.03788 100000 0.0985257 
0.754641 0.206803 6.31334 100000 0.0493249 
0.958649 0.0311905 52.4402 100000 0.0526997 
0.265539 0.444781 1.19317 100000 0.217475 
0.730815 0.226434 5.56351 100000 0.0461308 
0.937598 0.0516929 30.9661 100000 0.0441267 
0.425281 0.407632 1.69636 100000 0.0543933 
0.540664 0.355623 2.53556 100000 0.0461308 
0.425281 0.407632 1.69636 100000 0.0543933 
0.753389 0.206983 6.31334 100000 0.0526997 
0.363327 0.425864 1.35245 100000 0.0543933 
0.398454 0.416515 1.53909 100000 0.0543933 
0.919659 0.0664926 23.7454 100000 0.0563224 
0.389146 0.418736 1.53909 100000 0.0727293 
0.301611 0.439184 1.19317 100000 0.117794 
0.730815 0.226434 5.56351 100000 0.0461308 
0.664289 0.276405 4.11464 100000 0.0461308 
0.87178 0.109103 13.7675 100000 0.0493249 
0.751018 0.210479 6.15733 100000 0.0461308 
0.753389 0.206983 6.31334 100000 0.0526997 
0.891845 0.0921878 16.6143 100000 0.0461308 
0.399336 0.416297 1.53909 100000 0.0526997 
0.198171 0.449293 0.877088 100000 0.217475 
0.754641 0.206803 6.31334 100000 0.0493249 
0.301613 0.439184 1.19317 100000 0.117788 
0.919659 0.0664926 23.7454 100000 0.0563224 
0.364081 0.425667 1.35245 100000 0.0529132 
0.52794 0.359603 2.49933 100000 0.0631435 
0.726291 0.227125 5.56351 100000 0.0575292 
0.439855 0.402991 1.75299 100000 0.0441267 
0.754641 0.206803 6.31334 100000 0.0493249 
0.753389 0.206983 6.31334 100000 0.0526997 
0.365673 0.425248 1.35245 100000 0.0498069 
0.368621 0.424459 1.35245 100000 0.0441267 
0.958091 0.0312179 52.4402 100000 0.0609363 
0.296992 0.440213 1.23126 100000 0.149273 
0.296992 0.440213 1.23126 100000 0.149273 
0.398454 0.416515 1.53909 100000 0.0543933 
0.602847 0.318768 3.19489 100000 0.0440965 
0.598564 0.319595 3.19489 100000 0.0526997 
0.73165 0.226305 5.56351 100000 0.0440411 
0.533207 0.358519 2.49933 100000 0.0529132 
0.368636 0.424455 1.35245 100000 0.0440965 
0.958534 0.0311961 52.4402 100000 0.0543933 
0.959093 0.0311685 52.4402 100000 0.0461308 
0.448569 0.39949 1.81589 100000 0.0461308 
0.972534 0.0134403 123.826 100000 0.0609555 
0.333072 0.431633 1.2033 100000 0.0529132 
0.959231 0.0311617 52.4402 100000 0.0440965 
0.481742 0.385662 2.03788 100000 0.0440411 
0.56738 0.339509 2.82153 100000 0.0499439 
0.581194 0.331256 2.9694 100000 0.0493249 
0.409229 0.413187 1.59611 100000 0.0529132 
0.198171 0.449293 0.877088 100000 0.217475 
0.598564 0.319595 3.19489 100000 0.0526997 
0.883388 0.0960639 15.9432 100000 0.0691446 
0.704121 0.24699 4.90374 100000 0.0461308 
0.448641 0.399462 1.81636 100000 0.0461308 
0.240408 0.448083 1.0697 100000 0.217475 
0.45158 0.397679 1.85973 100000 0.0529132 
0.395082 0.417335 1.53909 100000 0.0609363 
0.226271 0.449198 1.02423 100000 0.23311 
0.883388 0.0960639 15.9432 100000 0.0691446 
0.802129 0.165544 8.44343 100000 0.0609555 
0.958534 0.0311961 52.4402 100000 0.0543933 
0.448569 0.39949 1.81589 100000 0.0461308 
0.958877 0.0311792 52.4402 100000 0.0493249 
0.937203 0.0520575 30.7375 100000 0.0440965 
0.570389 0.3389 2.82153 100000 0.0440965 
0.617222 0.308922 3.39377 100000 0.0461308 
0.895414 0.0881237 17.4839 100000 0.0526997 
0.973072 0.0126367 131.665 100000 0.0493249 
0.399224 0.416325 1.53909 100000 0.0529132 
0.753389 0.206983 6.31334 100000 0.0526997 
0.399224 0.416325 1.53909 100000 0.0529132 
0.726291 0.227125 5.56351 100000 0.0575292 
0.401105 0.415857 1.53909 100000 0.0493249 
0.538989 0.355974 2.53556 100000 0.0493249 
0.352098 0.428674 1.35245 100000 0.0771956 
0.240408 0.448083 1.0697 100000 0.217475 
0.730815 0.226434 5.56351 100000 0.0461308 
0.667027 0.272385 4.22974 100000 0.0543933 
0.726691 0.227064 5.56351 100000 0.0565166 
0.430758 0.406315 1.69636 100000 0.0440965 
0.72753 0.226937 5.56351 100000 0.0543933 
0.446858 0.399892 1.81589 100000 0.0493249 
0.965549 0.0239914 68.6457 100000 0.0526997 
0.730815 0.226434 5.56351 100000 0.0461308 
0.53508 0.358128 2.49933 100000 0.0493249 
0.824577 0.146956 9.76227 100000 0.0609363 
0.476216 0.386905 2.03788 100000 0.0543933 
0.399336 0.416297 1.53909 100000 0.0526997 
0.503222 0.374228 2.24037 100000 0.0529132 
0.730815 0.226434 5.56351 100000 0.0461308 
0.946109 0.0411556 39.4805 100000 0.0783601 
0.395072 0.417338 1.53909 100000 0.0609555 
0.421862 0.408433 1.69636 100000 0.0609555 
0.368621 0.424459 1.35245 100000 0.0441267 
0.400846 0.415922 1.53909 100000 0.0498182 
0.97248 0.0142837 116.34 100000 0.0524346 
0.667787 0.272254 4.22974 100000 0.0526997 
0.399224 0.416325 1.53909 100000 0.0529132 
0.434939 0.404812 1.72193 100000 0.0440411 
0.667027 0.272385 4.22974 100000 0.0543933 
0.365921 0.425182 1.35245 100000 0.0493249 
0.583883 0.330721 2.9694 100000 0.0440411 
0.860686 0.119594 12.3826 100000 0.0440411 
0.773102 0.19178 6.97981 100000 0.0499439 
0.240408 0.448083 1.0697 100000 0.217475 
0.371938 0.42376 1.43545 100000 0.0692397 
0.728116 0.226847 5.56351 100000 0.0529132 
0.726291 0.227125 5.56351 100000 0.0575292 
0.36235 0.426118 1.35245 100000 0.0563224 
0.481742 0.385662 2.03788 100000 0.0440411 
0.958877 0.0311792 52.4402 100000 0.0493249 
0.399336 0.416297 1.53909 100000 0.0526997 
0.598564 0.319595 3.19489 100000 0.0526997 
0.667027 0.272385 4.22974 100000 0.0543933 
0.973032 0.0134211 123.826 100000 0.0440411 
0.244283 0.447705 1.0697 100000 0.204808 
0.26065 0.44519 1.19317 100000 0.23311 
0.36235 0.426118 1.35245 100000 0.0563224 
0.553374 0.342245 2.82153 100000 0.078001 
0.615461 0.310086 3.37022 100000 0.0461308 
0.573362 0.336699 2.8647 100000 0.0461308 
0.43691 0.403695 1.75299 100000 0.0496217 
0.726291 0.227125 5.56351 100000 0.0575292 
0.334861 0.431131 1.2033 100000 0.0493249 
0.730815 0.226434 5.56351 100000 0.0461308 
0.395082 0.417335 1.53909 100000 0.0609363 
0.553374 0.342245 2.82153 100000 0.078001 
0.397453 0.41676 1.53909 100000 0.0563224 
0.481742 0.385662 2.03788 100000 0.0440411 
0.43691 0.403695 1.75299 100000 0.0496217 
0.729541 0.22663 5.56351 100000 0.0493249 
0.75331 0.206995 6.31334 100000 0.0529132 
0.327685 0.4339 1.35245 100000 0.13216 
0.301611 0.439184 1.19317 100000 0.117794 
0.399336 0.416297 1.53909 100000 0.0526997 
0.598564 0.319595 3.19489 100000 0.0526997 
0.502444 0.374396 2.24037 100000 0.0543933 
0.82201 0.150741 9.44788 100000 0.0529132 
0.550885 0.349881 2.63335 100000 0.0461308 
0.43691 0.403695 1.75299 100000 0.0496217 
0.726768 0.227052 5.56351 100000 0.0563224 
0.95839 0.0312032 52.4402 100000 0.0565166 
0.958877 0.0311792 52.4402 100000 0.0493249 
0.446858 0.399892 1.81589 100000 0.0493249 
0.958649 0.0311905 52.4402 100000 0.0526997 
0.802129 0.165544 8.44343 100000 0.0609555 
0.969039 0.0198345 83.3565 100000 0.0526997 
0.971096 0.0174095 95.106 100000 0.0440965 
0.43691 0.403695 1.75299 100000 0.0496217 
0.371985 0.423749 1.43545 100000 0.0691446 
0.728116 0.226847 5.56351 100000 0.0529132 
0.953321 0.0366079 44.4274 100000 0.0493249 
0.432107 0.405494 1.72193 100000 0.0493249 
0.754641 0.206803 6.31334 100000 0.0493249 
0.399224 0.416325 1.53909 100000 0.0529132 
0.397685 0.416534 1.55378 100000 0.0609363 
0.532439 0.358679 2.49933 100000 0.0543933 
0.226271 0.449198 1.02423 100000 0.23311 
0.730815 0.226434 5.56351 100000 0.0461308 
0.565112 0.339963 2.82153 100000 0.0543933 
0.417363 0.408867 1.72193 100000 0.078001 
0.333072 0.431633 1.2033 100000 0.0529132 
0.715768 0.232375 5.40912 100000 0.0692397 
0.948895 0.0410027 39.4805 100000 0.0467366 
0.429665 0.406581 1.69636 100000 0.0461308 
0.753389 0.206983 6.31334 100000 0.0526997 
0.88509 0.0959173 15.9432 100000 0.0603393 
0.598564 0.319595 3.19489 100000 0.0526997 
0.472587 0.388741 2.00494 100000 0.0526997 
0.730815 0.226434 5.56351 100000 0.0461308 
0.368621 0.424459 1.35245 100000 0.0441267 
0.718487 0.232317 5.3944 100000 0.0609363 
0.713394 0.238995 5.15562 100000 0.0498069 
0.567545 0.339476 2.82153 100000 0.0496217 
0.753389 0.206983 6.31334 100000 0.0526997 
0.333072 0.431633 1.2033 100000 0.0529132 
0.667902 0.272235 4.22974 100000 0.0524458 
0.553374 0.342245 2.82153 100000 0.078001 
0.667027 0.272385 4.22974 100000 0.0543933 
0.964096 0.024814 66.41 100000 0.0663725 
0.570417 0.338894 2.82153 100000 0.0440411 
0.753389 0.206983 6.31334 100000 0.0526997 
0.432107 0.405494 1.72193 100000 0.0493249 
0.367575 0.424741 1.35245 100000 0.0461308 
0.439872 0.402987 1.75299 100000 0.0440965 
0.767783 0.196858 6.73699 100000 0.0467366 
0.728116 0.226847 5.56351 100000 0.0529132 
0.449721 0.399206 1.81636 100000 0.0441267 
0.879865 0.0990458 15.4102 100000 0.0691446 
0.367575 0.424741 1.35245 100000 0.0461308 
0.323027 0.4341 1.19317 100000 0.0691446 
0.333178 0.431603 1.2033 100000 0.0526997 
0.627888 0.29909 3.61959 100000 0.0575292 
0.360331 0.426637 1.35245 100000 0.0603393 
0.430328 0.40642 1.69636 100000 0.0448956 
0.520295 0.361129 2.49933 100000 0.0783601 
0.598564 0.319595 3.19489 100000 0.0526997 
0.429665 0.406581 1.69636 100000 0.0461308 
0.432107 0.405494 1.72193 100000 0.0493249 
0.969039 0.0198345 83.3565 100000 0.0526997 
0.426172 0.40742 1.69636 100000 0.0526997 
0.323027 0.4341 1.19317 100000 0.0691446 
0.42427 0.40787 1.69636 100000 0.0563224 
0.606132 0.314701 3.29037 100000 0.0526997 
0.399336 0.416297 1.53909 100000 0.0526997 
0.730815 0.226434 5.56351 100000 0.0461308 
0.752762 0.207073 6.31334 100000 0.0543933 
0.444598 0.400778 1.80118 100000 0.0493249 
0.958877 0.0311792 52.4402 100000 0.0493249 
0.82103 0.150855 9.44788 100000 0.0563224 
0.969671 0.0194758 84.8507 100000 0.0440411 
0.814857 0.151562 9.44788 100000 0.078001 
0.756578 0.206524 6.31334 100000 0.0441267 
0.726291 0.227125 5.56351 100000 0.0575292 
0.448569 0.39949 1.81589 100000 0.0461308 
0.678118 0.26542 4.39887 100000 0.0499439 
0.937203 0.0520575 30.7375 100000 0.0440965 
0.930987 0.0559093 28.5792 100000 0.0621848 
0.364081 0.425667 1.35245 100000 0.0529132 
0.958649 0.0311905 52.4402 100000 0.0526997 
0.958403 0.0312026 52.4402 100000 0.0563224 
0.360033 0.426713 1.35245 100000 0.0609363 
0.952304 0.0366613 44.4274 100000 0.0621848 
0.392323 0.417993 1.53909 100000 0.0663725 
0.359411 0.426871 1.35245 100000 0.0621848 
0.918453 0.0687319 22.8793 100000 0.0461308 
0.75661 0.206519 6.31334 100000 0.0440411 
0.958007 0.031222 52.4402 100000 0.0621848 
0.446309 0.400374 1.80118 100000 0.0461308 
0.754641 0.206803 6.31334 100000 0.0493249 
0.365921 0.425182 1.35245 100000 0.0493249 
0.824553 0.150444 9.44788 100000 0.0440965 
0.265539 0.444781 1.19317 100000 0.217475 
0.333072 0.431633 1.2033 100000 0.0529132 
0.323027 0.4341 1.19317 100000 0.0691446 
0.520295 0.361129 2.49933 100000 0.0783601 
0.360033 0.426713 1.35245 100000 0.0609363 
0.937203 0.0520575 30.7375 100000 0.0440965 
0.397685 0.416534 1.55378 100000 0.0609363 
0.667787 0.272254 4.22974 100000 0.0526997 
0.958403 0.0312026 52.4402 100000 0.0563224 
0.823043 0.150621 9.44788 100000 0.0493249 
0.333072 0.431633 1.2033 100000 0.0529132 
0.533207 0.358519 2.49933 100000 0.0529132 
0.333072 0.431633 1.2033 100000 0.0529132 
0.726291 0.227125 5.56351 100000 0.0575292 
0.597727 0.319755 3.19489 100000 0.0543933 
0.395082 0.417335 1.53909 100000 0.0609363 
0.729541 0.22663 5.56351 100000 0.0493249 
0.754641 0.206803 6.31334 100000 0.0493249 
0.972534 0.0134403 123.826 100000 0.0609555 
0.671665 0.271583 4.22974 100000 0.0441267 
0.320916 0.43486 1.2033 100000 0.0783601 
0.72753 0.226937 5.56351 100000 0.0543933 
0.36419 0.425638 1.35245 100000 0.0526997 
0.567697 0.339445 2.82153 100000 0.0493249 
0.753389 0.206983 6.31334 100000 0.0526997 
0.36419 0.425638 1.35245 100000 0.0526997 
0.545077 0.353164 2.57725 100000 0.0461308 
0.754641 0.206803 6.31334 100000 0.0493249 
0.351714 0.428766 1.35245 100000 0.078001 
0.44191 0.401405 1.80118 100000 0.0543933 
0.490754 0.376837 2.24037 100000 0.0771956 
0.570389 0.3389 2.82153 100000 0.0440965 
0.360023 0.426715 1.35245 100000 0.0609555 
0.823043 0.150621 9.44788 100000 0.0493249 
0.88717 0.0957367 15.9432 100000 0.0496217 
0.728573 0.226778 5.56351 100000 0.0517609 
0.602847 0.318768 3.19489 100000 0.0440965 
0.502444 0.374396 2.24037 100000 0.0543933 
0.602847 0.318768 3.19489 100000 0.0440965 
0.561809 0.340617 2.82153 100000 0.0609363 
0.432107 0.405494 1.72193 100000 0.0493249 
0.429665 0.406581 1.69636 100000 0.0461308 
0.667027 0.272385 4.22974 100000 0.0543933 
0.323027 0.4341 1.19317 100000 0.0691446 
0.448569 0.39949 1.81589 100000 0.0461308 
0.533207 0.358519 2.49933 100000 0.0529132 
0.355936 0.42774 1.35245 100000 0.0692397 
0.360023 0.426715 1.35245 100000 0.0609555 
0.824572 0.146957 9.76227 100000 0.0609555 
0.598564 0.319595 3.19489 100000 0.0526997 
0.754641 0.206803 6.31334 100000 0.0493249 
0.368621 0.424459 1.35245 100000 0.0441267 
0.613111 0.312095 3.32611 100000 0.0441267 
0.754641 0.206803 6.31334 100000 0.0493249 
0.615461 0.310086 3.37022 100000 0.0461308 
0.631685 0.297646 3.64163 100000 0.0526997 
0.41404 0.411183 1.64901 100000 0.0609555 
0.43691 0.403695 1.75299 100000 0.0496217 
0.71347 0.238983 5.15562 100000 0.0496217 
0.301611 0.439184 1.19317 100000 0.117794 
0.565112 0.339963 2.82153 100000 0.0543933 
0.715768 0.232375 5.40912 100000 0.0692397 
0.725824 0.230829 5.40912 100000 0.0441267 
0.546146 0.35294 2.57725 100000 0.0440965 
0.399224 0.416325 1.53909 100000 0.0529132 
0.958634 0.0311912 52.4402 100000 0.0529132 
0.442939 0.401166 1.80118 100000 0.0524458 
0.730798 0.226437 5.56351 100000 0.0461713 
0.726291 0.227125 5.56351 100000 0.0575292 
0.440264 0.401784 1.80118 100000 0.0575292 
0.417363 0.408867 1.72193 100000 0.078001 
0.730815 0.226434 5.56351 100000 0.0461308 
0.616491 0.30989 3.37022 100000 0.0440411 
0.728116 0.226847 5.56351 100000 0.0529132 
0.449737 0.399202 1.81636 100000 0.0440965 
0.430758 0.406315 1.69636 100000 0.0440965 
0.439441 0.403091 1.75299 100000 0.0448956 
0.567697 0.339445 2.82153 100000 0.0493249 
0.756589 0.206522 6.31334 100000 0.0440965 
0.953037 0.0366229 44.4274 100000 0.0529132 
0.538834 0.356007 2.53556 100000 0.0496217 
0.600237 0.319273 3.19489 100000 0.0493249 
0.449234 0.399332 1.81589 100000 0.0448956 
0.565112 0.339963 2.82153 100000 0.0543933 
0.754641 0.206803 6.31334 100000 0.0493249 
0.43691 0.403695 1.75299 100000 0.0496217 
0.449234 0.399332 1.81589 100000 0.0448956 
0.476999 0.386731 2.03788 100000 0.0529132 
0.432107 0.405494 1.72193 100000 0.0493249 
0.449234 0.399332 1.81589 100000 0.0448956 
0.597727 0.319755 3.19489 100000 0.0543933 
0.730815 0.226434 5.56351 100000 0.0461308 
0.583883 0.330721 2.9694 100000 0.0440411 
0.667691 0.272271 4.22974 100000 0.0529132 
0.352098 0.428674 1.35245 100000 0.0771956 
0.728116 0.226847 5.56351 100000 0.0529132 
0.728116 0.226847 5.56351 100000 0.0529132 
0.754641 0.206803 6.31334 100000 0.0493249 
0.600089 0.319302 3.19489 100000 0.0496217 
0.226271 0.449198 1.02423 100000 0.23311 
0.94424 0.0412565 39.4805 100000 0.0996844 
0.323027 0.4341 1.19317 100000 0.0691446 
0.753389 0.206983 6.31334 100000 0.0526997 
0.972401 0.0146766 113.157 100000 0.0496217 
0.715768 0.232375 5.40912 100000 0.0692397 
0.41405 0.41118 1.64901 100000 0.0609363 
0.621462 0.30417 3.50678 100000 0.0543933 
0.594238 0.323101 3.12159 100000 0.0493249 
0.553199 0.342278 2.82153 100000 0.0783601 
0.919659 0.0664926 23.7454 100000 0.0563224 
0.342519 0.429694 1.23126 100000 0.0461308 
0.729541 0.22663 5.56351 100000 0.0493249 
0.934429 0.0522286 30.7375 100000 0.0691446 
0.226271 0.449198 1.02423 100000 0.23311 
0.972534 0.0134403 123.826 100000 0.0609555 
0.360424 0.426613 1.35245 100000 0.0601534 
0.594238 0.323101 3.12159 100000 0.0493249 
0.753389 0.206983 6.31334 100000 0.0526997 
0.372999 0.423451 1.37455 100000 0.0441267 
0.731628 0.226309 5.56351 100000 0.0440965 
0.368636 0.424455 1.35245 100000 0.0440965 
0.666315 0.275469 4.13334 100000 0.0440411 
0.82201 0.150741 9.44788 100000 0.0529132 
0.715227 0.232813 5.3944 100000 0.0691446 
0.919927 0.0664738 23.7454 100000 0.0543933 
0.753389 0.206983 6.31334 100000 0.0526997 
0.36419 0.425638 1.35245 100000 0.0526997 
0.958877 0.0311792 52.4402 100000 0.0493249 
0.425281 0.407632 1.69636 100000 0.0543933 
0.943598 0.0459936 35.0169 100000 0.0461308 
0.958534 0.0311961 52.4402 100000 0.0543933 
0.752762 0.207073 6.31334 100000 0.0543933 
0.367575 0.424741 1.35245 100000 0.0461308 
0.799165 0.167985 8.29126 100000 0.0609363 
0.958403 0.0312026 52.4402 100000 0.0563224 
0.541735 0.355397 2.53556 100000 0.0440965 
0.533207 0.358519 2.49933 100000 0.0529132 
0.728201 0.226834 5.56351 100000 0.0526997 
0.360033 0.426713 1.35245 100000 0.0609363 
0.753389 0.206983 6.31334 100000 0.0526997 
0.736689 0.219782 5.81897 100000 0.0543933 
0.448569 0.39949 1.81589 100000 0.0461308 
0.711504 0.239294 5.15562 100000 0.0543933 
0.773102 0.19178 6.97981 100000 0.0499439 
0.667027 0.272385 4.22974 100000 0.0543933 
0.579382 0.331613 2.9694 100000 0.0529132 
0.958877 0.0311792 52.4402 100000 0.0493249 
0.728116 0.226847 5.56351 100000 0.0529132 
0.338364 0.430848 1.23126 100000 0.0543933 
0.448569 0.39949 1.81589 100000 0.0461308 
0.533207 0.358519 2.49933 100000 0.0529132 
0.669174 0.272015 4.22974 100000 0.0496217 
0.537832 0.357547 2.49933 100000 0.0440965 
0.667027 0.272385 4.22974 100000 0.0543933 
0.507937 0.3732 2.24037 100000 0.0440411 
0.794438 0.174456 7.88058 100000 0.0493249 
0.669308 0.271992 4.22974 100000 0.0493249 
0.601829 0.318965 3.19489 100000 0.0461308 
0.442939 0.401166 1.80118 100000 0.0524458 
0.726691 0.227064 5.56351 100000 0.0565166 
0.958877 0.0311792 52.4402 100000 0.0493249 
0.450798 0.397858 1.85973 100000 0.0543933 
0.565112 0.339963 2.82153 100000 0.0543933 
0.36235 0.426118 1.35245 100000 0.0563224 
0.958091 0.0312179 52.4402 100000 0.0609363 
0.59584 0.322789 3.12159 100000 0.0461308 
0.726291 0.227125 5.56351 100000 0.0575292 
0.338364 0.430848 1.23126 100000 0.0543933 
0.754531 0.206819 6.31334 100000 0.0496217 
0.602847 0.318768 3.19489 100000 0.0440965 
0.446858 0.399892 1.81589 100000 0.0493249 
0.368621 0.424459 1.35245 100000 0.0441267 
0.45158 0.397679 1.85973 100000 0.0529132 
0.959229 0.0311618 52.4402 100000 0.0441267 
0.442939 0.401166 1.80118 100000 0.0524458 
0.364081 0.425667 1.35245 100000 0.0529132 
0.602847 0.318768 3.19489 100000 0.0440965 
0.667691 0.272271 4.22974 100000 0.0529132 
0.756578 0.206524 6.31334 100000 0.0441267 
0.417363 0.408867 1.72193 100000 0.078001 
0.602847 0.318768 3.19489 100000 0.0440965 
0.615461 0.310086 3.37022 100000 0.0461308 
0.754641 0.206803 6.31334 100000 0.0493249 
0.831732 0.143946 9.96876 100000 0.0461308 
0.883388 0.0960639 15.9432 100000 0.0691446 
0.958649 0.0311905 52.4402 100000 0.0526997 
0.967717 0.0210387 78.5594 100000 0.0609555 
0.883388 0.0960639 15.9432 100000 0.0691446 
0.602847 0.318768 3.19489 100000 0.0440965 
0.53508 0.358128 2.49933 100000 0.0493249 
0.671704 0.271576 4.22974 100000 0.0440411 
0.775156 0.191498 6.97981 100000 0.0440965 
0.333072 0.431633 1.2033 100000 0.0529132 
0.360033 0.426713 1.35245 100000 0.0609363 
0.702766 0.24721 4.90374 100000 0.0493249 
0.565112 0.339963 2.82153 100000 0.0543933 
0.88785 0.0956774 15.9432 100000 0.0461308 
0.476216 0.386905 2.03788 100000 0.0543933 
0.72753 0.226937 5.56351 100000 0.0543933 
0.533207 0.358519 2.49933 100000 0.0529132 
0.754253 0.206859 6.31334 100000 0.0503706 
0.726691 0.227064 5.56351 100000 0.0565166 
0.973072 0.0126367 131.665 100000 0.0493249 
0.726768 0.227052 5.56351 100000 0.0563224 
0.351714 0.428766 1.35245 100000 0.078001 
0.240408 0.448083 1.0697 100000 0.217475 
0.973152 0.0120911 137.675 100000 0.0493249 
0.597727 0.319755 3.19489 100000 0.0543933 
0.936061 0.0521283 30.7375 100000 0.0543933 
0.598564 0.319595 3.19489 100000 0.0526997 
0.664289 0.276405 4.11464 100000 0.0461308 
0.557673 0.341423 2.82153 100000 0.0692397 
0.368621 0.424459 1.35245 100000 0.0441267 
0.343586 0.429393 1.23126 100000 0.0440411 
0.730815 0.226434 5.56351 100000 0.0461308 
0.352098 0.428674 1.35245 100000 0.0771956 
0.667027 0.272385 4.22974 100000 0.0543933 
0.36235 0.426118 1.35245 100000 0.0563224 
0.753389 0.206983 6.31334 100000 0.0526997 
0.540664 0.355623 2.53556 100000 0.0461308 
0.271482 0.441752 1.02423 100000 0.0996844 
0.396559 0.416803 1.55378 100000 0.0631435 
0.752762 0.207073 6.31334 100000 0.0543933 
0.600089 0.319302 3.19489 100000 0.0496217 
0.364081 0.425667 1.35245 100000 0.0529132 
0.565112 0.339963 2.82153 100000 0.0543933 
0.401795 0.415545 1.55294 100000 0.0526997 
0.731308 0.226358 5.56351 100000 0.0448956 
0.429665 0.406581 1.69636 100000 0.0461308 
0.88906 0.0924245 16.6143 100000 0.0609555 
0.448569 0.39949 1.81589 100000 0.0461308 
0.958649 0.0311905 52.4402 100000 0.0526997 
0.598564 0.319595 3.19489 100000 0.0526997 
0.598564 0.319595 3.19489 100000 0.0526997 
0.725011 0.230956 5.40912 100000 0.0461308 
0.97248 0.0142837 116.34 100000 0.0524346 
0.84864 0.129552 11.2911 100000 0.0461308 
0.570389 0.3389 2.82153 100000 0.0440965 
0.959093 0.0311685 52.4402 100000 0.0461308 
0.36235 0.426118 1.35245 100000 0.0563224 
0.754641 0.206803 6.31334 100000 0.0493249 
0.958534 0.0311961 52.4402 100000 0.0543933 
0.425281 0.407632 1.69636 100000 0.0543933 
0.725858 0.230824 5.40912 100000 0.0440411 
0.919659 0.0664926 23.7454 100000 0.0563224 
0.449666 0.39923 1.81589 100000 0.0440965 
0.363327 0.425864 1.35245 100000 0.0543933 
0.4354 0.404052 1.75299 100000 0.0524661 
0.753389 0.206983 6.31334 100000 0.0526997 
0.704121 0.24699 4.90374 100000 0.0461308 
0.540664 0.355623 2.53556 100000 0.0461308 
0.958403 0.0312026 52.4402 100000 0.0563224 
0.729541 0.22663 5.56351 100000 0.0493249 
0.728201 0.226834 5.56351 100000 0.0526997 
0.937203 0.0520575 30.7375 100000 0.0440965 
0.448569 0.39949 1.81589 100000 0.0461308 
0.728116 0.226847 5.56351 100000 0.0529132 
0.752762 0.207073 6.31334 100000 0.0543933 
0.395482 0.417239 1.53909 100000 0.0601534 
0.754641 0.206803 6.31334 100000 0.0493249 
0.421637 0.408485 1.69636 100000 0.0613918 
0.767783 0.196858 6.73699 100000 0.0467366 
0.425281 0.407632 1.69636 100000 0.0543933 
0.969789 0.0174628 95.106 100000 0.0783601 
0.296992 0.440213 1.23126 100000 0.149273 
0.829849 0.14416 9.96876 100000 0.0529132 
0.320916 0.43486 1.2033 100000 0.0783601 
0.602847 0.318768 3.19489 100000 0.0440965 
0.958403 0.0312026 52.4402 100000 0.0563224 
0.973032 0.0134211 123.826 100000 0.0440411 
0.365921 0.425182 1.35245 100000 0.0493249 
0.969789 0.0174628 95.106 100000 0.0783601 
0.893535 0.0882784 17.4839 100000 0.0631435 
0.36419 0.425638 1.35245 100000 0.0526997 
0.538989 0.355974 2.53556 100000 0.0493249 
0.333178 0.431603 1.2033 100000 0.0526997 
0.7122 0.239184 5.15562 100000 0.0526997 
0.704121 0.24699 4.90374 100000 0.0461308 
0.678393 0.265373 4.39887 100000 0.0493249 
0.429665 0.406581 1.69636 100000 0.0461308 
0.667027 0.272385 4.22974 100000 0.0543933 
0.426322 0.406854 1.72193 100000 0.0603393 
0.767783 0.196858 6.73699 100000 0.0467366 
0.600089 0.319302 3.19489 100000 0.0496217 
0.478747 0.38634 2.03788 100000 0.0496217 
0.730815 0.226434 5.56351 100000 0.0461308 
0.553199 0.342278 2.82153 100000 0.0783601 
0.71347 0.238983 5.15562 100000 0.0496217 
0.615461 0.310086 3.37022 100000 0.0461308 
0.9672 0.0220072 74.987 100000 0.0543933 
0.667027 0.272385 4.22974 100000 0.0543933 
0.726291 0.227125 5.56351 100000 0.0575292 
0.973032 0.0134211 123.826 100000 0.0440411 
0.730815 0.226434 5.56351 100000 0.0461308 
0.667691 0.272271 4.22974 100000 0.0529132 
0.541765 0.355391 2.53556 100000 0.0440411 
0.240408 0.448083 1.0697 100000 0.217475 
0.360023 0.426715 1.35245 100000 0.0609555 
0.333072 0.431633 1.2033 100000 0.0529132 
0.671704 0.271576 4.22974 100000 0.0440411 
0.967788 0.0209527 78.8882 100000 0.0609555 
0.958634 0.0311912 52.4402 100000 0.0529132 
0.95753 0.0312453 52.4402 100000 0.0692397 
0.395072 0.417338 1.53909 100000 0.0609555 
0.758871 0.203415 6.45518 100000 0.0493249 
0.448569 0.39949 1.81589 100000 0.0461308 
0.753389 0.206983 6.31334 100000 0.0526997 
0.754641 0.206803 6.31334 100000 0.0493249 
0.728201 0.226834 5.56351 100000 0.0526997 
0.553199 0.342278 2.82153 100000 0.0783601 
0.53508 0.358128 2.49933 100000 0.0493249 
0.533207 0.358519 2.49933 100000 0.0529132 
0.421862 0.408433 1.69636 100000 0.0609555 
0.405408 0.414637 1.55378 100000 0.0461308 
0.371938 0.42376 1.43545 100000 0.0692397 
0.970703 0.0174256 95.106 100000 0.0543933 
0.446858 0.399892 1.81589 100000 0.0493249 
0.399224 0.416325 1.53909 100000 0.0529132 
0.594238 0.323101 3.12159 100000 0.0493249 
0.36419 0.425638 1.35245 100000 0.0526997 
0.3391 0.430646 1.23126 100000 0.0529132 
0.75583 0.206632 6.31334 100000 0.0461308 
0.961324 0.0286974 57.1121 100000 0.0493249 
0.309552 0.437818 1.23126 100000 0.117788 
0.526299 0.359935 2.49933 100000 0.0663725 
0.730815 0.226434 5.56351 100000 0.0461308 
0.364081 0.425667 1.35245 100000 0.0529132 
0.553199 0.342278 2.82153 100000 0.0783601 
0.565973 0.339791 2.82153 100000 0.0526997 
0.41404 0.411183 1.64901 100000 0.0609555 
0.753389 0.206983 6.31334 100000 0.0526997 
0.667027 0.272385 4.22974 100000 0.0543933 
0.715768 0.232375 5.40912 100000 0.0692397 
0.754641 0.206803 6.31334 100000 0.0493249 
0.363327 0.425864 1.35245 100000 0.0543933 
0.669174 0.272015 4.22974 100000 0.0496217 
0.389146 0.418736 1.53909 100000 0.0727293 
0.36235 0.426118 1.35245 100000 0.0563224 
0.360023 0.426715 1.35245 100000 0.0609555 
0.937203 0.0520575 30.7375 100000 0.0440965 
0.442939 0.401166 1.80118 100000 0.0524458 
0.715768 0.232375 5.40912 100000 0.0692397 
0.598564 0.319595 3.19489 100000 0.0526997 
0.43691 0.403695 1.75299 100000 0.0496217 
0.860686 0.119594 12.3826 100000 0.0440411 
0.753389 0.206983 6.31334 100000 0.0526997 
0.533207 0.358519 2.49933 100000 0.0529132 
0.608256 0.313266 3.31919 100000 0.0529132 
0.368621 0.424459 1.35245 100000 0.0441267 
0.702766 0.24721 4.90374 100000 0.0493249 
0.872936 0.108993 13.7675 100000 0.0440411 
0.731628 0.226309 5.56351 100000 0.0440965 
0.958403 0.0312026 52.4402 100000 0.0563224 
0.726291 0.227125 5.56351 100000 0.0575292 
0.383716 0.420807 1.43545 100000 0.0461308 
0.657557 0.277575 4.11464 100000 0.0609555 
0.958403 0.0312026 52.4402 100000 0.0563224 
0.753389 0.206983 6.31334 100000 0.0526997 
0.532439 0.358679 2.49933 100000 0.0543933 
0.334861 0.431131 1.2033 100000 0.0493249 
0.405408 0.414637 1.55378 100000 0.0461308 
0.368621 0.424459 1.35245 100000 0.0441267 
0.958877 0.0311792 52.4402 100000 0.0493249 
0.526299 0.359935 2.49933 100000 0.0663725 
0.958649 0.0311905 52.4402 100000 0.0526997 
0.97297 0.0134234 123.826 100000 0.0461308 
0.301613 0.439184 1.19317 100000 0.117788 
0.671665 0.271583 4.22974 100000 0.0441267 
0.754641 0.206803 6.31334 100000 0.0493249 
0.802129 0.165544 8.44343 100000 0.0609555 
0.615461 0.310086 3.37022 100000 0.0461308 
0.965906 0.0235902 69.8395 100000 0.0526997 
0.919659 0.0664926 23.7454 100000 0.0563224 
0.919659 0.0664926 23.7454 100000 0.0563224 
0.333072 0.431633 1.2033 100000 0.0529132 
0.444598 0.400778 1.80118 100000 0.0493249 
0.320916 0.43486 1.2033 100000 0.0783601 
0.959093 0.0311685 52.4402 100000 0.0461308 
0.860686 0.119594 12.3826 100000 0.0440411 
0.581194 0.331256 2.9694 100000 0.0493249 
0.36419 0.425638 1.35245 100000 0.0526997 
0.435277 0.404081 1.75299 100000 0.0526997 
0.301801 0.43909 1.18818 100000 0.114776 
0.958667 0.0311896 52.4402 100000 0.0524346 
0.602832 0.318771 3.19489 100000 0.0441267 
0.802129 0.165544 8.44343 100000 0.0609555 
0.570389 0.3389 2.82153 100000 0.0440965 
0.72753 0.226937 5.56351 100000 0.0543933 
0.789559 0.175848 7.8291 100000 0.0609555 
0.919659 0.0664926 23.7454 100000 0.0563224 
0.72753 0.226937 5.56351 100000 0.0543933 
0.728116 0.226847 5.56351 100000 0.0529132 
0.729541 0.22663 5.56351 100000 0.0493249 
0.827837 0.146585 9.76227 100000 0.0493249 
0.728116 0.226847 5.56351 100000 0.0529132 
0.393957 0.417605 1.53909 100000 0.0631435 
0.9503 0.0397223 40.8023 100000 0.0461308 
0.669308 0.271992 4.22974 100000 0.0493249 
0.919927 0.0664738 23.7454 100000 0.0543933 
0.399224 0.416325 1.53909 100000 0.0529132 
0.301611 0.439184 1.19317 100000 0.117794 
0.958403 0.0312026 52.4402 100000 0.0563224 
0.953321 0.0366079 44.4274 100000 0.0493249 
0.959231 0.0311617 52.4402 100000 0.0440965 
0.729541 0.22663 5.56351 100000 0.0493249 
0.598458 0.319615 3.19489 100000 0.0529132 
0.426172 0.40742 1.69636 100000 0.0526997 
0.565973 0.339791 2.82153 100000 0.0526997 
0.395072 0.417338 1.53909 100000 0.0609555 
0.526299 0.359935 2.49933 100000 0.0663725 
0.301611 0.439184 1.19317 100000 0.117794 
0.883388 0.0960639 15.9432 100000 0.0691446 
0.425281 0.407632 1.69636 100000 0.0543933 
0.847668 0.130382 11.207 100000 0.0461308 
0.364325 0.425603 1.35245 100000 0.0524346 
0.958403 0.0312026 52.4402 100000 0.0563224 
0.818531 0.151143 9.44788 100000 0.0650583 
0.598564 0.319595 3.19489 100000 0.0526997 
0.360033 0.426713 1.35245 100000 0.0609363 
0.958132 0.0312159 52.4402 100000 0.0603393 
0.726768 0.227052 5.56351 100000 0.0563224 
0.448569 0.39949 1.81589 100000 0.0461308 
0.728116 0.226847 5.56351 100000 0.0529132 
0.972471 0.014284 116.34 100000 0.0526997 
0.669308 0.271992 4.22974 100000 0.0493249 
0.448569 0.39949 1.81589 100000 0.0461308 
0.714916 0.238753 5.15562 100000 0.0461308 
0.729541 0.22663 5.56351 100000 0.0493249 
0.670754 0.271741 4.22974 100000 0.0461308 
0.664289 0.276405 4.11464 100000 0.0461308 
0.360033 0.426713 1.35245 100000 0.0609363 
0.751018 0.210479 6.15733 100000 0.0461308 
0.332421 0.432989 1.35245 100000 0.120866 
0.395082 0.417335 1.53909 100000 0.0609363 
0.965893 0.0239759 68.6457 100000 0.0461308 
0.53508 0.358128 2.49933 100000 0.0493249 
0.72753 0.226937 5.56351 100000 0.0543933 
0.368621 0.424459 1.35245 100000 0.0441267 
0.75331 0.206995 6.31334 100000 0.0529132 
0.730815 0.226434 5.56351 100000 0.0461308 
0.672773 0.268585 4.3229 100000 0.0529132 
0.804615 0.165238 8.44343 100000 0.0529132 
0.671679 0.27158 4.22974 100000 0.0440965 
0.726768 0.227052 5.56351 100000 0.0563224 
0.253405 0.446559 1.0697 100000 0.176519 
0.56738 0.339509 2.82153 100000 0.0499439 
0.36235 0.426118 1.35245 100000 0.0563224 
0.729541 0.22663 5.56351 100000 0.0493249 
0.973248 0.0119417 139.379 100000 0.0461308 
0.56738 0.339509 2.82153 100000 0.0499439 
0.958835 0.0311813 52.4402 100000 0.0499439 
0.731628 0.226309 5.56351 100000 0.0440965 
0.958091 0.0312179 52.4402 100000 0.0609363 
0.464483 0.389427 2.03788 100000 0.0771956 
0.365768 0.425222 1.35245 100000 0.0496217 
0.364325 0.425603 1.35245 100000 0.0524346 
0.827542 0.146619 9.76227 100000 0.0503706 
0.26065 0.44519 1.19317 100000 0.23311 
0.75331 0.206995 6.31334 100000 0.0529132 
0.368621 0.424459 1.35245 100000 0.0441267 
0.402795 0.415433 1.53909 100000 0.0461308 
0.333178 0.431603 1.2033 100000 0.0526997 
0.553199 0.342278 2.82153 100000 0.0783601 
0.973152 0.0120911 137.675 100000 0.0493249 
0.327685 0.4339 1.35245 100000 0.13216 
0.728201 0.226834 5.56351 100000 0.0526997 
0.446309 0.400374 1.80118 100000 0.0461308 
0.729541 0.22663 5.56351 100000 0.0493249 
0.958091 0.0312179 52.4402 100000 0.0609363 
0.502444 0.374396 2.24037 100000 0.0543933 
0.669308 0.271992 4.22974 100000 0.0493249 
0.503222 0.374228 2.24037 100000 0.0529132 
0.475201 0.387129 2.03788 100000 0.0563224 
0.328076 0.432998 1.2033 100000 0.0631435 
0.972168 0.0154126 107.648 100000 0.0461308 
0.399336 0.416297 1.53909 100000 0.0526997 
0.448569 0.39949 1.81589 100000 0.0461308 
0.932801 0.0551954 28.9319 100000 0.0529132 
0.43691 0.403695 1.75299 100000 0.0496217 
0.430758 0.406315 1.69636 100000 0.0440965 
0.36235 0.426118 1.35245 100000 0.0563224 
0.753389 0.206983 6.31334 100000 0.0526997 
0.598564 0.319595 3.19489 100000 0.0526997 
0.729295 0.226667 5.56351 100000 0.0499439 
0.958649 0.0311905 52.4402 100000 0.0526997 
0.951276 0.0367148 44.4274 100000 0.0752215 
0.399224 0.416325 1.53909 100000 0.0529132 
0.600237 0.319273 3.19489 100000 0.0493249 
0.449234 0.399332 1.81589 100000 0.0448956 
0.958091 0.0312179 52.4402 100000 0.0609363 
0.569338 0.339114 2.82153 100000 0.0461308 
0.959231 0.0311617 52.4402 100000 0.0440965 
0.678393 0.265373 4.39887 100000 0.0493249 
0.72753 0.226937 5.56351 100000 0.0543933 
0.448569 0.39949 1.81589 100000 0.0461308 
0.729423 0.226648 5.56351 100000 0.0496217 
0.958534 0.0311961 52.4402 100000 0.0543933 
0.615461 0.310086 3.37022 100000 0.0461308 
0.954682 0.035226 46.2387 100000 0.0503706 
0.598564 0.319595 3.19489 100000 0.0526997 
0.403878 0.415158 1.53909 100000 0.0440965 
0.598458 0.319615 3.19489 100000 0.0529132 
0.397685 0.416534 1.55378 100000 0.0609363 
0.446858 0.399892 1.81589 100000 0.0493249 
0.706847 0.24492 4.96558 100000 0.0461308 
0.807359 0.164898 8.44343 100000 0.0440965 
0.553374 0.342245 2.82153 100000 0.078001 
0.226271 0.449198 1.02423 100000 0.23311 
0.352098 0.428674 1.35245 100000 0.0771956 
0.804682 0.16523 8.44343 100000 0.0526997 
0.600237 0.319273 3.19489 100000 0.0493249 
0.448569 0.39949 1.81589 100000 0.0461308 
0.75661 0.206519 6.31334 100000 0.0440411 
0.973032 0.0134211 123.826 100000 0.0440411 
