0.999945 0.540896 0.490936 1.14922 100000 0.0514165 0.139579 0.0469022 100000 0.100515 0.0515217 100000 100000 37.3455 111.867 100000 0.0547906 651.567 396.486 0.0594329 0.0629922 0.113357 7.90917 
0.999945 0.54106 1.23784 0.115092 100000 0.0478439 0.139579 0.0469022 1.76466 379.743 0.0515217 100000 100000 7.85291 0.11232 100000 0.0547906 651.567 4.45559 0.0594329 0.0629922 0.113357 0.145303 
0.999941 0.55313 100000 0.115092 100000 0.0478439 0.818533 0.0469022 1.76466 100000 0.0515217 100000 100000 0.946167 100000 100000 0.51136 100000 0.280971 0.0594329 0.0871601 100000 3.23529 
0.999955 0.499181 100000 1.78482 0.055079 0.091956 0.553984 100000 4.51978 0.165961 100000 0.0610624 100000 6.93097 100000 0.32405 0.0501991 1.58862 100000 100000 0.990972 0.243699 0.150489 
0.999955 0.499178 100000 0.483689 0.055079 0.091956 0.553984 100000 4.51978 100000 100000 0.0610624 100000 6.93097 100000 0.32405 0.0547906 1.58862 100000 100000 0.990972 1.94144 0.150489 
0.999945 0.550101 0.490936 1.14922 100000 0.0514165 0.553984 0.0469022 100000 0.100515 0.0515217 100000 100000 37.3455 111.867 100000 0.0547906 18.9397 100000 0.0594329 0.085141 190.662 7.90917 
0.999953 0.524448 848.14 1.14922 0.055079 0.091956 0.553984 100000 100000 100000 100000 0.233233 100000 6.93097 3.38106 0.0506862 0.0501991 0.0833536 100000 100000 0.0629922 0.243699 100000 
0.999955 0.514528 100000 1.78482 0.055079 0.091956 0.553984 100000 4.51978 0.165961 100000 0.0508668 100000 0.39363 0.108885 0.0506862 0.0501991 1.58862 100000 100000 100000 100000 0.189743 
0.999945 0.540896 0.490936 1.14922 100000 0.0514165 0.139579 0.0469022 100000 0.100515 0.0515217 100000 100000 7.85291 0.11232 100000 0.0547906 100000 4.45559 0.0594329 410.377 0.113357 0.145303 
0.999955 0.0257865 100000 100000 0.055079 0.091956 0.553984 100000 0.0526124 0.166531 100000 0.0490635 100000 0.199072 100000 122.014 0.0547906 969.256 0.280971 100000 100000 0.84773 3.23529 
0.999951 0.532233 61.675 1.14922 0.055079 0.091956 0.553984 100000 100000 100000 100000 0.450982 100000 11.4339 3.38106 0.0506862 0.0501991 100000 100000 100000 100000 100000 53.1185 
0.999955 0.52244 100000 100000 0.055079 0.091956 1.77957 100000 4.51978 0.165961 100000 0.0508668 100000 0.39363 3.38106 0.0506862 0.0501991 0.0833536 100000 100000 100000 100000 0.150489 
0.999955 0.488985 100000 0.115092 0.055079 0.10181 0.139579 100000 4.51978 100000 100000 0.0864292 100000 100000 3.7281 0.32405 0.0501991 1.58862 268.64 100000 3.80043 0.243699 100000 
0.999952 0.527499 100000 1.14922 0.055079 0.269153 0.553984 100000 4.51978 2.90787 100000 0.233233 100000 6.93097 3.38106 0.0506862 0.0501991 100000 100000 100000 0.0629922 0.243699 0.150489 
0.999955 0.488732 747.766 0.115092 0.055079 0.0546662 6.64583 100000 0.0995292 100000 100000 0.123714 100000 0.39363 0.0542151 0.32405 0.0501991 132.434 4.01796 100000 14.934 0.0721823 6.33484 
0.999955 0.510418 12.5834 1.78482 0.055079 0.091956 0.553984 100000 100000 100000 100000 0.0610624 100000 100000 416.879 0.134614 0.0501991 100000 100000 100000 0.990972 0.418555 0.150489 
0.999955 0.499181 100000 1.78482 0.055079 0.091956 0.553984 100000 4.51978 0.165961 100000 0.0610624 100000 6.93097 100000 0.32405 0.0501991 1.58862 3.84668 100000 0.990972 1.94144 100000 
0.999955 0.487176 100000 0.115092 0.055079 0.091956 0.139579 100000 4.51978 100000 100000 0.0610624 100000 100000 3.7281 0.32405 0.0501991 1.58862 100000 100000 3.80043 0.243699 0.150489 
0.999955 0.223647 135.147 100000 0.055079 0.091956 0.290492 100000 4.51978 0.165961 100000 0.0490635 100000 6.93097 1.87434 8.46952 0.0501991 0.899793 100000 100000 100000 100000 0.189743 
0.999955 0.498426 100000 100000 0.055079 0.091956 0.553984 100000 4.51978 0.165961 100000 0.0490635 100000 156.304 1.87434 0.32405 0.0501991 0.899793 100000 100000 0.990972 1.94144 0.0632769 
0.999951 0.532233 61.675 100000 0.055079 0.091956 0.553984 100000 4.51978 100000 100000 0.450982 100000 0.199072 3.38106 0.0506862 0.0501991 100000 100000 100000 190.303 0.84773 3.23529 
0.999955 0.513395 100000 100000 0.055079 0.0642037 0.553984 100000 0.0526124 0.103969 100000 0.0508668 100000 0.199072 100000 0.0506862 0.0547906 100000 0.280971 100000 100000 0.84773 0.150489 
0.999955 0.514528 100000 100000 0.055079 0.091956 0.553984 100000 0.825741 0.165961 100000 0.0508668 100000 0.39363 3.38106 0.0506862 0.0501991 160.852 0.690493 100000 0.990972 100000 0.150489 
0.999955 0.48862 747.766 0.115092 0.055079 0.0478439 6.64583 100000 0.0995292 0.0512034 100000 0.123714 100000 1.78117 0.0542151 0.32405 0.0501991 100000 100000 100000 14.934 0.243699 6.33484 
0.999955 0.514528 100000 1.78482 0.055079 0.091956 0.553984 100000 4.51978 0.165961 100000 0.0508668 100000 0.39363 0.108885 0.0506862 0.0501991 1.58862 100000 100000 100000 100000 0.189743 
0.999955 0.49707 100000 0.353039 0.0852269 0.091956 0.553984 100000 4.51978 0.165961 100000 0.0610624 100000 6.93097 8.50797 0.32405 0.0501991 3.36559 3.84668 100000 100000 1.94144 100000 
0.999956 0.512634 1.26363 228.937 0.055079 0.0478439 0.553984 100000 0.0526124 0.103969 100000 0.0508668 100000 6.93097 100000 0.0506862 0.0501991 37.1399 0.280971 100000 100000 100000 0.150489 
0.999955 0.484299 100000 0.483689 0.055079 0.091956 0.0940943 100000 2.1104 100000 100000 0.0479677 100000 100000 100000 0.32405 0.0547906 1.58862 4.45559 100000 0.990972 100000 6.87222 
0.999955 0.499181 100000 0.0488072 0.055079 0.091956 0.553984 100000 4.51978 189.752 100000 0.0610624 100000 6.93097 3.38106 0.32405 0.0501991 1.17746 100000 100000 100000 0.243699 0.22356 
0.999955 0.499181 100000 1.78482 0.055079 0.091956 0.553984 100000 4.51978 0.165961 100000 0.0610624 100000 4.39095 156.399 0.32405 0.0501991 1.58862 100000 100000 100000 1.94144 0.416768 
0.999955 0.52244 1.26363 100000 0.055079 0.091956 1.77957 100000 776.864 0.0533542 100000 0.0508668 100000 6.93097 3.38106 0.0506862 0.0501991 0.0833536 100000 100000 100000 100000 0.150489 
0.999956 0.512812 100000 100000 0.055079 0.0478439 0.553984 100000 4.51978 0.103969 100000 0.0490635 100000 0.159658 100000 0.0453296 0.0547906 100000 100000 100000 0.990972 0.84773 4.62657 
0.999955 0.487176 100000 1.78482 0.055079 0.091956 0.139579 100000 393.78 0.165961 100000 0.0610624 100000 100000 3.7281 0.32405 0.0501991 1.58862 100000 100000 100000 24.6019 100000 
0.999956 0.513303 100000 0.353039 0.055079 0.0478439 0.553984 100000 4.51978 0.165961 100000 0.0610624 100000 6.93097 8.50797 0.0506862 0.0501991 3.36559 3.84668 100000 100000 0.0721823 0.150489 
0.999955 0.498538 100000 100000 0.055079 0.091956 0.553984 100000 4.51978 0.103969 100000 0.0508668 100000 0.199072 1.87434 0.32405 0.0547906 0.899793 100000 100000 10.9106 1.94144 0.150489 
0.999956 0.503173 1.26363 176.024 0.055079 0.0478439 0.553984 100000 0.0857333 0.165961 100000 0.0610624 100000 6.93097 100000 0.225997 0.0501991 1.58862 100000 100000 3.69794 100000 100000 
0.999955 0.0257926 100000 100000 0.055079 0.091956 0.553984 100000 0.0526124 0.166531 100000 0.0508668 100000 0.39363 100000 122.014 0.0501991 969.256 100000 100000 100000 100000 0.853172 
0.999955 0.502539 100000 100000 0.055079 0.091956 0.139579 100000 4.51978 0.191317 100000 0.0508668 100000 0.647363 3.38106 0.0506862 0.0501991 0.0833536 100000 100000 100000 0.243699 0.150489 
0.999956 0.234069 100000 0.115092 0.055079 0.0478439 6.64583 100000 4.51978 0.0512034 100000 0.0490635 100000 1.78117 0.0542151 8.46952 0.0501991 0.899793 100000 100000 100000 0.243699 0.189743 
0.999955 0.487492 100000 100000 0.055079 0.091956 0.146839 100000 0.0807461 100000 100000 0.0610624 100000 6.93097 0.146487 0.32405 0.0547906 1.58862 100000 100000 11.4648 0.819278 100000 
0.999955 0.514528 100000 1.78482 0.055079 0.091956 0.553984 100000 4.51978 0.165961 100000 0.0508668 100000 6.93097 0.108885 0.0506862 0.0501991 1.58862 100000 100000 0.990972 0.243699 0.150489 
0.999955 0.522066 100000 100000 0.055079 0.091956 1.41889 100000 4.51978 100000 100000 0.0508668 100000 100000 3.38106 0.0506862 0.0501991 160.852 0.690493 100000 3.80043 0.418555 0.150489 
0.999956 0.0171597 1.26363 100000 0.055079 0.0478439 0.553984 100000 0.0526124 100000 100000 0.0508668 100000 6.93097 100000 185.492 0.0501991 37.1399 100000 100000 100000 100000 389.775 
0.999955 0.509646 100000 1.78482 0.055079 0.091956 0.553984 100000 100000 0.103969 100000 0.0490635 100000 0.159658 100000 0.134614 0.0501991 100000 100000 100000 0.990972 776.554 0.150489 
0.999956 0.506499 100000 0.115092 0.055079 0.0546662 1.77957 100000 4.51978 100000 100000 0.0610624 100000 0.064088 0.0542151 0.32405 0.0501991 132.434 100000 100000 149.34 0.0721823 6.33484 
0.999955 0.48447 100000 0.483689 0.055079 0.091956 0.0940943 100000 4.51978 100000 100000 0.0508668 100000 0.199072 1.87434 0.32405 0.0547906 0.899793 100000 100000 109.106 100000 6.87222 
0.999955 0.499181 100000 1.78482 0.055079 0.091956 0.553984 100000 0.825741 0.165961 100000 0.0610624 100000 0.39363 5.53005 0.32405 0.0501991 100000 0.690493 100000 0.990972 1.94144 0.0703169 
0.999955 0.223647 0.0476753 1.78482 0.055079 0.091956 0.290492 100000 4.51978 0.165961 100000 0.0490635 100000 6.93097 1.87434 8.46952 0.0501991 0.899793 100000 100000 100000 100000 0.416768 
0.999955 0.511988 100000 0.115092 0.055079 0.091956 0.553984 100000 100000 100000 100000 0.0864292 100000 100000 416.879 0.134614 0.0501991 0.0497486 100000 100000 0.990972 0.418555 0.150489 
0.999955 0.492804 100000 0.115092 0.055079 0.10181 0.280403 100000 4.51978 100000 100000 0.0610624 100000 6.93097 100000 0.32405 0.0501991 1.58862 4.01796 100000 100000 1.94144 100000 
0.999955 0.49854 100000 1.78482 0.055079 0.091956 0.553984 100000 4.51978 0.165961 100000 0.0508668 100000 0.39363 0.108885 0.32405 0.0501991 1.58862 100000 100000 100000 0.243699 0.150489 
0.999955 0.512502 100000 1.78482 0.055079 0.091956 4.22274 100000 4.51978 0.0533542 100000 0.0508668 100000 0.39363 0.108885 0.0506862 0.0501991 0.0833536 100000 100000 100000 100000 0.150489 
0.999956 0.496709 100000 0.483689 0.055079 0.0513987 0.553984 100000 4.51978 0.165961 100000 0.0490635 100000 6.93097 100000 0.32405 0.0501991 1.58862 100000 100000 0.0591056 0.0668994 0.189743 
0.999955 0.397154 177.371 100000 0.055079 0.091956 1.77957 100000 4.51978 0.103969 100000 0.0508668 100000 6.93097 1.87434 2.38906 0.0547906 0.0569359 100000 100000 10.9106 1.94144 0.150489 
0.999955 0.486468 0.399181 100000 0.055079 0.091956 0.139579 100000 4.51978 0.166531 100000 0.0490635 100000 0.199072 0.818663 0.32405 0.0501991 100000 100000 100000 100000 0.113357 0.150489 
0.999955 0.498426 100000 1.78482 0.055079 0.091956 0.553984 100000 4.51978 0.166531 100000 0.0490635 100000 1.24479 100000 0.32405 0.0501991 1.58862 3.84668 100000 0.990972 0.84773 3.23529 
0.999955 0.485063 100000 1.78482 0.055079 0.091956 0.0940943 100000 2.1104 100000 100000 0.0610624 100000 100000 100000 0.32405 0.0501991 1.58862 4.45559 100000 0.990972 0.418555 0.150489 
0.999945 0.540896 0.490936 0.115092 100000 0.0514165 0.139579 0.0469022 1.76466 0.100515 0.0515217 100000 100000 414.557 0.11232 100000 0.0547906 100000 100000 0.0594329 0.085141 0.113357 7.90917 
0.999955 0.498699 100000 100000 0.0471043 0.091956 0.553984 100000 4.51978 0.165961 100000 0.0447254 100000 0.39363 0.146487 0.32405 0.0501991 0.899793 100000 100000 100000 480.152 3.23529 
0.999955 0.0235133 100000 1.0745 0.055079 0.091956 0.553984 100000 776.864 106.789 100000 0.0508668 100000 0.199072 3.38106 134.423 0.0501991 0.899793 100000 100000 0.0629922 250.484 0.0627014 
0.999952 0.527378 100000 100000 0.055079 0.211466 0.553984 100000 0.229376 0.103969 100000 0.233233 100000 0.159658 3.38106 0.0453296 0.0547906 0.0833536 95.1891 100000 0.0629922 0.84773 100000 
0.999955 0.487176 1.26363 1.78482 0.055079 0.091956 0.139579 100000 100000 2.90787 100000 0.0610624 100000 160.389 100000 0.32405 0.0501991 1.58862 290.823 100000 100000 0.160136 453.744 
0.999955 0.514528 0.910316 0.12942 0.055079 0.091956 0.553984 100000 100000 0.223491 100000 0.0508668 100000 6.93097 3.38106 0.0506862 0.0501991 0.0833536 1.73161 100000 24.4005 0.243699 100000 
0.999956 0.499694 100000 0.353039 0.055079 0.0478439 0.110896 100000 270.728 100000 100000 0.0610624 100000 100000 0.324685 0.0546529 0.0501991 100000 0.0752602 100000 0.990972 0.0721823 0.22356 
0.999955 0.514528 100000 100000 0.055079 0.091956 0.553984 100000 0.825741 0.103969 100000 0.0508668 100000 0.39363 1.87434 0.0506862 0.0501991 100000 100000 100000 258.868 1.94144 0.150489 
0.999955 0.488978 100000 100000 0.055079 0.0546662 0.136845 100000 0.0995292 100000 100000 0.123714 100000 0.39363 3.38106 0.32405 0.0501991 100000 100000 100000 14.934 0.0721823 0.150489 
0.999955 0.487176 100000 1.78482 0.055079 0.091956 0.139579 100000 393.78 0.165961 100000 0.0610624 100000 100000 3.7281 0.32405 0.0501991 1.58862 100000 100000 100000 444.38 100000 
0.999945 0.538928 100000 0.115092 100000 0.091956 0.139579 0.0469022 100000 0.10821 0.0445654 100000 100000 0.946167 3.38106 100000 0.0501991 0.977427 100000 0.0594329 100000 100000 1.09497 
0.999955 0.522335 1.26363 1.78482 0.055079 0.091956 1.77957 100000 4.51978 0.0533542 100000 0.0508668 100000 6.93097 29.1473 0.0506862 0.0863198 0.0833536 4.01796 100000 4.7895 100000 0.150489 
0.999955 0.0257392 1.26363 176.024 0.055079 0.0478439 0.553984 100000 0.0857333 0.166531 100000 0.0610624 100000 0.100292 100000 122.014 0.0965715 969.256 100000 100000 111.335 100000 100000 
0.999956 0.513303 100000 0.115092 0.055079 0.0478439 0.553984 100000 4.51978 100000 100000 0.0610624 100000 6.93097 0.0542151 0.0506862 0.0501991 1.58862 100000 100000 149.34 0.0721823 6.33484 
0.999956 0.495549 1.26363 1.14922 0.055079 0.0478439 6.64583 100000 0.0857333 0.165961 100000 0.0610624 100000 6.93097 100000 0.0860515 0.0501991 0.0833536 0.227616 100000 3.69794 0.243699 100000 
0.999955 0.0172559 1.26363 156.223 0.055079 0.10181 0.553984 100000 0.0526124 100000 100000 0.0495125 100000 6.93097 3.7281 185.492 0.0501991 1.58862 268.64 100000 3.80043 100000 100000 
0.999953 0.527575 15.0927 1.78482 0.055079 0.091956 0.553984 100000 4.51978 0.0533542 100000 0.30885 100000 6.93097 3.38106 0.0506862 0.0501991 1.58862 10.79 100000 100000 100000 0.150489 
0.999955 0.487176 100000 0.115092 0.055079 0.091956 0.139579 100000 4.51978 100000 100000 0.0610624 100000 100000 3.7281 0.32405 0.0501991 3.36559 3.84668 100000 100000 1.94144 0.150489 
0.999955 0.501331 616.75 389.34 0.055079 0.0546662 0.553984 100000 5.44939 100000 100000 0.123714 100000 6.93097 0.0542151 0.32405 0.0501991 0.102956 100000 100000 149.34 0.243699 6.33484 
0.999956 0.16626 1.26363 100000 0.0609931 0.0478439 154.281 100000 0.116775 0.165961 100000 0.0508668 100000 6.93097 100000 0.454413 0.0501991 37.1399 100000 100000 100000 100000 100000 
0.999956 0.513303 616.75 0.0800123 0.055079 0.0478439 0.553984 100000 1.19995 0.165961 100000 0.0610624 100000 6.93097 3.38106 0.0506862 0.0501991 1.58862 100000 100000 100000 100000 100000 
0.999955 0.0210646 0.242642 0.115092 0.055079 0.091956 0.139579 100000 100000 2.90787 100000 0.0610624 100000 160.389 100000 144.895 0.0501991 0.426546 4.01796 100000 100000 0.160136 100000 
0.999955 0.498699 100000 103.738 0.0471043 0.091956 0.553984 100000 4.51978 0.165961 100000 0.0447254 100000 6.93097 0.0480155 0.32405 0.0501991 0.899793 100000 100000 100000 0.0721823 0.0680248 
0.999945 0.538855 100000 0.230248 0.055079 0.091956 0.76016 100000 100000 100000 100000 1.04017 100000 1.0093 100000 0.134614 0.0501991 1.58862 100000 100000 0.990972 0.418555 0.150489 
0.999955 0.487492 100000 111.08 0.055079 0.091956 0.146839 100000 0.0807461 100000 100000 0.0610624 100000 6.93097 0.146487 0.32405 0.0547906 1.58862 100000 100000 114.648 0.819278 100000 
0.999955 0.0205322 0.910316 0.12942 0.055079 0.091956 0.553984 100000 100000 0.223491 100000 0.0508668 100000 6.93097 3.38106 154.811 0.0501991 0.0833536 1.73161 100000 244.005 100000 0.167829 
0.999955 0.494607 0.0476753 0.115092 0.055079 0.10181 0.290492 100000 4.51978 0.165961 100000 0.0864292 100000 100000 0.468671 0.32405 0.0501991 1.58862 100000 100000 100000 0.243699 0.416768 
0.999956 0.512634 100000 1.78482 0.055079 0.0478439 0.553984 100000 4.51978 0.165961 100000 0.0508668 100000 0.39363 416.879 0.0506862 0.0501991 1.58862 100000 100000 100000 100000 0.22356 
0.999955 0.499178 100000 1.78482 0.055079 0.091956 0.553984 100000 0.825741 0.612527 100000 0.0610624 100000 6.93097 5.53005 0.32405 0.0547906 100000 0.690493 100000 0.990972 1.94144 0.150489 
0.999956 0.226535 100000 100000 0.055079 0.0478439 0.553984 100000 4.51978 454.274 100000 0.0490635 100000 6.93097 3.38106 8.46952 0.0501991 0.899793 100000 100000 100000 100000 2.18292 
0.999955 0.514528 100000 100000 0.055079 0.091956 0.553984 100000 4.51978 0.165961 100000 0.0508668 100000 0.199834 3.38106 0.0506862 0.0501991 1.58862 100000 100000 0.234626 100000 0.189743 
0.999951 0.532381 0.910316 100000 0.055079 0.091956 0.553984 100000 0.705452 0.223491 100000 0.456322 100000 100000 434.251 0.0506862 0.0501991 0.899793 1.73161 100000 0.990972 0.243699 0.0632769 
0.999955 0.514528 100000 0.072548 0.055079 0.091956 0.553984 100000 4.51978 0.165961 100000 0.0508668 100000 6.93097 15.9366 0.0506862 0.0501991 494.346 0.690493 100000 0.990972 1.94144 3.62722 
0.999955 0.512411 100000 0.483689 0.055079 0.091956 4.22274 100000 4.51978 0.165961 100000 0.0490635 100000 6.93097 0.108885 0.0506862 0.0501991 1.58862 100000 100000 0.0591056 0.0668994 0.189743 
0.999955 0.387921 177.371 100000 0.055079 0.091956 0.553984 100000 4.51978 0.165961 100000 0.0508668 100000 6.93097 8.50797 2.38906 0.0501991 0.0569359 3.84668 100000 10.9106 1.94144 0.150489 
0.999955 0.498699 100000 0.353039 0.0471043 0.091956 0.553984 100000 4.51978 0.165961 100000 0.0447254 100000 0.39363 8.50797 0.32405 0.0501991 0.899793 100000 100000 100000 480.152 0.150489 
0.999956 0.234076 100000 0.115092 0.055079 0.0478439 6.64583 100000 0.386752 100000 100000 0.0490635 100000 152.954 0.0542151 8.46952 0.0547906 1.58862 100000 100000 114.648 0.819278 100000 
0.999956 0.510905 100000 100000 0.055079 0.0478439 0.553984 100000 0.0526124 0.165961 100000 0.0508668 100000 100000 1.87434 0.0815525 0.0501991 0.899793 0.280971 100000 100000 1.94144 0.150489 
0.999956 0.195046 100000 0.115092 0.055079 0.0546662 0.553984 100000 4.51978 0.103969 100000 0.0610624 100000 0.199072 0.047463 10.8643 0.0501991 0.899793 100000 100000 149.34 1.94144 0.150489 
0.999956 0.497627 100000 0.115092 0.055079 0.0546662 0.553984 100000 4.51978 0.165961 100000 0.0610624 100000 100000 100000 0.32405 0.0501991 132.434 100000 100000 100000 0.113357 6.33484 
0.999956 0.513303 100000 3.49814 0.055079 0.0478439 0.553984 100000 4.51978 0.103969 100000 0.0610624 100000 100000 100000 0.0506862 0.0501991 1.58862 0.280971 100000 0.221802 0.243699 0.150489 
0.999955 0.0138367 100000 100000 0.055079 0.091956 0.0940943 100000 0.0526124 0.166531 100000 0.0490635 100000 1.24479 100000 221.549 0.0501991 0.0833536 100000 100000 0.990972 0.243699 3.23529 
0.999956 0.234069 100000 0.115092 0.055079 0.0478439 6.64583 100000 0.675618 0.0512034 100000 0.0490635 100000 1.78117 8.50797 8.46952 0.0501991 0.899793 100000 100000 100000 0.0721823 0.150489 
0.999955 0.49854 100000 1.78482 0.055079 0.091956 0.553984 100000 4.51978 0.165961 100000 0.0508668 100000 0.39363 0.108885 0.32405 0.0501991 1.58862 100000 100000 100000 0.0668994 0.189743 
0.999955 0.223647 100000 1.78482 0.055079 0.091956 0.290492 100000 100000 0.165961 100000 0.0490635 100000 0.0519717 1.87434 8.46952 0.0501991 1.58862 100000 100000 100000 100000 100000 
0.999956 0.506499 100000 0.115092 0.055079 0.0546662 1.77957 100000 100000 100000 100000 0.0610624 100000 0.064088 416.879 0.32405 0.0501991 100000 100000 100000 0.990972 0.418555 6.33484 
0.999955 0.514528 100000 228.937 0.055079 0.091956 0.553984 100000 0.825741 0.103969 100000 0.0508668 100000 6.93097 1.87434 0.0506862 0.0501991 371.399 100000 100000 100000 100000 0.150489 
0.999955 0.0501495 100000 0.0488072 0.055079 0.091956 0.553984 100000 4.51978 189.752 100000 0.0610624 100000 1.24479 100000 59.9583 0.0501991 1.58862 100000 100000 0.990972 0.84773 0.422703 
0.999955 0.487176 100000 0.353039 0.055079 0.091956 0.139579 100000 393.78 0.165961 100000 0.0610624 100000 100000 3.7281 0.32405 0.0501991 3.36559 3.84668 100000 100000 1.94144 100000 
0.999955 0.52244 100000 100000 0.055079 0.091956 1.77957 100000 4.51978 0.165961 100000 0.0508668 100000 6.93097 102.7 0.0506862 0.0501991 1.58862 100000 100000 100000 0.243699 0.150489 
0.999955 0.515723 100000 88.5138 0.055079 0.10181 0.553984 100000 1.19995 0.165961 100000 0.0639287 100000 6.93097 3.7281 0.0506862 0.0501991 1.58862 0.125475 100000 3.80043 100000 100000 
0.999955 0.515404 0.910316 0.12942 0.0440837 0.091956 0.553984 100000 4.51978 0.223491 100000 0.0519488 100000 6.93097 185.857 0.0506862 0.0501991 0.0833536 4.45559 100000 100000 0.243699 3.54595 
0.999955 0.515187 50.9438 1.78482 0.055079 0.091956 0.553984 100000 100000 100000 100000 0.0610624 100000 100000 416.879 0.0506862 0.0501991 100000 10.79 100000 1.06004 0.418555 0.150489 
0.999955 0.223647 0.0476753 1.14922 0.055079 0.091956 0.290492 100000 4.51978 100000 100000 0.0490635 100000 11.4339 100000 8.46952 0.0501991 8.90153 100000 100000 100000 100000 0.416768 
0.999955 0.0238156 100000 100000 0.055079 0.0642037 0.553984 100000 0.0526124 0.103969 100000 0.0508668 100000 100000 100000 132.241 0.0547906 0.899793 1.42779 100000 2.14928 1.94144 0.150489 
0.999956 0.520626 100000 100000 0.055079 0.0478439 1.77957 100000 4.51978 2.90787 100000 0.0508668 100000 0.39363 3.38106 0.0506862 0.0501991 0.0833536 100000 100000 100000 100000 0.150489 
0.999945 0.537797 100000 1.14922 0.055079 0.0478439 0.553984 100000 100000 100000 100000 1.11781 100000 6.93097 3.38106 0.0791483 0.0501991 0.0833536 100000 100000 111.335 100000 100000 
0.999955 0.510418 125.834 1.78482 0.055079 0.091956 0.553984 100000 100000 2.90787 100000 0.0610624 100000 2.89676 8.50797 0.134614 0.0501991 1.58862 100000 100000 0.990972 100000 0.150489 
0.999955 0.0164286 1.26363 156.223 0.055079 0.091956 433.981 100000 0.0526124 100000 100000 0.0508668 100000 0.39363 100000 185.492 0.0501991 1.58862 50.7099 100000 100000 100000 0.853172 
0.999955 0.513189 1.26363 0.353039 0.055079 0.0478439 0.553984 100000 4.51978 273.246 100000 0.0610624 100000 6.93097 29.1473 0.0506862 0.0863198 1.17516 4.01796 100000 100000 0.666561 0.150489 
0.999955 0.49854 100000 100000 0.055079 0.091956 0.553984 100000 4.51978 2.90787 100000 0.0508668 100000 0.0647852 3.38106 0.32405 0.0501991 21.3947 100000 100000 100000 34.1037 0.150489 
0.999956 0.341281 100000 100000 0.055079 0.0546662 0.553984 100000 0.0995292 100000 100000 0.0490635 100000 2.65501 100000 3.54824 0.0547906 100000 100000 100000 149.34 0.0721823 4.62657 
0.999945 0.54316 616.75 0.230248 0.055079 0.091956 0.76016 100000 100000 100000 100000 1.04017 100000 11.4339 100000 0.0506862 0.0501991 100000 100000 100000 100000 100000 53.1185 
0.999955 0.516186 100000 0.0472472 0.055079 0.0478439 0.553984 100000 4.51978 2.90787 100000 0.123714 100000 117.279 8.77448 0.0672622 0.0501991 100000 100000 100000 149.34 0.243699 6.33484 
0.999955 0.500717 100000 100000 0.055079 0.091956 0.553984 100000 4.51978 100000 100000 0.0864292 100000 100000 1.87434 0.32405 0.0501991 0.899793 100000 100000 3.80043 0.243699 100000 
0.999945 0.540896 0.490936 35.5502 100000 0.0514165 0.139579 0.0469022 100000 0.100515 0.0515217 100000 100000 373.455 100000 100000 0.0547906 651.567 100000 0.0594329 0.0629922 0.113357 7.90917 
0.999955 0.0257926 100000 0.115092 0.055079 0.091956 0.553984 100000 4.51978 0.166531 100000 0.0508668 100000 0.39363 100000 122.014 0.0501991 969.256 0.890103 100000 100000 100000 0.853172 
0.999955 0.499152 1.26363 100000 0.055079 0.0546662 0.553984 100000 0.0995292 0.200065 100000 0.0859088 100000 0.39363 3.38106 0.32405 0.0501991 100000 100000 100000 149.34 100000 100000 
0.999955 0.514825 100000 0.053423 0.055079 0.091956 0.553984 100000 0.825741 0.103969 100000 0.0508668 100000 0.39363 100000 0.0453296 0.0501991 0.16077 100000 100000 0.990972 0.0971561 4.62657 
0.999955 0.487177 100000 100000 0.055079 0.091956 0.139579 100000 0.0807461 100000 100000 0.0610624 100000 6.93097 0.146487 0.32405 0.0547906 1.58862 434.236 100000 100000 1.94144 100000 
0.999955 0.0804711 0.910316 0.12942 0.055079 0.091956 337.086 100000 100000 100000 100000 0.0610624 100000 100000 100000 0.0506862 0.0501991 1.58862 4.45559 100000 244.005 6.79648 100000 
0.999955 0.501159 100000 0.115092 0.055079 0.091956 0.139579 100000 4.51978 0.165961 100000 0.0610624 100000 6.93097 100000 0.0860515 0.0501991 0.0833536 0.227616 100000 100000 0.243699 100000 
0.999955 0.223647 100000 100000 0.055079 0.091956 0.290492 100000 100000 0.165961 100000 0.0490635 100000 6.93097 1.87434 8.46952 0.0501991 100000 100000 100000 25.8702 22.0017 0.0707338 
0.999955 0.0213792 0.910316 100000 0.055079 0.091956 1.77957 100000 0.278184 0.223491 100000 0.0508668 100000 3.722 3.38106 154.811 0.0501991 0.0833536 100000 100000 244.005 100000 0.608622 
0.999955 0.487491 100000 100000 0.055079 0.091956 0.146839 100000 8.77175 0.165961 100000 0.0610624 100000 422.478 0.146487 0.32405 0.0501991 1.58862 1.62411 100000 29.1629 0.819278 100000 
0.999955 0.49854 100000 1.78482 0.055079 0.091956 0.553984 100000 4.51978 189.752 100000 0.0508668 100000 0.268173 3.38106 0.32405 0.0501991 1.17746 100000 100000 100000 100000 0.22356 
0.999955 0.521441 100000 0.230248 0.055079 0.091956 1.279 100000 100000 100000 100000 0.123714 100000 1.0093 100000 0.134614 0.0501991 1.58862 100000 100000 5.7316 0.243699 6.33484 
0.999956 0.499694 100000 100000 0.055079 0.0478439 0.110896 100000 0.0995292 100000 100000 0.0610624 100000 0.39363 0.0785976 0.0546529 0.0501991 100000 100000 100000 14.934 0.0721823 0.073171 
0.999955 0.511988 0.247634 0.115092 0.055079 0.091956 0.553984 100000 4.51978 100000 100000 0.0864292 100000 6.93097 0.0480155 0.134614 0.0501991 0.899793 100000 100000 0.990972 0.418555 0.0680248 
0.999955 0.487176 100000 1.78482 0.055079 0.091956 0.139579 100000 0.229376 4.34236 100000 0.0610624 100000 160.389 100000 0.32405 0.0501991 1.58862 290.823 100000 0.0629922 0.84773 0.933072 
0.999956 0.226704 100000 100000 0.055079 0.0546662 0.553984 100000 4.51978 100000 100000 0.0490635 100000 6.93097 3.38106 8.46952 0.0501991 100000 100000 100000 0.3311 0.0721823 2.18292 
0.999955 0.498699 100000 103.738 0.0471043 0.091956 0.553984 100000 4.51978 0.165961 100000 0.0447254 100000 6.93097 0.0480155 0.32405 0.0501991 1.58862 100000 100000 0.0591056 0.0668994 0.189743 
0.999955 0.486741 100000 1.78482 0.0471043 0.091956 0.139579 100000 17.4481 0.165961 100000 0.0447254 100000 0.39363 3.7281 0.32405 0.0501991 0.899793 100000 100000 100000 246.019 0.150489 
0.999955 0.514059 1.26363 100000 0.055079 0.0642037 0.553984 100000 0.0526124 0.103969 100000 0.0610624 100000 0.100292 100000 0.0506862 0.0547906 969.256 0.280971 100000 100000 0.84773 0.150489 
0.999953 0.524227 100000 1.14922 0.055079 0.091956 0.553984 100000 100000 100000 100000 0.233233 100000 6.93097 3.38106 0.0546529 0.0501991 0.0833536 100000 100000 0.990972 0.243699 0.22356 
0.999956 0.381683 100000 1.78482 0.055079 0.0478439 27.6566 100000 4.51978 100000 100000 0.0610624 100000 6.93097 416.879 0.32405 0.0547906 100000 100000 100000 100000 1.94144 0.150489 
0.999955 0.486576 100000 0.115092 0.055079 0.091956 0.139579 100000 4.51978 100000 100000 0.0508668 100000 100000 1.87434 0.32405 0.0547906 1.58862 100000 100000 10.9106 0.243699 0.150489 
0.999955 0.494303 100000 1.78482 0.055079 0.091956 0.139579 100000 4.51978 100000 100000 0.0610624 100000 0.064088 3.7281 0.204225 0.0501991 100000 100000 100000 100000 24.6019 100000 
0.999955 0.223647 100000 4.6996 0.055079 0.091956 0.290492 100000 4.51978 1.84301 100000 0.0490635 100000 0.199072 3.38106 8.46952 0.0501991 0.899793 100000 100000 100000 0.84773 0.189743 
0.999955 0.49854 100000 1.78482 0.055079 0.091956 0.553984 100000 4.51978 0.165961 100000 0.0508668 100000 2.07338 0.108885 0.32405 0.0501991 1.58862 100000 100000 100000 100000 0.0680248 
0.999955 0.49854 2.11695 1.78482 0.055079 0.091956 0.553984 100000 4.51978 0.165961 100000 0.0508668 100000 6.93097 0.108885 0.32405 0.0501991 1.58862 100000 100000 100000 100000 163.601 
0.999955 0.487491 100000 100000 0.055079 0.091956 0.146839 100000 0.0807461 0.165961 100000 0.0610624 100000 6.93097 0.791089 0.32405 0.0501991 0.126474 100000 100000 11.4648 0.819278 100000 
0.999955 0.474082 100000 100000 0.055079 0.091956 0.553984 100000 0.825741 0.166531 100000 0.0508668 100000 0.199072 100000 0.729512 0.0547906 160.852 0.280971 100000 100000 0.84773 0.150489 
0.999955 0.50123 100000 0.353039 0.055079 0.091956 0.110896 100000 4.51978 100000 100000 0.0508668 100000 6.93097 29.1473 0.0506862 0.0501991 0.0833536 0.0752602 100000 0.990972 100000 0.150489 
0.999955 0.150833 1.26363 100000 0.055079 0.091956 154.281 100000 0.116775 0.165961 100000 0.0508668 100000 6.93097 0.108885 0.0506862 0.0501991 1.58862 100000 100000 100000 100000 0.150489 
0.999955 0.514528 280.927 3.49814 0.055079 0.091956 0.553984 100000 4.51978 0.165961 100000 0.0508668 100000 100000 100000 0.0506862 0.0501991 65.875 0.280971 100000 0.221802 0.243699 0.189743 
0.999956 0.49909 100000 1.14922 0.055079 0.0478439 0.0940943 100000 0.500246 5.94036 100000 0.0610624 100000 6.93097 0.753877 0.0506862 0.0501991 100000 100000 100000 0.990972 0.418555 0.150489 
0.999955 0.514528 100000 100000 0.055079 0.091956 0.553984 100000 4.51978 100000 100000 0.0508668 100000 6.93097 3.38106 0.0506862 0.0501991 0.99221 4.01796 100000 0.234626 1.94144 100000 
0.999956 0.512931 100000 1.78482 0.055079 0.0478439 0.553984 100000 4.51978 0.103969 100000 0.0508668 100000 0.159658 0.108885 0.0453296 0.0501991 1.58862 100000 100000 100000 0.243699 0.150489 
0.999955 0.514528 1.26363 100000 0.055079 0.091956 0.553984 100000 0.116775 0.0533542 100000 0.0508668 100000 6.93097 100000 0.0506862 0.0501991 1.58862 100000 100000 100000 100000 0.150489 
0.999955 0.514124 100000 100000 0.055079 0.091956 0.553984 100000 4.51978 0.165961 100000 0.0447254 100000 0.39363 0.108885 0.0506862 0.0501991 0.899793 100000 100000 100000 100000 3.23529 
0.999955 0.513845 100000 100000 0.055079 0.0746586 0.553984 100000 4.51978 0.0533542 100000 0.0508668 100000 6.93097 133.129 0.0506862 0.0501991 100000 0.280971 100000 100000 100000 0.150489 
0.999955 0.51441 100000 1.78482 0.055079 0.091956 0.553984 100000 0.825741 0.166531 100000 0.0490635 100000 0.39363 100000 0.0506862 0.0501991 160.852 3.84668 100000 0.990972 0.84773 22.1515 
0.999951 0.532233 12.5834 1.78482 0.055079 0.091956 0.553984 100000 0.0848605 100000 100000 0.450982 100000 0.199072 3.38106 0.0506862 0.0501991 100000 100000 100000 190.303 0.418555 3.23529 
0.999956 0.50094 100000 0.12942 0.055079 0.0478439 0.151935 100000 100000 0.223491 100000 0.0508668 100000 6.93097 3.38106 0.0546529 0.0501991 0.0833536 1.73161 100000 195.319 0.0721823 0.22356 
0.999956 0.512634 100000 1.78482 0.055079 0.0478439 0.553984 100000 4.51978 0.165961 100000 0.0508668 100000 0.39363 416.879 0.0506862 0.0501991 1.58862 100000 100000 100000 100000 0.22356 
0.999956 0.512634 1.26363 100000 0.055079 0.0478439 0.553984 100000 0.0526124 0.103969 100000 0.0508668 100000 0.199072 0.0523438 0.0506862 0.0547906 0.899793 100000 100000 109.106 1.94144 0.150489 
0.999955 0.510967 100000 100000 0.0471043 0.122161 0.553984 100000 4.51978 0.103969 100000 0.0447254 100000 0.159658 0.0480155 0.134614 0.0501991 0.899793 100000 100000 100000 100000 0.0680248 
0.999955 0.485815 0.242642 0.115092 0.055079 0.0730894 0.139579 100000 100000 0.165961 100000 0.0508668 100000 0.39363 100000 0.32405 0.0501991 0.426546 657.845 100000 100000 0.243699 0.22713 
0.999956 0.496257 100000 0.115092 0.055079 0.0478439 0.553984 100000 0.0995292 0.0512034 100000 0.0447254 100000 0.39363 0.146487 0.32405 0.0481999 100000 100000 100000 149.34 100000 9.13892 
0.999955 0.487176 100000 100000 0.055079 0.091956 0.139579 100000 100000 0.165961 100000 0.0610624 100000 100000 0.146487 0.32405 0.0501991 0.899793 100000 100000 100000 246.019 100000 
0.999956 0.512509 100000 1.78482 0.055079 0.0452949 0.553984 100000 0.94378 0.103969 100000 0.0508668 100000 100000 100000 0.0506862 0.0501991 100000 100000 100000 100000 0.84773 0.150489 
0.999955 0.522976 1.26363 1.78482 0.055079 0.091956 1.77957 100000 0.825741 0.0533542 100000 0.0610624 100000 6.93097 5.53005 0.0506862 0.0863198 100000 18.74 100000 0.990972 100000 0.150489 
0.999955 0.493387 1.26363 1.14922 0.055079 0.10181 0.139579 100000 4.51978 0.165961 100000 0.0610624 100000 6.93097 100000 0.225997 0.0501991 1.58862 100000 100000 9.20535 0.243699 100000 
0.999955 0.487176 100000 1.78482 0.055079 0.091956 0.139579 100000 4.51978 0.786152 100000 0.0610624 100000 1.24479 3.7281 0.32405 0.0501991 1.58862 3.84668 100000 100000 1.94144 3.23529 
0.999955 0.51507 100000 1.14922 0.055079 0.091956 0.553984 100000 4.51978 2.90787 100000 0.0610624 100000 6.93097 3.38106 0.0506862 0.0849536 1.17746 100000 100000 0.0629922 0.243699 0.22356 
0.999953 0.527575 100000 1.78482 0.055079 0.091956 0.553984 100000 4.51978 0.0533542 100000 0.30885 100000 100000 100000 0.0506862 0.0501991 0.0650627 4.45559 100000 0.990972 100000 0.150489 
0.999955 0.487176 0.338475 1.78482 0.055079 0.091956 0.139579 100000 393.78 11.4946 100000 0.0610624 100000 100000 100000 0.32405 0.0501991 1.58862 0.95968 100000 0.990972 0.243699 100000 
0.999956 0.499694 100000 0.353039 0.055079 0.0478439 0.110896 100000 602.515 100000 100000 0.0610624 100000 100000 0.324685 0.0546529 0.0501991 3.36559 0.0752602 100000 100000 1.94144 1.79232 
0.999955 0.49684 100000 100000 0.0609931 0.0478439 0.553984 100000 4.51978 8.13477 100000 0.0610624 100000 6.93097 100000 0.32405 0.076313 371.399 100000 100000 100000 0.113357 6.33484 
0.999956 0.512634 100000 1.78482 0.055079 0.0478439 0.553984 100000 4.51978 0.165961 100000 0.0508668 100000 0.39363 0.108885 0.0506862 0.0501991 1.58862 0.280971 100000 100000 100000 0.150489 
0.999956 0.496244 100000 108.413 0.0609931 0.0478439 0.553984 100000 0.116775 100000 100000 0.0508668 100000 6.93097 100000 0.32405 0.0501991 639.414 100000 100000 100000 100000 6.33484 
0.999955 0.523084 100000 100000 0.055079 0.091956 1.77957 100000 4.51978 5.4882 100000 0.0610624 100000 0.86694 3.38106 0.0506862 0.0501991 1.17746 100000 100000 100000 0.243699 0.150489 
0.999955 0.487176 100000 1.78482 0.055079 0.091956 0.139579 100000 4.51978 0.165961 100000 0.0610624 100000 100000 100000 0.32405 0.0501991 1.58862 100000 100000 100000 0.0729529 100000 
0.999955 0.514528 1.26363 0.072548 0.055079 0.091956 0.553984 100000 4.51978 0.165961 100000 0.0508668 100000 6.93097 1.02959 0.0506862 0.0501991 0.0833536 0.227616 100000 3.69794 0.243699 3.62722 
0.999952 0.527967 0.0630727 100000 0.0471043 0.211466 0.553984 100000 4.51978 0.103969 100000 0.233233 100000 6.93097 0.0480155 0.0453296 0.0547906 0.899793 95.1891 100000 0.266685 0.0721823 100000 
0.999955 0.498424 100000 0.0903719 0.055079 0.091956 0.553984 100000 4.51978 0.165961 100000 0.0508668 100000 6.93097 100000 0.32405 0.0863198 0.170822 100000 100000 0.990972 0.243699 0.150489 
0.999955 0.498426 100000 1.78482 0.055079 0.091956 0.553984 100000 4.51978 0.165961 100000 0.0490635 100000 0.39363 0.108885 0.32405 0.0501991 1.58862 100000 100000 0.0591056 0.0668994 0.150489 
0.999956 0.513303 616.75 0.0800123 0.055079 0.0478439 0.553984 100000 100000 0.165961 100000 0.0610624 100000 6.93097 3.38106 0.0506862 0.0501991 1.58862 100000 100000 100000 100000 100000 
0.999955 0.49854 1.26363 1.78482 0.055079 0.091956 0.553984 100000 0.0526124 0.103969 100000 0.0508668 100000 6.93097 100000 0.32405 0.0501991 371.399 0.280971 100000 100000 100000 234.527 
0.999955 0.499178 100000 1.78482 0.055079 0.091956 0.553984 100000 0.825741 1.3369 100000 0.0610624 100000 0.39363 5.53005 0.32405 0.0547906 1.58862 100000 100000 0.990972 0.243699 0.150489 
0.999956 0.496308 100000 2.71168 0.055079 0.0478439 6.64583 100000 4.51978 0.165961 100000 0.0508668 100000 1.78117 0.108885 0.0506862 0.0501991 0.899793 100000 100000 0.990972 100000 0.150489 
0.999955 0.52244 1.26363 0.115092 0.055079 0.091956 1.77957 100000 100000 0.0533542 100000 0.0508668 100000 6.93097 143.452 0.0506862 0.0501991 0.0833536 4.01796 100000 100000 100000 2.46928 
0.999955 0.487492 0.102311 111.08 0.055079 0.091956 0.146839 100000 0.0807461 100000 100000 0.0610624 100000 0.39363 5.53005 0.32405 0.0547906 1.58862 0.690493 100000 0.990972 35.8186 100000 
0.999955 0.29148 100000 0.483689 0.055079 0.091956 56.0324 100000 4.51978 0.103969 100000 0.0490635 100000 6.93097 100000 0.474394 0.0547906 100000 100000 100000 0.990972 0.84773 0.150489 
0.999955 0.00935235 100000 100000 0.055079 0.091956 0.553984 100000 4.51978 0.165961 100000 0.0508668 100000 0.199834 3.38106 347.058 0.0501991 160.852 0.690493 100000 0.234626 0.418555 0.189743 
0.999956 0.484645 1.26363 0.115092 0.055079 0.0546662 0.131511 100000 4.51978 0.0533542 100000 0.0508668 100000 0.064088 3.38106 0.32405 0.0501991 0.0833536 100000 100000 149.34 100000 6.33484 
0.999955 0.515187 100000 1.78482 0.055079 0.091956 0.553984 100000 4.51978 0.103969 100000 0.0610624 100000 6.93097 0.0542151 0.0506862 0.0501991 1.58862 100000 100000 149.34 0.0721823 6.33484 
0.999945 0.538855 100000 0.230248 0.055079 0.091956 0.76016 100000 100000 100000 100000 1.04017 100000 1.24479 100000 0.134614 0.0501991 1.58862 100000 100000 0.990972 0.84773 0.150489 
0.999955 0.500599 100000 0.4464 0.055079 0.091956 4.22274 100000 0.120594 100000 100000 0.0610624 100000 100000 4.01515 0.32405 0.0501991 1.58862 100000 100000 0.0591056 0.0668994 0.189743 
0.999955 0.515187 100000 3.49814 0.055079 0.091956 0.553984 100000 4.51978 100000 100000 0.0610624 100000 100000 100000 0.0506862 0.0501991 1.58862 100000 100000 0.990972 0.418555 0.499576 
0.999953 0.524441 100000 100000 0.055079 0.091956 0.553984 100000 0.229376 0.103969 100000 0.233233 100000 0.39363 3.38106 0.0506862 0.0547906 100000 100000 100000 0.0629922 0.84773 0.150489 
0.999955 0.498785 0.048849 100000 0.055079 0.10181 0.553984 100000 4.51978 0.165961 100000 0.0490635 100000 100000 1.87434 0.32405 0.0501991 0.899793 268.64 100000 0.990972 100000 0.0632769 
