0.999822 0.347549 0.960949 1500 0.732266 
0.999823 0.320294 1.2449 1500 0.538536 
0.999823 0.323598 3.63685 1500 1.20699 
0.999969 0.00554469 3.63845 1500 0.268788 
0.999814 0.384562 0.559603 1500 1.20699 
0.999819 0.368052 1.84577 1500 0.741515 
0.999823 0.314345 1.31417 1500 0.293757 
0.999823 0.314345 1.31417 1500 0.735792 
0.999993 0.00363393 0.150113 1500 0.349866 
0.999816 0.377722 0.636331 1500 5.32978 
0.999823 0.331669 0.644417 1500 1.13404 
0.999824 0.315804 1.31417 1500 0.293757 
0.999984 0.00428721 0.124172 1500 0.81742 
0.999831 0.00666914 21.582 1500 0.291404 
0.999979 0.00458175 0.299743 1500 1.20699 
0.999822 0.346119 0.976338 1500 0.429117 
0.999824 0.321811 1.2449 1500 1500 
0.999823 0.314345 1.31417 1500 3.31485 
0.999819 0.368052 1500 1500 0.741515 
0.999817 0.373799 1.84577 1500 0.679335 
0.999814 0.382595 0.581941 1500 0.538536 
0.999823 0.296205 1.36738 1500 1.53503 
0.999818 0.371621 0.702999 1500 3.1822 
0.999824 0.315804 1.31417 1500 0.293757 
0.999823 0.314345 1.31417 1500 0.538536 
0.999823 0.320294 1.2449 1500 1.53503 
0.999823 0.323598 3.63685 1500 1.20699 
0.999824 0.287641 0.550461 1500 1.66225 
0.999819 0.368052 0.478652 1500 0.741515 
0.999819 0.368052 1.84577 1500 0.741515 
0.999824 0.311277 1.36738 1500 0.980229 
0.99982 0.360967 3.7261 1500 0.81742 
0.999823 0.296205 1500 1500 1.53503 
0.999823 0.33317 1.86337 1500 1.11743 
0.999964 0.00579633 5.14766 1500 0.324265 
0.999824 0.315804 1.31417 1500 3.1822 
0.999823 0.274201 1.84577 1500 0.349866 
0.999991 0.00367019 0.182865 1500 0.538536 
0.999823 0.296205 1.36738 1500 1.53503 
0.999823 0.296205 3.7261 1500 1.53503 
0.999823 0.320316 0.273516 1500 1.24465 
0.999819 0.366484 0.549742 1500 0.75836 
0.999823 0.314345 1.31417 1500 1.18257 
0.999819 0.368052 0.124443 1500 0.741515 
0.999992 0.00363467 0.150774 1500 1.27223 
0.999823 0.314345 1.31417 1500 2.03316 
0.999824 0.292818 0.478652 1500 1.59489 
0.999824 0.287641 0.550461 1500 1.66225 
0.999814 0.384562 0.559603 1500 1.20699 
0.999817 0.373799 1.84577 1500 0.679335 
0.999823 0.292491 1.58237 1500 7.23943 
0.99982 0.360967 0.373107 1500 0.81742 
0.999818 0.368551 0.478652 1500 0.736144 
0.999823 0.314345 1.31417 1500 0.429097 
0.999991 0.00369171 0.202495 1500 0.293757 
0.999969 0.00554469 3.63845 1500 0.268788 
0.999822 0.34192 1.02171 1500 3.31485 
0.999823 0.320316 0.273516 1500 1.24465 
0.999824 0.29753 1500 1500 1.53503 
0.999818 0.363689 0.764414 1500 0.293757 
0.999823 0.272369 1.87184 1500 0.4904 
0.999818 0.370844 0.711404 1500 3.1822 
0.999823 0.296205 3.63685 1500 1.53503 
0.999816 0.377722 0.636331 1500 0.324265 
0.999824 0.298724 1.52007 1500 0.293757 
0.999823 0.320316 0.609681 1500 1.24465 
0.999824 0.321811 1.2449 1500 1500 
0.999818 0.370397 0.716243 1500 1.53503 
0.999823 0.33317 1.36738 1500 1.11743 
0.999823 0.309539 1.1566 1500 1.37117 
0.999816 0.376942 3.7261 1500 0.644929 
0.999824 0.292818 1.84577 1500 1.59489 
0.999994 0.00359528 0.561784 1500 0.115689 
0.999817 0.373799 1.84577 1500 0.679335 
0.999823 0.296205 1.36738 1500 1.53503 
0.999824 0.29753 0.763936 1500 1.53503 
0.99982 0.360967 0.361575 1500 0.81742 
0.999824 0.319097 0.478652 1500 1.27602 
0.999824 0.292818 1.36738 1500 1.59489 
0.999819 0.368052 0.478652 1500 0.741515 
0.999824 0.309543 1.388 1500 0.538536 
0.999815 0.381769 0.549742 1500 0.59125 
0.999818 0.371621 0.702999 1500 0.732266 
0.999979 0.00458175 0.299743 1500 1.20699 
0.999995 0.0035796 0.454626 1500 0.101887 
0.999992 0.00363467 0.150774 1500 1.27223 
0.999964 0.00579633 5.14766 1500 0.324265 
0.999824 0.291123 1.61675 1500 0.857311 
0.999981 0.00441773 0.202495 1500 0.980229 
0.999823 0.320294 1.2449 1500 0.715362 
0.999976 0.00506119 0.150402 1500 2.08462 
0.999823 0.314345 1.31417 1500 0.741515 
0.999819 0.356854 2.53086 1500 0.83919 
0.999823 0.34192 1.02171 1500 1.5462 
0.999824 0.32515 0.478652 1500 1.20699 
0.99982 0.361208 1.84577 1500 0.814847 
0.999824 0.311277 1.36738 1500 0.980229 
0.999819 0.368052 0.909409 1500 0.741515 
0.999822 0.346119 0.976338 1500 1500 
0.999992 0.00363467 0.150774 1500 1.27223 
0.999824 0.315804 1.31417 1500 3.1822 
0.999823 0.296205 1500 1500 1.53503 
0.999824 0.292818 4.54454 1500 1.59489 
0.999819 0.368052 1.84577 1500 0.741515 
0.999824 0.291549 0.550461 1500 1.61124 
0.999815 0.381769 0.373107 1500 0.59125 
0.999819 0.368052 1.84577 1500 0.741515 
0.999823 0.323598 0.643546 1500 1.20699 
0.999824 0.29753 3.7261 1500 1.53503 
0.999818 0.371621 0.702999 1500 1.27223 
0.999823 0.314345 1.31417 1500 0.293757 
0.999978 0.00465266 1.31417 1500 0.261436 
0.999813 0.385081 0.553659 1500 0.225443 
0.999823 0.296205 1.36738 1500 1.53503 
0.999985 0.00404619 0.548198 1500 0.295424 
0.999823 0.314345 1.31417 1500 5.32978 
0.999823 0.33212 0.400005 1500 1.12905 
0.999823 0.314345 1.31417 1500 2.45886 
0.999823 0.320294 1.2449 1500 0.939119 
0.999814 0.382595 0.581941 1500 3.02992 
0.999823 0.34192 1.02171 1500 0.349866 
0.999823 0.320294 1.2449 1500 0.293757 
0.999823 0.320316 1.30118 1500 1.24465 
0.999823 0.320294 1.2449 1500 1.53503 
0.999815 0.381769 0.549742 1500 0.59125 
0.999968 0.00566153 4.23586 1500 0.222729 
0.999993 0.00360062 0.120409 1500 1.14374 
0.999984 0.00428721 0.124172 1500 0.81742 
0.999964 0.00579633 5.14766 1500 0.324265 
0.999823 0.340568 1.03639 1500 0.52397 
0.99997 0.00549556 3.42402 1500 0.268788 
0.999814 0.384601 0.559158 1500 1.20699 
0.999822 0.330041 0.644417 1500 1.13404 
0.999823 0.322769 0.609681 1500 1.21646 
0.999966 0.00579633 5.14766 1500 0.241467 
0.99982 0.360967 3.58749 1500 0.81742 
0.999824 0.309562 1.38778 1500 0.4904 
0.999819 0.368052 1500 1500 0.741515 
0.999991 0.00364306 0.158318 1500 1.53503 
0.999822 0.330132 1.13302 1500 0.349866 
0.999977 0.00484723 1.64373 1500 0.241467 
0.999824 0.29753 1500 1500 1.53503 
0.999824 0.321811 1.2449 1500 1500 
0.99982 0.360967 1.68945 1500 0.81742 
0.999816 0.377722 0.636331 1500 1500 
0.999822 0.34376 1.00179 1500 0.495765 
0.999983 0.00423706 0.195197 1500 0.75836 
0.999814 0.384562 0.559603 1500 1.20699 
0.999824 0.292818 1.84577 1500 1.59489 
0.999818 0.371621 0.702999 1500 0.52397 
0.999814 0.384562 0.559603 1500 1.20699 
0.999823 0.296205 0.73371 1500 1.53503 
0.99999 0.00378443 0.158318 1500 0.288674 
0.999823 0.323598 1.36738 1500 1.20699 
0.999823 0.33317 0.47394 1500 1.11743 
0.999823 0.314345 1.31417 1500 0.268788 
0.999822 0.342406 1.01644 1500 0.52397 
0.999823 0.320294 1.2449 1500 0.980229 
0.999824 0.29753 0.763936 1500 1.53503 
0.999822 0.346119 0.976338 1500 1500 
0.999823 0.323598 3.63685 1500 1.20699 
0.999814 0.383594 0.570626 1500 0.538536 
0.999823 0.323598 1.9518 1500 1.20699 
0.999823 0.320316 0.273516 1500 1.24465 
0.999979 0.00460713 0.273516 1500 1.24465 
0.999823 0.272369 1.87184 1500 1.20699 
0.999823 0.338747 0.400005 1500 1.05622 
0.999824 0.308744 1.39755 1500 2.18695 
0.999823 0.296205 0.909409 1500 1.53503 
0.999814 0.384562 0.559603 1500 1.20699 
0.999816 0.377722 0.636331 1500 0.857311 
0.999824 0.321811 1.2449 1500 0.268788 
0.999824 0.29753 1.36738 1500 1.53503 
0.999964 0.00579633 5.14766 1500 0.324265 
0.999814 0.384562 0.559603 1500 0.507709 
0.999819 0.356854 0.195197 1500 0.83919 
0.999823 0.318148 1.26974 1500 0.719422 
0.999824 0.29753 0.478652 1500 1.53503 
0.999992 0.00363467 0.150774 1500 1.27223 
0.999819 0.366562 1.86337 1500 0.757531 
0.999818 0.363689 0.764414 1500 2.03316 
0.999824 0.321788 1.24517 1500 21.335 
0.999823 0.34192 1.02171 1500 3.31485 
0.999824 0.29753 0.478652 1500 1.53503 
0.999823 0.314345 1.31417 1500 3.31485 
0.999822 0.346119 0.976338 1500 1.53503 
0.999824 0.2834 0.450568 1500 1.71875 
0.999823 0.296205 1.44638 1500 1.53503 
0.999824 0.32515 0.400005 1500 1.20699 
0.999818 0.369276 0.728338 1500 2.39358 
0.999818 0.363689 0.764414 1500 0.293757 
0.999823 0.314345 1.31417 1500 0.538536 
0.999823 0.314345 1.31417 1500 0.597742 
0.999816 0.376942 0.909409 1500 0.644929 
0.999823 0.3375 0.182865 1500 1.06983 
0.999824 0.292818 0.478652 1500 1.59489 
0.999993 0.00363393 0.150113 1500 0.349866 
0.999816 0.377722 0.636331 1500 0.324265 
0.999968 0.00566153 4.23586 1500 0.222729 
0.999823 0.320316 3.63685 1500 1.24465 
0.999819 0.366484 3.7261 1500 0.75836 
0.999818 0.363689 0.764414 1500 3.31485 
0.999819 0.368052 0.482595 1500 0.741515 
0.999824 0.29753 0.559158 1500 1.53503 
0.999819 0.36592 0.764414 1500 0.81742 
0.999823 0.331669 0.644417 1500 1.13404 
0.999823 0.314345 1.31417 1500 0.464868 
0.999824 0.292818 3.7261 1500 1.59489 
0.999824 0.29753 0.756645 1500 1.53503 
0.999968 0.00549713 0.150113 1500 4.95089 
0.999819 0.368052 0.960949 1500 0.741515 
0.999823 0.34192 1.02171 1500 0.349866 
0.999823 0.314345 1.31417 1500 0.50407 
0.999979 0.00458175 0.299743 1500 1.20699 
0.999824 0.287641 0.550461 1500 1.66225 
0.999814 0.384562 0.559603 1500 0.4904 
0.999822 0.346119 0.976338 1500 0.857311 
0.999824 0.296726 0.400005 1500 1.54515 
0.999815 0.381189 0.59777 1500 0.732266 
0.999824 0.315804 1.31417 1500 1500 
0.999824 0.315804 1.31417 1500 1.27223 
0.999823 0.320294 1.2449 1500 0.293757 
0.999992 0.00364306 0.158318 1500 0.471993 
0.999824 0.316921 1.30118 1500 1.24465 
0.999965 0.00566117 4.2338 1500 0.429097 
0.999981 0.00447491 0.179114 1500 1.05622 
0.999823 0.331669 0.984863 1500 1.13404 
0.999964 0.00579633 5.14766 1500 0.324265 
0.999824 0.32515 0.400005 1500 1.20699 
0.999823 0.296205 0.764414 1500 1.53503 
0.999814 0.384562 0.559603 1500 1.20699 
0.999978 0.00465266 1.31417 1500 0.261436 
0.999824 0.321811 1.2449 1500 0.268788 
0.999824 0.311277 1.36738 1500 0.556229 
0.999823 0.301363 0.400005 1500 1.47056 
0.999823 0.314345 1.31417 1500 5.32978 
0.999975 0.00510604 0.182865 1500 2.19057 
0.999824 0.309543 1.388 1500 0.538536 
0.999819 0.356854 2.53086 1500 0.83919 
0.999824 0.324312 0.609681 1500 1.21646 
0.999818 0.371621 0.702999 1500 0.52397 
0.999814 0.384562 0.559603 1500 2.64345 
0.999823 0.338747 0.478652 1500 1.05622 
0.999824 0.291549 0.124443 1500 1.61124 
0.999819 0.368052 1500 1500 0.741515 
0.999823 0.340568 1.03639 1500 0.52397 
0.999823 0.296205 2.26071 1500 1.53503 
0.999823 0.33317 0.548198 1500 1.11743 
0.999823 0.296205 1.36738 1500 1.53503 
0.999823 0.33317 0.534658 1500 1.11743 
0.999824 0.315804 1.31417 1500 0.293757 
0.999987 0.0039903 0.158318 1500 0.4904 
0.999823 0.34192 1.02171 1500 1.5462 
0.99982 0.360967 0.373107 1500 0.81742 
0.999823 0.320294 1.2449 1500 0.715362 
0.999823 0.314345 1.31417 1500 1.53503 
0.999824 0.291123 1.61675 1500 0.857311 
0.999819 0.366484 1.41024 1500 0.75836 
0.99982 0.363356 1.31417 1500 0.791879 
0.999824 0.311277 1.36738 1500 0.222729 
0.999824 0.309543 1.388 1500 3.95222 
0.99998 0.00447491 0.273516 1500 1.05622 
0.999824 0.29753 1.84577 1500 1.53503 
0.999985 0.00410102 0.120409 1500 0.741515 
0.999823 0.296205 0.960949 1500 1.53503 
0.99982 0.360967 1.36738 1500 0.81742 
0.999823 0.320294 1.2449 1500 0.293757 
0.999993 0.00363393 0.150113 1500 0.349866 
0.999823 0.274201 1.84577 1500 0.324265 
0.999823 0.323598 1.36738 1500 1.20699 
0.999824 0.319097 0.763936 1500 1.27602 
0.999814 0.384601 0.559158 1500 0.293757 
0.999824 0.321811 1.2449 1500 0.349866 
0.999987 0.00396515 0.150402 1500 0.464868 
0.999824 0.287641 1.36738 1500 1.66225 
0.999823 0.314345 1.31417 1500 1500 
0.999818 0.370478 3.63685 1500 0.715362 
0.999964 0.00579633 5.14766 1500 0.324265 
0.99982 0.360967 0.644417 1500 0.81742 
0.999819 0.368052 1.84577 1500 0.741515 
0.999822 0.346119 0.976338 1500 0.268788 
0.999823 0.274411 1.8428 1500 1.8281 
0.999824 0.324312 0.609681 1500 1.21646 
0.999824 0.29753 0.909409 1500 1.53503 
0.999824 0.29753 0.756645 1500 1.53503 
0.999824 0.29753 3.63685 1500 1.53503 
0.999822 0.330041 0.644417 1500 1.13404 
0.999822 0.345758 1500 1500 0.980229 
0.999818 0.368551 0.388648 1500 0.736144 
0.999823 0.314345 1.31417 1500 0.268788 
0.999994 0.00359768 0.478652 1500 0.11781 
0.999814 0.384562 0.559603 1500 0.324265 
0.999824 0.292818 0.478652 1500 1.59489 
0.999819 0.366484 1.84577 1500 0.75836 
0.999823 0.320316 0.182865 1500 1.24465 
0.999823 0.3375 0.478652 1500 1.06983 
0.999814 0.414602 0.454626 1500 0.101887 
0.999815 0.381769 3.63685 1500 0.59125 
0.999819 0.36592 0.764414 1500 0.4904 
0.999824 0.29753 3.58749 1500 1.53503 
0.999824 0.315804 1.31417 1500 1500 
0.999823 0.323598 1.1566 1500 1.20699 
0.999819 0.368052 15.8687 1500 0.741515 
0.999824 0.311277 1.36738 1500 0.980229 
0.999824 0.323084 1.84577 1500 1.2304 
0.999824 0.321811 1.2449 1500 1.53503 
0.999981 0.00447491 0.179114 1500 1.05622 
0.999993 0.00363393 0.150113 1500 0.324265 
0.999824 0.311277 1.36738 1500 1.53503 
0.999823 0.320294 1.2449 1500 0.538536 
0.999824 0.321788 1.24517 1500 1500 
0.999818 0.370478 1.09883 1500 0.715362 
0.999821 0.352356 0.909409 1500 1.53503 
0.999816 0.376942 0.909409 1500 0.644929 
0.999991 0.00368294 0.150113 1500 0.268788 
0.99996 0.00610689 10.5987 1500 0.154115 
0.999824 0.292818 2.3556 1500 1.59489 
0.999983 0.00423706 0.195197 1500 0.75836 
0.999993 0.00363393 0.150113 1500 0.349866 
0.999815 0.381769 0.478652 1500 0.59125 
0.999824 0.29753 1500 1500 1.53503 
0.999814 0.384562 0.559603 1500 0.980229 
0.999824 0.321811 1.2449 1500 1500 
0.999824 0.321811 1.2449 1500 1500 
0.999824 0.292818 1.84577 1500 1.59489 
0.999823 0.340568 1.03639 1500 2.03316 
0.999824 0.29753 1.00179 1500 1.53503 
0.999821 0.356574 0.864331 1500 1.27223 
0.999818 0.363689 0.764414 1500 0.81742 
0.999824 0.29753 1.31417 1500 1.53503 
0.999824 0.298724 1.52007 1500 0.960397 
0.999819 0.356854 0.195197 1500 0.83919 
0.999822 0.346119 0.976338 1500 0.980229 
0.999819 0.368052 1.84577 1500 0.741515 
0.999816 0.377722 0.636331 1500 0.268788 
0.999824 0.311277 1.36738 1500 0.980229 
0.999819 0.366827 0.754682 1500 0.741515 
0.999994 0.00359528 0.648396 1500 0.115689 
0.999983 0.00430531 0.195197 1500 0.83919 
0.999823 0.314345 1.31417 1500 0.373514 
0.999984 0.00408806 0.299743 1500 0.592523 
0.999822 0.346119 0.976338 1500 0.429117 
0.999822 0.330041 23.379 1500 1.13404 
0.999817 0.373799 0.549742 1500 0.679335 
0.999823 0.309539 1.1566 1500 1.37117 
0.99982 0.360967 0.10633 1500 0.81742 
0.999814 0.384562 0.559603 1500 0.81742 
0.999991 0.003678 0.189976 1500 0.429117 
0.999819 0.368052 0.478652 1500 0.741515 
0.999823 0.272963 1.86337 1500 3.1822 
0.999824 0.315804 1.31417 1500 1500 
0.999814 0.384562 0.559603 1500 1.20699 
0.999823 0.322769 0.609681 1500 1.21646 
0.999823 0.301896 1.46399 1500 2.18695 
0.999823 0.314345 1.31417 1500 3.31485 
0.999816 0.377479 0.639012 1500 0.547373 
0.999824 0.321811 1.2449 1500 1500 
0.999824 0.315804 1.31417 1500 0.293757 
0.999823 0.320316 0.47394 1500 1.24465 
0.999822 0.346119 0.976338 1500 1500 
0.999819 0.356854 1500 1500 0.83919 
0.999988 0.00387256 0.373107 1500 0.293757 
0.999984 0.00428721 0.124172 1500 0.81742 
0.999991 0.00369171 0.202495 1500 0.324265 
0.999819 0.368415 0.737613 1500 0.241467 
0.999823 0.314345 1.31417 1500 0.464868 
0.999823 0.320294 1.2449 1500 3.31485 
0.999823 0.322769 3.63845 1500 1.21646 
0.999993 0.00363393 0.150113 1500 0.349866 
0.999824 0.292818 1.84577 1500 1.59489 
0.999823 0.314345 1.31417 1500 0.574098 
0.999823 0.314345 1.31417 1500 3.95222 
0.999824 0.319097 0.478652 1500 1.27602 
0.999824 0.311277 1.36738 1500 0.507709 
0.999824 0.309543 1.388 1500 1.07138 
0.999822 0.330041 0.644417 1500 1.13404 
0.999814 0.384601 0.559158 1500 0.464868 
0.999823 0.272369 1.87184 1500 0.4904 
0.999824 0.321833 0.273516 1500 1.24465 
0.999822 0.346119 0.976338 1500 0.887768 
0.999818 0.371621 0.702999 1500 0.556229 
0.999824 0.324312 0.195197 1500 1.21646 
0.999822 0.346119 0.976338 1500 0.295424 
0.999822 0.34192 1.02171 1500 1.5462 
0.999823 0.340568 1.03639 1500 0.538536 
0.999823 0.340568 1.03639 1500 0.11781 
0.99999 0.00369171 0.202495 1500 1.14374 
0.999978 0.00458175 0.299743 1500 1.20699 
0.999823 0.338217 1.062 1500 2.39358 
0.999824 0.321811 1.2449 1500 1.24465 
0.999816 0.376942 0.909409 1500 0.644929 
0.999824 0.29753 0.478652 1500 1.53503 
0.999815 0.381769 1500 1500 0.59125 
0.999994 0.00359768 0.478652 1500 0.11781 
0.999824 0.311277 1.36738 1500 0.556229 
0.999823 0.325743 0.158318 1500 1.18257 
0.99982 0.360967 2.77412 1500 0.81742 
0.999994 0.00358466 0.10633 1500 0.538536 
0.999824 0.291123 1.61675 1500 4.14741 
0.99982 0.360967 0.373107 1500 0.81742 
0.999824 0.291123 1.61675 1500 0.515461 
0.999823 0.308136 1.388 1500 1.53503 
0.999819 0.366484 6.3103 1500 0.75836 
0.99982 0.360967 0.373107 1500 0.81742 
0.999824 0.321811 1.2449 1500 0.547373 
0.999824 0.29753 1.84577 1500 1.53503 
0.999989 0.00382742 0.158318 1500 0.329529 
0.999824 0.292818 1.2449 1500 1.59489 
0.99982 0.360967 0.388648 1500 0.81742 
0.999824 0.321788 1.24517 1500 0.268788 
0.999817 0.375801 2.15597 1500 0.65746 
0.999984 0.00428721 0.124172 1500 0.81742 
0.999982 0.00431541 1.03639 1500 0.115689 
0.999818 0.370632 0.713702 1500 0.547373 
0.999823 0.320294 1.2449 1500 0.887768 
0.999817 0.373799 1.84577 1500 0.679335 
0.999824 0.287641 0.478652 1500 1.66225 
0.999986 0.00404766 0.549742 1500 0.197528 
0.999814 0.384562 0.559603 1500 0.261436 
0.999819 0.36592 0.764414 1500 2.03316 
0.999824 0.321811 1.2449 1500 1.53503 
0.999823 0.274201 1.84577 1500 0.324265 
0.999824 0.29753 0.756645 1500 1.53503 
0.999818 0.368551 0.478652 1500 0.736144 
0.999823 0.314345 1.31417 1500 5.32978 
0.999824 0.315804 1.31417 1500 1500 
0.999978 0.0046073 1.2449 1500 0.293757 
0.99999 0.00378443 0.158318 1500 0.288674 
0.999824 0.308744 1.39755 1500 0.293757 
0.999823 0.323598 0.400005 1500 1.20699 
0.999818 0.368551 0.534591 1500 0.736144 
0.999818 0.370397 0.716243 1500 0.340283 
0.999819 0.368052 0.478652 1500 0.741515 
0.999993 0.00363467 0.150774 1500 0.438969 
0.999824 0.319097 0.763936 1500 1.27602 
0.999824 0.287641 0.550461 1500 1.66225 
0.999972 0.00524243 0.299743 1500 2.5499 
0.999984 0.00407814 0.581941 1500 0.293757 
0.999815 0.381769 3.63685 1500 0.59125 
0.99982 0.360967 3.58749 1500 0.81742 
0.999978 0.00465266 1.31417 1500 0.261436 
0.999818 0.369276 0.728338 1500 2.39358 
0.999817 0.373799 0.559603 1500 0.679335 
0.999823 0.320294 1.2449 1500 1.53503 
0.999987 0.0039903 0.195197 1500 0.4904 
0.999822 0.346119 0.976338 1500 0.857311 
0.999822 0.346119 0.976338 1500 1.53503 
0.999814 0.384562 0.559603 1500 1.20699 
0.999824 0.321811 1.2449 1500 1500 
0.999824 0.292818 0.373107 1500 1.59489 
0.999824 0.32515 0.478652 1500 1.20699 
0.999818 0.371621 0.702999 1500 0.151738 
0.99982 0.363356 3.63685 1500 0.791879 
0.999823 0.323598 1.36738 1500 1.20699 
0.999824 0.315804 1.31417 1500 0.547373 
0.999823 0.296205 0.559158 1500 1.53503 
0.999824 0.311277 1.36738 1500 0.556229 
0.999816 0.377722 0.636331 1500 0.324265 
0.999822 0.343952 0.478652 1500 0.999714 
0.999819 0.366484 0.400005 1500 0.75836 
0.999814 0.384562 0.559603 1500 1.20699 
0.999824 0.29753 0.478652 1500 1.53503 
0.999968 0.00554434 3.63685 1500 0.324265 
0.999824 0.32515 1.36738 1500 1.20699 
0.999823 0.320316 0.299743 1500 1.24465 
0.999823 0.296205 1.36738 1500 1.53503 
0.999823 0.274411 1.8428 1500 1.8281 
0.999823 0.306803 1.40408 1500 0.427162 
0.999819 0.368052 0.482595 1500 0.741515 
0.999816 0.377722 0.636331 1500 1500 
0.999824 0.311277 1.36738 1500 0.980229 
0.999823 0.318148 1.26974 1500 0.4904 
0.999814 0.384562 0.559603 1500 1.20699 
0.999979 0.0046073 1.2449 1500 0.268788 
0.999989 0.00384858 0.132493 1500 0.349866 
0.999988 0.00387256 0.373107 1500 0.268788 
0.999823 0.320294 1.2449 1500 0.980229 
0.999823 0.314345 1.31417 1500 2.09889 
0.999819 0.368052 1500 1500 0.741515 
0.999984 0.00413599 0.644417 1500 0.241467 
0.999822 0.346119 0.976338 1500 1500 
0.999814 0.384562 0.559603 1500 0.324265 
0.99982 0.360967 0.400005 1500 0.81742 
0.999823 0.296205 1.44638 1500 1.53503 
0.999823 0.338747 0.179114 1500 1.05622 
0.999987 0.00396515 0.150402 1500 0.464868 
0.999824 0.29753 1.84577 1500 1.53503 
0.999823 0.340568 1.03639 1500 0.538536 
0.999988 0.00395466 0.10633 1500 0.454289 
0.999994 0.00359528 0.763936 1500 0.115689 
0.999819 0.368052 0.454626 1500 0.741515 
0.999824 0.291123 1.61675 1500 0.857311 
0.999818 0.368551 0.478652 1500 0.736144 
0.999823 0.297391 1.52007 1500 0.960397 
0.999824 0.287641 1.36738 1500 1.66225 
0.999824 0.315804 1.31417 1500 1500 
0.999823 0.331669 1.84577 1500 1.13404 
0.999823 0.323598 2.26071 1500 1.20699 
0.999823 0.323598 1.36738 1500 1.20699 
0.999993 0.00363393 0.150113 1500 0.349866 
0.999818 0.370478 2.26071 1500 0.715362 
0.999823 0.34192 1.02171 1500 4.30008 
0.99982 0.360967 1.41024 1500 0.81742 
0.999824 0.309543 1.388 1500 1.20699 
0.999814 0.384562 0.559603 1500 1.20699 
0.999824 0.311277 1.36738 1500 1.20699 
0.999988 0.00384858 0.273516 1500 0.349866 
0.999823 0.314345 1.31417 1500 0.429097 
0.999824 0.291123 1.61675 1500 0.293757 
0.999823 0.274201 1.84577 1500 0.349713 
0.999824 0.292818 0.478652 1500 1.59489 
0.999824 0.321811 1.2449 1500 0.538536 
0.999823 0.320316 1.14576 1500 1.24465 
0.999817 0.373799 0.984863 1500 0.679341 
0.99982 0.360967 0.361575 1500 0.81742 
0.999824 0.315804 1.31417 1500 0.293757 
0.999814 0.384601 0.559158 1500 1.20699 
0.999823 0.331897 0.478652 1500 1.13151 
0.999823 0.338747 5.14766 1500 1.05622 
0.999968 0.00566153 4.23586 1500 0.222729 
0.999987 0.0039903 0.195197 1500 0.4904 
0.999824 0.309562 1.38778 1500 0.4904 
0.999991 0.00367019 0.182865 1500 0.471993 
0.999823 0.296205 5.14766 1500 1.53503 
0.999824 0.311277 1.36738 1500 0.980229 
0.999824 0.311277 1.36738 1500 0.11781 
0.999824 0.315804 1.31417 1500 1.53503 
0.999823 0.296205 1.36738 1500 1.53503 
0.999819 0.368052 0.756645 1500 0.741515 
0.999823 0.34192 1.02171 1500 3.31485 
0.999984 0.00422248 0.195197 1500 0.741515 
0.999818 0.371621 0.702999 1500 1.20699 
0.999824 0.32515 0.299743 1500 1.20699 
0.999823 0.322769 0.643546 1500 1.21646 
0.999821 0.35246 0.908294 1500 1.1816 
0.999823 0.320294 1.2449 1500 0.293757 
0.999824 0.293795 1.58237 1500 0.293757 
0.999822 0.34376 1.00179 1500 0.495765 
0.999823 0.314345 1.31417 1500 0.225443 
0.99982 0.360967 3.58749 1500 0.81742 
0.999991 0.00369171 0.202495 1500 0.324265 
0.999824 0.311277 1.36738 1500 0.980229 
0.999824 0.29753 0.763936 1500 1.53503 
0.999819 0.366305 0.550461 1500 0.760285 
0.999824 0.292818 0.195197 1500 1.59489 
0.999823 0.323598 1.36738 1500 1.20699 
0.999823 0.33317 1.31417 1500 1.11743 
0.999824 0.325402 1.84577 1500 1.20414 
0.999824 0.29753 0.478652 1500 1.53503 
0.999824 0.321811 1.2449 1500 1500 
0.999823 0.314345 1.31417 1500 0.742788 
0.999823 0.338747 0.644417 1500 1.05622 
0.999823 0.272472 1.61675 1500 1.87037 
0.999824 0.29753 1.31417 1500 1.53503 
0.999823 0.33212 0.478652 1500 1.12905 
0.999823 0.314345 1.31417 1500 0.50407 
0.999823 0.320316 1500 1500 1.24465 
0.999824 0.289051 1.64373 1500 0.261436 
0.999823 0.33212 0.400005 1500 1.12905 
0.999823 0.33317 1.86337 1500 1.11743 
0.999824 0.315804 1.31417 1500 0.52397 
0.999823 0.314345 1.31417 1500 1500 
0.999992 0.00363467 0.150774 1500 1.27223 
0.999816 0.377479 0.639012 1500 0.980229 
0.999817 0.373799 0.400005 1500 0.679335 
0.99982 0.361208 1.84577 1500 0.814847 
0.999983 0.00423706 0.195197 1500 0.75836 
0.999975 0.00510604 0.182865 1500 2.19057 
0.999824 0.32515 0.299743 1500 1.20699 
0.999824 0.32515 0.47394 1500 1.20699 
0.999824 0.311277 1.36738 1500 0.154115 
0.999823 0.296197 1.53513 1500 0.32352 
0.999991 0.003678 0.189976 1500 0.429117 
0.999824 0.295988 0.960949 1500 1.55447 
0.999818 0.370397 0.716243 1500 1.53503 
0.999824 0.291123 1.61675 1500 1500 
0.999823 0.320316 0.373107 1500 1.24465 
0.999824 0.324329 1.21627 1500 0.732266 
0.999824 0.321833 1.30118 1500 1.24465 
0.999989 0.00382191 0.195197 1500 0.324265 
0.999819 0.36592 0.764414 1500 0.324265 
0.999823 0.314345 1.31417 1500 0.293757 
0.999822 0.346119 0.976338 1500 0.4904 
0.999823 0.3375 0.478652 1500 1.06983 
0.999823 0.318535 0.909409 1500 1.26524 
0.999814 0.384562 0.559603 1500 0.324265 
0.999823 0.320294 1.2449 1500 1500 
0.999823 0.314345 1.31417 1500 3.31485 
0.999819 0.368052 1500 1500 0.741515 
0.999824 0.321811 1.2449 1500 0.293757 
0.999819 0.368415 0.737613 1500 0.715362 
0.999824 0.29753 1500 1500 1.53503 
0.999814 0.384562 0.559603 1500 0.324265 
0.999823 0.323598 1.36738 1500 1.20699 
0.999824 0.291123 1.61675 1500 0.324265 
0.999823 0.323598 3.63685 1500 1.20699 
0.999819 0.366484 0.909409 1500 0.75836 
0.999818 0.370397 0.716243 1500 1.11296 
0.999823 0.296205 3.58749 1500 1.53503 
0.99982 0.360967 0.373107 1500 0.81742 
0.999984 0.00428721 0.158318 1500 0.81742 
0.999979 0.00458175 0.299743 1500 1.20699 
0.999824 0.321833 0.273516 1500 1.24465 
0.999818 0.370632 0.713702 1500 0.547373 
0.999983 0.00430531 0.195197 1500 0.83919 
0.999824 0.315804 1.31417 1500 0.538536 
0.999823 0.296205 1.36738 1500 1.53503 
0.999984 0.00428721 0.124172 1500 0.81742 
0.999824 0.292818 0.478652 1500 1.59489 
0.999824 0.292818 1.84577 1500 1.59489 
0.999819 0.366562 0.909409 1500 0.757531 
0.999815 0.381656 0.299743 1500 0.592523 
0.999816 0.376942 0.549742 1500 0.644929 
0.999823 0.338747 0.400005 1500 1.05622 
0.999823 0.33317 0.549742 1500 1.11743 
0.999984 0.0042178 0.158318 1500 0.736144 
0.999824 0.29753 1.2449 1500 1.53503 
0.999963 0.00582919 5.42353 1500 0.349866 
0.999824 0.311277 1.36738 1500 0.980229 
0.999818 0.363689 0.764414 1500 0.293757 
0.999824 0.32515 0.478652 1500 1.20699 
0.999822 0.346119 0.976338 1500 0.268788 
0.999985 0.00410102 0.10633 1500 0.741515 
0.999993 0.00363393 0.150113 1500 0.349866 
0.999823 0.291519 2.3556 1500 1.59489 
0.999988 0.00387256 0.373107 1500 0.293757 
0.999824 0.291123 1.61675 1500 0.515461 
0.999823 0.323598 0.299743 1500 1.20699 
0.999824 0.29753 0.909409 1500 1.53503 
0.999824 0.311277 1.36738 1500 3.31485 
0.99998 0.00447491 0.273516 1500 1.05622 
0.999824 0.309562 1.38778 1500 0.562145 
0.999824 0.292818 0.909409 1500 1.59489 
0.999823 0.323598 1.36738 1500 1.20699 
0.999822 0.346119 0.976338 1500 0.507709 
0.999964 0.00579633 5.14766 1500 0.324265 
0.999964 0.00579633 5.14766 1500 0.324265 
0.999824 0.324497 1.21436 1500 1.53503 
0.999823 0.331669 0.150402 1500 1.13404 
0.999994 0.0035796 3.63685 1500 0.101887 
0.999824 0.29753 3.63685 1500 1.53503 
0.999824 0.292818 0.299743 1500 1.59489 
0.999824 0.287641 7.14286 1500 1.66225 
0.999823 0.320294 1.2449 1500 0.887768 
0.999814 0.414602 0.648396 1500 0.101887 
0.999824 0.29753 3.58749 1500 1.53503 
0.999824 0.311277 1.36738 1500 0.222729 
0.999822 0.347549 0.960949 1500 0.732266 
0.999823 0.314345 1.31417 1500 0.293757 
0.999992 0.00363393 0.150113 1500 1.53503 
0.999818 0.363689 0.764414 1500 1.71875 
0.999822 0.347549 0.960949 1500 0.732266 
0.999824 0.319097 0.763936 1500 1.27602 
0.999988 0.00387256 0.373107 1500 0.268788 
0.999815 0.381189 0.59777 1500 1.20699 
0.999824 0.321811 1.2449 1500 0.547373 
0.999824 0.29753 0.478652 1500 1.53503 
0.99982 0.360967 1.68945 1500 0.81742 
0.999818 0.371621 0.702999 1500 0.151738 
0.999814 0.384562 0.559603 1500 0.324265 
0.999819 0.356854 0.195197 1500 0.83919 
0.999823 0.320294 1.2449 1500 1.18257 
0.999992 0.00363467 0.150774 1500 1.27223 
0.999824 0.315804 1.31417 1500 1.24465 
0.999824 0.315804 1.31417 1500 3.1822 
0.999823 0.320294 1.2449 1500 3.31485 
0.999824 0.32515 1.00255 1500 1.20699 
0.999985 0.00405662 0.559158 1500 0.268788 
0.999823 0.314345 1.31417 1500 3.31485 
0.999824 0.291762 1.60849 1500 2.09889 
0.999824 0.287641 1.36738 1500 1.66225 
0.999994 0.00363393 0.150113 1500 0.151205 
0.999816 0.378171 0.63137 1500 1500 
0.999984 0.00422248 0.158318 1500 0.741515 
0.999823 0.33317 0.47394 1500 1.11743 
0.999824 0.309543 1.388 1500 0.324265 
0.999817 0.373799 0.550461 1500 0.679335 
0.999818 0.369276 0.728338 1500 0.293757 
0.999822 0.330041 0.85429 1500 1.13404 
0.999822 0.347288 0.963762 1500 0.732266 
0.999824 0.315804 1.31417 1500 0.597742 
0.999824 0.311277 1.36738 1500 1.20699 
0.999823 0.331669 1.84577 1500 1.13404 
0.999819 0.36592 0.764414 1500 0.4177 
0.999994 0.00359528 0.561784 1500 0.115689 
0.999824 0.315804 1.31417 1500 0.261436 
0.999819 0.36592 0.764414 1500 1500 
0.999969 0.00549556 3.42402 1500 0.293757 
0.999823 0.323598 0.47394 1500 1.20699 
0.999993 0.00363467 0.150774 1500 0.349866 
0.999824 0.289051 1.64373 1500 1.8281 
0.99982 0.358928 0.195197 1500 0.83919 
0.999824 0.29753 1.00179 1500 1.53503 
0.999824 0.291123 1.61675 1500 0.349866 
0.999983 0.00423706 0.195197 1500 0.75836 
0.999816 0.377722 0.636331 1500 0.857311 
0.999814 0.384562 0.559603 1500 0.4904 
0.999823 0.320294 1.2449 1500 0.349866 
0.999824 0.29753 0.400005 1500 1.53503 
0.99982 0.358928 2.77412 1500 0.83919 
0.999994 0.00358466 0.10633 1500 0.538536 
0.99982 0.360967 0.763936 1500 0.81742 
0.999819 0.36592 0.764414 1500 0.324265 
0.99982 0.361208 0.478652 1500 0.814847 
0.999982 0.00438543 0.120409 1500 1.14374 
0.999819 0.366827 0.754682 1500 0.741515 
0.999823 0.320294 1.2449 1500 0.197528 
0.999822 0.346119 0.976338 1500 0.857311 
0.999979 0.00458175 0.299743 1500 1.20699 
0.999824 0.298724 1.52007 1500 0.4904 
0.999823 0.314345 1.31417 1500 2.09889 
0.999814 0.384601 0.559158 1500 0.349866 
0.999821 0.352356 0.909409 1500 1.53503 
0.99982 0.360967 0.388648 1500 0.81742 
0.999822 0.346119 0.976338 1500 1.53503 
0.999824 0.29753 1500 1500 1.53503 
0.999972 0.00511607 2.21501 1500 0.429117 
0.999824 0.292818 0.478652 1500 1.59489 
0.999824 0.32515 0.388648 1500 1.20699 
0.999979 0.00460713 0.273516 1500 1.24465 
0.999824 0.29753 4.06423 1500 1.53503 
0.999815 0.381769 3.63685 1500 0.59125 
0.999822 0.344534 3.58749 1500 0.993425 
0.999824 0.315804 1.31417 1500 0.50407 
0.999818 0.368551 0.478652 1500 0.736144 
0.999824 0.291123 1.61675 1500 4.14741 
0.999823 0.338747 0.400005 1500 1.05622 
0.999822 0.34376 1.00179 1500 0.495765 
0.999993 0.00363393 0.150113 1500 0.324265 
0.999985 0.00422248 0.124172 1500 0.741515 
0.999819 0.366484 0.478652 1500 0.75836 
0.999813 0.385081 0.553659 1500 0.225443 
0.99982 0.360012 0.550461 1500 0.827621 
0.999823 0.306803 1.40408 1500 0.57854 
0.999963 0.00582919 5.42353 1500 0.349866 
0.999993 0.00360062 0.120409 1500 1.14374 
0.999823 0.296205 0.960949 1500 1.53503 
0.999824 0.319097 0.763936 1500 1.27602 
0.999964 0.00579633 5.14766 1500 0.324265 
0.999823 0.33317 1.84577 1500 1.11743 
0.999824 0.315804 1.31417 1500 0.936252 
0.999968 0.00566153 4.23586 1500 0.222729 
0.999823 0.322769 0.548198 1500 1.21646 
0.999824 0.291123 1.61675 1500 4.14741 
0.999824 0.292818 1500 1500 1.59489 
0.999994 0.00361676 0.134752 1500 0.268788 
0.999824 0.29753 1500 1500 1.53503 
0.99982 0.360967 0.400005 1500 0.81742 
0.999823 0.340568 1.03639 1500 0.507709 
0.999824 0.287641 0.395266 1500 1.66225 
0.999992 0.00369171 0.202495 1500 0.261436 
0.999824 0.321811 1.2449 1500 2.39358 
0.999992 0.00363467 0.150774 1500 1.27223 
0.99982 0.360967 3.58749 1500 0.81742 
0.999822 0.346119 0.976338 1500 0.241467 
0.999824 0.32515 1.36738 1500 1.20699 
0.999818 0.371621 0.702999 1500 0.732266 
0.999823 0.320294 1.2449 1500 0.538536 
0.999818 0.370632 0.713702 1500 0.547373 
0.999823 0.309856 1.36738 1500 0.980229 
0.999823 0.33212 0.400005 1500 1.12905 
0.999817 0.373799 0.559603 1500 0.679335 
0.999822 0.346119 0.976338 1500 0.857311 
0.999965 0.00582919 5.42353 1500 0.268788 
0.999823 0.314345 1.31417 1500 0.464868 
0.999819 0.356854 0.195197 1500 0.83919 
0.999823 0.274201 1.84577 1500 1.42466 
0.999818 0.368551 0.478652 1500 0.736144 
0.999984 0.00428505 0.158318 1500 0.814847 
0.999824 0.321811 1.2449 1500 1.27223 
0.999824 0.32515 2.3556 1500 1.20699 
0.99982 0.360967 0.559158 1500 0.81742 
0.999993 0.00363393 0.150113 1500 0.261436 
0.999824 0.291123 1.61675 1500 0.52397 
0.999814 0.382595 0.581941 1500 0.349866 
0.999824 0.315804 1.31417 1500 1.18257 
0.999815 0.381769 0.373107 1500 0.59125 
0.99982 0.360967 0.124172 1500 0.81742 
0.999824 0.311277 1.36738 1500 0.715362 
0.999822 0.346119 0.976338 1500 0.324265 
0.999824 0.321811 1.2449 1500 0.349866 
0.999822 0.346119 0.976338 1500 0.887768 
0.999818 0.368911 0.702999 1500 0.732266 
0.999824 0.292818 1.2449 1500 1.59489 
0.999982 0.00430531 0.299743 1500 0.83919 
0.999824 0.321811 1.2449 1500 1500 
0.999819 0.366484 0.478652 1500 0.75836 
0.999824 0.29753 0.478652 1500 1.53503 
0.999818 0.368551 0.478652 1500 0.736144 
0.999823 0.314345 1.31417 1500 0.373514 
0.999816 0.377722 0.636331 1500 5.32978 
0.999823 0.33317 0.273516 1500 1.11743 
0.999823 0.338747 0.179114 1500 1.05622 
0.999985 0.00416757 0.158318 1500 0.679335 
0.99982 0.360967 0.478652 1500 0.81742 
0.999823 0.296205 1.36738 1500 1.53503 
0.999824 0.29753 0.10633 1500 1.53503 
0.999824 0.291549 0.113287 1500 1.61124 
0.999823 0.314345 1.31417 1500 0.349866 
0.999824 0.315804 1.31417 1500 1500 
0.999814 0.384562 0.559603 1500 1.20699 
0.999824 0.308744 1.39755 1500 2.18695 
0.999819 0.368052 0.400005 1500 0.741515 
0.999816 0.376942 0.450568 1500 0.644929 
0.999823 0.320294 1.2449 1500 0.538536 
0.999818 0.363689 0.764414 1500 0.268788 
0.999973 0.00543473 0.150402 1500 3.1822 
0.999814 0.414602 0.478652 1500 0.101887 
0.999823 0.314345 1.31417 1500 1.53503 
0.999824 0.291549 6.48935 1500 1.61124 
0.999822 0.347549 0.960949 1500 0.732266 
0.999819 0.368415 0.737613 1500 0.241467 
0.999824 0.321788 1.24517 1500 0.50407 
0.999814 0.384562 0.559603 1500 2.64345 
0.999823 0.320294 1.2449 1500 1.20699 
0.999819 0.368052 0.120409 1500 0.741515 
0.999823 0.296205 1500 1500 1.53503 
0.999824 0.29753 1.36738 1500 1.53503 
0.999823 0.340568 1.03639 1500 2.55053 
0.999823 0.331897 3.63685 1500 1.13151 
0.999824 0.315804 1.31417 1500 5.32978 
0.999824 0.32515 1.84577 1500 1.20699 
0.999817 0.373799 1.84577 1500 0.679341 
0.999823 0.340568 1.03639 1500 0.52397 
0.999823 0.320294 1.2449 1500 0.644929 
0.999824 0.315804 1.31417 1500 0.52397 
0.999815 0.381769 0.478652 1500 0.59125 
0.999824 0.29753 0.478652 1500 1.53503 
0.999992 0.00363393 0.150113 1500 0.980229 
0.999823 0.320294 1.2449 1500 0.373514 
0.999822 0.346119 0.976338 1500 0.349866 
0.999991 0.00378443 0.124172 1500 0.288674 
0.999985 0.00405662 0.559158 1500 0.293757 
0.999979 0.00458175 0.299743 1500 1.20699 
0.999817 0.373799 0.984863 1500 0.679341 
0.999819 0.368415 0.737613 1500 0.241467 
0.999992 0.00363393 0.150113 1500 0.769193 
0.999824 0.29753 0.10633 1500 1.53503 
0.999824 0.321788 1.24517 1500 1.53503 
0.999993 0.00363467 0.150774 1500 0.349866 
0.999823 0.296205 0.763936 1500 1.53503 
0.999823 0.309856 1.36738 1500 0.980229 
0.999978 0.0046073 1.2449 1500 0.324265 
0.999823 0.338747 1.41024 1500 1.05622 
0.999814 0.384562 0.559603 1500 1.5462 
0.999822 0.346119 0.976338 1500 1500 
0.999964 0.00581873 5.3328 1500 0.293757 
0.999814 0.384601 0.559158 1500 0.464868 
0.999824 0.287641 1.36738 1500 1.66225 
0.999964 0.00600015 0.150402 1500 7.52562 
0.999824 0.29753 0.909409 1500 1.53503 
0.999824 0.294541 1.57285 1500 1.5462 
0.999824 0.298724 1.52007 1500 1.20699 
0.999968 0.00549556 3.42402 1500 0.349866 
0.999824 0.321811 1.2449 1500 3.1822 
0.999823 0.320316 0.609681 1500 1.24465 
0.999824 0.321811 1.2449 1500 1500 
0.999814 0.384562 0.559603 1500 0.471993 
0.999823 0.33317 0.454626 1500 1.11743 
0.999823 0.323598 1.36738 1500 1.20699 
0.999814 0.384562 0.559603 1500 1.20699 
0.999818 0.371621 0.702999 1500 0.732266 
0.999823 0.325743 1.31417 1500 1.18257 
0.999824 0.321811 1.2449 1500 0.293757 
0.999824 0.315804 1.31417 1500 0.293757 
0.999823 0.314345 1.31417 1500 0.268788 
0.999823 0.314345 1.31417 1500 0.293757 
0.999819 0.368052 2.26071 1500 0.741515 
0.99982 0.361208 1.84577 1500 0.814847 
0.999823 0.320294 1.2449 1500 0.293757 
0.999823 0.296205 2.26071 1500 1.53503 
0.999993 0.00360062 0.120409 1500 1.14374 
0.999823 0.272369 1.87184 1500 0.231795 
0.99982 0.360967 0.124443 1500 0.81742 
0.999818 0.371621 0.702999 1500 0.52397 
0.999824 0.321811 1.2449 1500 0.324265 
0.99982 0.363356 0.195197 1500 0.791879 
0.999819 0.368052 1.84577 1500 0.741515 
0.999824 0.311277 1.36738 1500 1.53503 
0.999822 0.346119 0.976338 1500 0.268788 
0.99998 0.00451932 0.202495 1500 1.11743 
0.999823 0.3093 1.37402 1500 0.442792 
0.999823 0.340568 1.03639 1500 2.59569 
0.999818 0.369276 0.728338 1500 2.39358 
0.999823 0.314345 1.31417 1500 0.349866 
0.999819 0.368052 0.909409 1500 0.741515 
0.999818 0.371621 0.702999 1500 0.324265 
0.999814 0.384562 0.559603 1500 2.63811 
0.99982 0.360967 0.361575 1500 0.81742 
0.999824 0.29753 0.909409 1500 1.53503 
0.999823 0.314345 1.31417 1500 0.81742 
0.999815 0.38135 0.976338 1500 0.595966 
0.99982 0.363356 3.7261 1500 0.791879 
0.999824 0.292818 0.478652 1500 1.59489 
0.999814 0.384601 0.559158 1500 1.20699 
0.999823 0.314345 1.31417 1500 1.53503 
0.999981 0.00448866 1.31417 1500 0.115689 
0.999824 0.2834 0.450568 1500 1.71875 
0.999824 0.298724 1.52007 1500 0.960397 
0.999818 0.371621 0.702999 1500 0.490304 
0.999823 0.34192 1.02171 1500 0.241467 
0.999822 0.346119 0.976338 1500 0.429117 
0.999823 0.332148 0.676086 1500 1.12873 
0.999819 0.36592 0.764414 1500 0.81742 
0.999823 0.274411 1.8428 1500 3.95222 
0.999823 0.296205 0.150113 1500 1.53503 
0.999824 0.293795 1.58237 1500 3.51648 
0.999823 0.331761 1.13302 1500 0.857311 
0.999814 0.384562 0.559603 1500 1.8281 
0.999824 0.291123 1.61675 1500 0.980229 
0.999814 0.384562 0.559603 1500 0.290204 
0.999817 0.373799 1.84577 1500 0.679335 
0.999814 0.384601 0.559158 1500 1.20699 
0.999823 0.314345 1.31417 1500 0.50407 
0.999823 0.318148 1.26974 1500 0.757531 
0.999824 0.29753 9.54621 1500 1.53503 
0.999823 0.34192 1.02171 1500 0.349866 
0.999823 0.314345 1.31417 1500 1500 
0.99982 0.360967 3.58749 1500 0.81742 
0.999984 0.00416757 0.195197 1500 0.679335 
0.999965 0.00566117 4.2338 1500 0.429097 
0.999815 0.381769 1.84577 1500 0.59125 
0.999814 0.384601 0.559158 1500 0.222729 
0.999824 0.29753 1.36738 1500 1.53503 
0.999824 0.321811 1.2449 1500 1.53503 
0.999824 0.309562 1.38778 1500 0.538536 
0.999823 0.296205 0.644417 1500 1.53503 
0.999814 0.384211 0.563605 1500 1.20699 
0.999819 0.366562 1.86337 1500 0.757531 
0.999819 0.36592 0.764414 1500 0.81742 
0.999824 0.29753 0.182865 1500 1.53503 
0.999819 0.368052 1500 1500 0.741515 
0.999819 0.368052 1.00179 1500 0.741515 
0.999824 0.324312 0.400005 1500 1.21646 
0.999823 0.320316 6.16929 1500 1.24465 
0.999824 0.292818 0.984863 1500 1.59489 
0.999824 0.321811 1.2449 1500 0.349866 
0.999823 0.272369 1.87184 1500 0.4904 
0.999819 0.368052 1.84577 1500 0.741515 
0.999824 0.324312 3.63685 1500 1.21646 
0.999823 0.338217 1.062 1500 0.427162 
0.999824 0.311277 1.36738 1500 1.53503 
0.999976 0.00485721 0.273516 1500 1.66225 
0.999824 0.311277 1.36738 1500 0.52397 
0.99982 0.360967 3.63685 1500 0.81742 
0.999823 0.274201 1.84577 1500 0.349713 
0.999819 0.368052 1.84577 1500 0.741515 
0.999993 0.00363393 0.150113 1500 0.324265 
0.999819 0.368052 1500 1500 0.741515 
0.999823 0.32964 1.1566 1500 1.5462 
0.999823 0.296205 0.909409 1500 1.53503 
0.999819 0.368052 0.124443 1500 0.741515 
0.999823 0.338747 0.400005 1500 1.05622 
0.999823 0.274201 1.84577 1500 0.741515 
0.999824 0.315804 1.31417 1500 0.293757 
0.99982 0.360967 1.31417 1500 0.81742 
0.999821 0.35246 0.908294 1500 1.1816 
0.999824 0.321833 1.84577 1500 1.24465 
0.999824 0.29753 0.478652 1500 1.53503 
0.999819 0.368052 1.86337 1500 0.741515 
0.999823 0.33317 0.47394 1500 1.11743 
0.999823 0.34192 1.02171 1500 0.4904 
0.999824 0.316921 1.30118 1500 0.164795 
0.999963 0.00596452 6.9504 1500 0.197528 
0.999823 0.272963 1.86337 1500 3.1822 
0.999821 0.352356 0.909409 1500 1.53503 
0.999819 0.366827 0.754682 1500 0.741515 
0.999814 0.384562 0.559603 1500 0.81742 
0.999824 0.311277 1.36738 1500 0.980229 
0.999984 0.00407814 0.581941 1500 0.293757 
0.999824 0.321811 1.2449 1500 1.24465 
0.999823 0.322769 3.63845 1500 1.21646 
0.999819 0.36592 0.764414 1500 0.538536 
0.999818 0.370397 0.716243 1500 1500 
0.999823 0.274201 1.84577 1500 0.324265 
0.999823 0.314345 1.31417 1500 0.429097 
0.999823 0.34192 1.02171 1500 0.732266 
0.999993 0.00363393 0.150113 1500 0.349866 
0.999824 0.32515 1.36738 1500 1.20699 
0.999813 0.385081 0.553659 1500 2.39358 
0.999824 0.315804 1.31417 1500 1.14374 
0.999978 0.00465266 1.31417 1500 0.261436 
0.999823 0.296205 1500 1500 1.53503 
0.999815 0.381769 0.549742 1500 0.59125 
0.999823 0.34192 1.02171 1500 1.5462 
0.999823 0.323598 1.36738 1500 1.20699 
0.999824 0.29753 1.36738 1500 1.53503 
0.999824 0.29753 0.763936 1500 1.53503 
0.999819 0.366484 0.400005 1500 0.75836 
0.99982 0.360967 0.388648 1500 0.81742 
0.99999 0.00378443 0.158318 1500 0.288674 
0.999994 0.0035796 0.756645 1500 0.101887 
0.999985 0.00408806 0.195197 1500 0.592523 
0.999822 0.346119 0.976338 1500 1500 
0.999823 0.338217 1.062 1500 1500 
0.999823 0.309856 1.36738 1500 0.81742 
0.999991 0.00369171 0.202495 1500 0.324265 
0.999821 0.352356 0.909409 1500 1.53503 
0.999824 0.321811 1.2449 1500 0.295424 
0.999824 0.298724 1.52007 1500 0.960397 
0.999824 0.325402 0.143745 1500 1.20414 
0.999824 0.316921 1.30118 1500 0.464868 
0.999824 0.321811 1.2449 1500 1500 
0.999819 0.366484 0.549742 1500 0.75836 
0.999823 0.34192 1.02171 1500 3.31485 
0.999824 0.321811 1.2449 1500 0.547373 
0.99982 0.360967 1.17833 1500 0.81742 
0.999823 0.296205 3.63685 1500 1.53503 
0.999814 0.384562 0.559603 1500 2.64345 
0.999823 0.272963 1.86337 1500 3.1822 
0.999823 0.320294 1.2449 1500 0.268788 
0.999824 0.321811 1.2449 1500 1.53503 
0.999823 0.314345 1.31417 1500 0.429097 
0.999823 0.331669 0.706167 1500 1.13404 
0.999824 0.292818 4.54454 1500 1.59489 
0.999824 0.291549 0.124443 1500 1.61124 
0.999814 0.384601 0.559158 1500 0.533352 
0.999824 0.315804 1.31417 1500 4.14741 
0.999823 0.34192 1.02171 1500 3.31485 
0.999819 0.368052 1.84577 1500 0.741515 
0.999824 0.321811 1.2449 1500 1500 
0.999824 0.321833 0.273516 1500 1.24465 
0.999824 0.321811 1.2449 1500 1.81598 
0.999824 0.316921 1.30118 1500 1.24465 
0.999823 0.309856 1.36738 1500 0.556229 
0.999824 0.321811 1.2449 1500 0.980229 
0.999823 0.34192 1.02171 1500 1.5462 
0.999994 0.00360062 0.120409 1500 0.241467 
0.999824 0.292818 0.548198 1500 1.59489 
0.999824 0.29753 0.195197 1500 1.53503 
0.99982 0.360967 0.400005 1500 0.81742 
0.999823 0.314345 1.31417 1500 2.03316 
0.999824 0.311277 1.36738 1500 1500 
0.999814 0.384562 0.559603 1500 1.20699 
0.999824 0.291123 1.61675 1500 0.960397 
0.999823 0.320316 1.14576 1500 1.24465 
0.999824 0.315804 1.31417 1500 3.31485 
0.99982 0.361824 0.808262 1500 0.81742 
0.999823 0.296205 0.644417 1500 1.53503 
0.999819 0.368052 0.763936 1500 0.741515 
0.999823 0.309539 0.400005 1500 1.37117 
0.999814 0.384562 0.559603 1500 1.20699 
0.999823 0.322769 0.150113 1500 1.21646 
0.999824 0.321811 1.2449 1500 0.268788 
0.99982 0.360967 3.58749 1500 0.81742 
0.999814 0.384562 0.559603 1500 0.324265 
0.999823 0.34192 1.02171 1500 1.20699 
0.999969 0.00554434 3.63685 1500 0.261436 
0.999824 0.321811 1.2449 1500 1500 
0.999823 0.308136 1.388 1500 0.268788 
0.999992 0.00363393 0.150113 1500 1.46535 
0.999824 0.311277 1.36738 1500 0.980229 
0.999824 0.315804 1.31417 1500 1.53503 
0.999818 0.369276 0.728338 1500 0.429117 
0.999824 0.29753 0.559158 1500 1.53503 
0.999824 0.292818 1.36738 1500 1.59489 
0.999818 0.370844 0.711404 1500 1.53503 
0.999823 0.318148 1.26974 1500 0.719422 
0.999824 0.315804 1.31417 1500 0.261436 
0.999824 0.291123 1.61675 1500 0.515461 
0.999824 0.321811 1.2449 1500 1500 
0.999817 0.373799 1.65895 1500 0.679335 
0.999824 0.2834 0.959897 1500 1.71875 
0.999824 0.311277 1.36738 1500 0.11781 
0.999964 0.00579633 5.14766 1500 0.324265 
0.999823 0.274411 1.8428 1500 0.241467 
0.999965 0.00579633 5.14766 1500 0.293757 
0.999824 0.324312 2.15597 1500 1.21646 
0.999979 0.00462788 0.23364 1500 1.27602 
0.999824 0.287641 0.609681 1500 1.66225 
0.999814 0.383749 0.568871 1500 0.4904 
0.999822 0.330041 0.644417 1500 1.13404 
0.999824 0.311277 1.36738 1500 0.268788 
0.999822 0.346119 0.976338 1500 0.429117 
0.999816 0.377722 0.636331 1500 0.980229 
0.999822 0.33882 1.03639 1500 1.20699 
0.999822 0.347549 0.960949 1500 0.732266 
0.999816 0.376988 0.644417 1500 1.13404 
0.999818 0.370478 2.26071 1500 0.715362 
0.999823 0.33317 0.273516 1500 1.11743 
0.999824 0.292818 0.478652 1500 1.59489 
0.999818 0.363689 0.764414 1500 0.293757 
0.999817 0.373799 1.84577 1500 0.679335 
0.999823 0.320294 1.2449 1500 0.293757 
0.999819 0.366484 0.195197 1500 0.75836 
0.999824 0.292818 1.36738 1500 1.59489 
0.999824 0.316921 1.30118 1500 1.24465 
0.999822 0.330041 0.195197 1500 1.13404 
0.999823 0.314345 1.31417 1500 0.429097 
0.999818 0.370478 3.58749 1500 0.715362 
0.999824 0.321811 1.2449 1500 1.20699 
0.999823 0.318148 1.26974 1500 0.4904 
0.999824 0.310957 0.478652 1500 1.37117 
0.999824 0.292818 2.3556 1500 1.59489 
0.999823 0.321892 1.22652 1500 0.293757 
0.999823 0.320294 1.2449 1500 1500 
0.999824 0.291123 1.61675 1500 0.268788 
0.999816 0.377722 0.636331 1500 0.154115 
0.999823 0.272369 1.87184 1500 1.20699 
0.99998 0.00447491 0.273516 1500 1.05622 
0.999824 0.287641 1500 1500 1.66225 
0.999817 0.373799 1.21768 1500 0.679341 
0.999979 0.00482046 0.158318 1500 1.59489 
0.99982 0.360967 0.763936 1500 0.81742 
0.999824 0.292818 4.23586 1500 1.59489 
0.999965 0.00566153 4.23586 1500 0.429117 
0.999823 0.323598 0.643546 1500 1.20699 
0.999824 0.29753 1.09883 1500 1.53503 
0.999819 0.36592 0.764414 1500 0.81742 
0.999822 0.346119 0.976338 1500 1.89955 
0.999823 0.338747 1.86337 1500 1.05622 
0.999824 0.292818 4.54454 1500 1.59489 
0.999824 0.291123 1.61675 1500 0.92339 
0.999814 0.384562 0.559603 1500 0.4904 
0.999814 0.384562 0.559603 1500 2.04084 
0.999993 0.00363393 0.150113 1500 0.268788 
0.999816 0.376942 3.5032 1500 0.644929 
0.999982 0.00431541 1.03639 1500 0.115689 
0.999823 0.320294 1.2449 1500 0.464868 
0.999823 0.274411 1.8428 1500 1.27223 
0.999824 0.291123 1.61675 1500 0.980229 
0.999824 0.308744 1.39755 1500 2.18695 
0.99999 0.00369171 0.202495 1500 1.14374 
0.999818 0.363689 0.764414 1500 2.03316 
0.999819 0.36592 0.764414 1500 0.277094 
0.999819 0.368052 0.478652 1500 0.741515 
0.999819 0.368052 0.909409 1500 0.741515 
0.999824 0.311277 1.36738 1500 0.11781 
0.999814 0.384562 0.559603 1500 0.679335 
0.999823 0.340568 1.03639 1500 0.538536 
0.999824 0.311277 1.36738 1500 0.81742 
0.999822 0.346119 0.976338 1500 0.429117 
0.999822 0.34063 1.01644 1500 0.715362 
0.999814 0.384562 0.559603 1500 1.20699 
0.99982 0.360967 3.63685 1500 0.81742 
0.999964 0.00579633 5.14766 1500 0.324265 
0.999824 0.315804 1.31417 1500 3.31485 
0.999819 0.368052 1500 1500 0.741515 
0.999819 0.366484 0.549742 1500 0.75836 
0.999824 0.311277 1.36738 1500 0.293757 
0.999824 0.29753 0.756645 1500 1.53503 
0.999824 0.292818 0.158318 1500 1.59489 
0.999819 0.366827 0.754682 1500 0.349866 
0.999823 0.331669 0.984863 1500 1.13404 
0.999818 0.369276 0.728338 1500 0.857311 
0.999824 0.321811 1.2449 1500 1500 
0.999815 0.381769 1500 1500 0.59125 
0.999823 0.274201 1.84577 1500 0.324265 
0.999994 0.00363393 0.150113 1500 0.197528 
0.999824 0.315804 1.31417 1500 1500 
0.999823 0.33317 0.548198 1500 1.11743 
0.999818 0.370397 0.716243 1500 0.340283 
0.999824 0.287641 0.550461 1500 1.66225 
0.999819 0.366827 0.754682 1500 0.741515 
0.999824 0.321811 1.2449 1500 0.261436 
0.999819 0.366562 1.84577 1500 0.757531 
0.999824 0.287641 6.74642 1500 1.66225 
0.999818 0.371621 0.702999 1500 1.20699 
0.999816 0.376988 0.644417 1500 0.241467 
0.999817 0.375801 2.15597 1500 0.65746 
0.999814 0.384601 0.559158 1500 1.20699 
0.999823 0.314345 1.31417 1500 0.390968 
0.999824 0.315804 1.31417 1500 0.495765 
0.999965 0.00566117 4.2338 1500 0.429097 
0.999824 0.321833 0.273516 1500 1.24465 
0.999824 0.311277 1.36738 1500 0.980229 
0.999823 0.34192 1.02171 1500 1.46517 
0.999824 0.309562 1.38778 1500 0.4904 
0.999817 0.375801 0.644417 1500 0.65746 
0.999816 0.377722 0.636331 1500 1.20699 
0.999822 0.346119 0.976338 1500 0.268788 
0.999981 0.00447491 0.179114 1500 1.05622 
0.999824 0.321811 1.2449 1500 0.538536 
0.999993 0.00363467 0.150774 1500 0.349866 
0.999824 0.311277 1.36738 1500 1.20699 
0.999823 0.323598 0.195197 1500 1.20699 
0.999818 0.370478 1.06986 1500 0.715362 
0.999823 0.309856 1.36738 1500 1.53503 
0.99995 0.00613375 14.3833 1500 0.349866 
0.999821 0.35246 0.908294 1500 3.02992 
0.999819 0.368052 0.909409 1500 0.741515 
0.999979 0.00478672 0.150402 1500 1.53503 
0.999815 0.381189 0.59777 1500 0.732266 
0.999824 0.32515 0.478652 1500 1.20699 
0.999823 0.314345 1.31417 1500 1.53503 
0.999814 0.384562 0.559603 1500 0.800113 
0.99982 0.360967 3.7261 1500 0.81742 
0.99982 0.360967 1.31417 1500 0.81742 
0.99999 0.00369171 0.202495 1500 1.14374 
0.999824 0.325402 1.84577 1500 1.20414 
0.999824 0.309562 1.38778 1500 0.4904 
0.999824 0.308744 1.39755 1500 1.27223 
0.999824 0.32515 0.478652 1500 1.20699 
0.999993 0.00363393 0.150113 1500 0.324265 
0.999814 0.384562 0.559603 1500 1.27076 
0.999823 0.274411 1.8428 1500 1500 
0.999824 0.292818 0.478652 1500 1.59489 
0.999978 0.00462101 0.150113 1500 1.5579 
0.999823 0.338217 1.062 1500 3.1822 
0.999965 0.00579633 5.14766 1500 0.268788 
0.999816 0.376942 0.559603 1500 0.644929 
0.999819 0.368052 0.195197 1500 0.741515 
0.999992 0.00363467 0.150774 1500 1.27223 
0.999822 0.330132 1.13302 1500 0.349866 
0.999824 0.315804 1.31417 1500 0.293757 
0.999824 0.324312 0.195197 1500 1.21646 
0.999818 0.368551 0.202495 1500 0.736144 
0.999824 0.321811 1.2449 1500 0.324265 
0.99982 0.360967 1.86337 1500 0.81742 
0.999824 0.287641 0.763936 1500 1.66225 
0.999824 0.312302 0.454626 1500 1.35525 
0.999824 0.29753 0.756645 1500 1.53503 
0.999813 0.385081 0.553659 1500 0.261436 
0.999964 0.00579633 5.14766 1500 0.324265 
0.999816 0.376942 0.400005 1500 0.644929 
0.999992 0.00367019 0.182865 1500 0.268788 
0.999824 0.287641 0.478652 1500 1.66225 
0.999824 0.295988 0.960949 1500 1.55447 
0.999823 0.314345 1.31417 1500 1.53503 
0.999987 0.00396515 0.150402 1500 0.464868 
0.999823 0.320294 1.2449 1500 0.538536 
0.999823 0.296205 2.06736 1500 1.53503 
0.999823 0.33317 1.36738 1500 1.11743 
0.999981 0.00441773 0.202495 1500 0.980229 
0.999824 0.315804 1.31417 1500 0.50407 
0.999822 0.330041 0.478652 1500 1.13404 
0.999824 0.319097 0.644417 1500 1.27602 
0.999824 0.321811 1.2449 1500 0.268788 
0.999991 0.00369171 0.202495 1500 0.538536 
0.999824 0.315804 1.31417 1500 0.344029 
0.999823 0.274201 1.84577 1500 0.349866 
0.999824 0.29753 3.58749 1500 1.53503 
0.999824 0.291123 1.61675 1500 0.81742 
0.99982 0.360967 0.400005 1500 0.81742 
0.999824 0.287641 1500 1500 1.66225 
0.999823 0.33317 0.548198 1500 1.11743 
0.999987 0.0039903 0.195197 1500 0.4904 
0.999814 0.384562 0.559603 1500 0.429117 
0.999819 0.36592 0.764414 1500 0.324265 
0.999823 0.338217 1.062 1500 0.324265 
0.999824 0.319097 0.373107 1500 1.27602 
0.999823 0.309856 1.36738 1500 0.507709 
0.999824 0.292818 0.549742 1500 1.59489 
0.999978 0.00465266 1.31417 1500 0.261436 
0.999822 0.346119 0.976338 1500 1500 
0.999819 0.366305 0.550461 1500 0.760285 
0.999824 0.28281 0.182865 1500 1.72671 
0.999823 0.274201 1.84577 1500 0.324265 
0.999823 0.274201 1.84577 1500 0.980229 
0.99982 0.360967 0.373107 1500 0.81742 
0.999814 0.414602 0.454626 1500 0.101887 
0.999818 0.370397 0.716243 1500 0.715362 
0.999823 0.314345 1.31417 1500 1.53503 
0.999823 0.320294 1.2449 1500 0.324265 
0.999823 0.338747 0.299743 1500 1.05622 
0.999823 0.320294 1.2449 1500 0.703634 
0.999822 0.346119 0.976338 1500 0.857311 
0.999815 0.381256 0.59701 1500 21.335 
0.999823 0.33212 0.478652 1500 1.12905 
0.999817 0.375801 2.15597 1500 0.65746 
0.999823 0.314345 1.31417 1500 2.3776 
0.999823 0.314345 1.31417 1500 3.95222 
0.999818 0.371621 0.702999 1500 1500 
0.999818 0.369276 0.728338 1500 2.39358 
0.999818 0.371621 0.702999 1500 7.99422 
0.999824 0.319097 0.763936 1500 1.27602 
0.99982 0.360967 1.36738 1500 0.81742 
0.99982 0.360967 0.195197 1500 0.81742 
0.999824 0.29753 0.756645 1500 1.53503 
0.99982 0.358928 1.50098 1500 0.83919 
0.999822 0.346119 0.976338 1500 1.20699 
0.999823 0.320294 1.2449 1500 0.293757 
0.999823 0.272369 1.87184 1500 1.20699 
0.999823 0.34192 1.02171 1500 0.349866 
0.999824 0.292818 0.158318 1500 1.59489 
0.999823 0.314345 1.31417 1500 0.464868 
0.999824 0.311277 1.36738 1500 0.748024 
0.999824 0.29753 0.550461 1500 1.53503 
0.999823 0.296205 3.63685 1500 1.53503 
0.999985 0.00405704 0.559603 1500 0.261436 
0.999817 0.373799 1.84577 1500 0.679335 
0.999824 0.311277 1.36738 1500 0.980229 
0.999823 0.314345 1.31417 1500 0.574098 
0.999824 0.292818 0.478652 1500 1.59489 
0.999822 0.350662 0.273516 1500 0.927543 
0.999824 0.324312 0.124172 1500 1.21646 
0.999824 0.304586 1.44776 1500 1.53503 
0.999823 0.292491 1.58237 1500 1.5462 
0.999822 0.330041 0.644417 1500 1.13404 
0.999875 0.00663227 0.120409 1500 21.335 
0.999814 0.384562 0.559603 1500 1.20699 
0.999819 0.366484 3.63685 1500 0.75836 
0.999987 0.00400365 0.124172 1500 0.50407 
0.999824 0.29753 0.478652 1500 1.53503 
0.999823 0.314345 1.31417 1500 0.980229 
0.999815 0.380124 0.609681 1500 0.507709 
0.999978 0.00458175 0.299743 1500 1.20699 
0.999824 0.321811 1.2449 1500 1.27223 
0.999824 0.309543 1.388 1500 3.95222 
0.999823 0.314345 1.31417 1500 0.293757 
0.999823 0.314345 1.31417 1500 0.556229 
0.999823 0.274201 1.84577 1500 0.349713 
0.999814 0.384601 0.559158 1500 0.349866 
0.999823 0.340568 1.03639 1500 0.52397 
0.999824 0.311277 1.36738 1500 0.52397 
0.999823 0.318535 0.609681 1500 1.26524 
0.999824 0.324312 1.36738 1500 1.21646 
0.999824 0.324312 0.195197 1500 1.21646 
0.999818 0.370397 0.716243 1500 1.53503 
0.99982 0.360967 1.41024 1500 0.81742 
0.999814 0.384562 0.559603 1500 1.20699 
0.999824 0.315804 1.31417 1500 0.293757 
0.999823 0.292491 1.58237 1500 1.20699 
0.999819 0.368052 0.478652 1500 0.741515 
0.999822 0.343952 0.478652 1500 0.999714 
0.999824 0.311277 1.36738 1500 0.293757 
0.999819 0.356854 1.41024 1500 0.83919 
0.999824 0.321833 0.609681 1500 1.24465 
0.999824 0.32515 0.400005 1500 1.20699 
0.99982 0.360967 0.400005 1500 0.81742 
0.999992 0.00363393 0.150113 1500 0.980229 
0.999824 0.315804 1.31417 1500 1500 
0.999824 0.309543 1.388 1500 1.53503 
0.999819 0.36592 0.764414 1500 3.31485 
0.999824 0.315804 1.31417 1500 0.293757 
0.999823 0.320294 1.2449 1500 1.53503 
0.999823 0.322769 0.609681 1500 1.21646 
0.999824 0.311277 1.36738 1500 0.980229 
0.999823 0.34192 1.02171 1500 0.121332 
0.999823 0.317607 1.02171 1500 1.27602 
0.999986 0.00406292 0.195197 1500 0.565805 
0.999824 0.291549 0.47394 1500 1.61124 
0.999824 0.324329 1.21627 1500 0.507709 
0.999823 0.314345 1.31417 1500 0.960397 
0.999823 0.320294 1.2449 1500 3.31485 
0.999823 0.34192 1.02171 1500 0.980229 
0.999824 0.289051 1.64373 1500 0.261436 
0.999824 0.32515 1.28504 1500 1.20699 
0.999823 0.320294 1.2449 1500 5.32978 
0.999816 0.379177 0.620221 1500 0.324265 
0.999823 0.320316 1.1566 1500 1.24465 
0.999824 0.296726 1.84577 1500 1.54515 
0.999818 0.368551 0.388648 1500 0.736144 
0.999824 0.315804 1.31417 1500 0.324265 
0.999823 0.274201 1.84577 1500 0.556229 
0.999814 0.384562 0.559603 1500 0.920153 
0.999821 0.356574 0.864331 1500 1.27223 
0.999822 0.330041 0.195197 1500 1.13404 
0.999824 0.309543 1.388 1500 1.20699 
0.999823 0.34192 1.02171 1500 1.5462 
0.999824 0.32515 0.273516 1500 1.20699 
0.999824 0.287641 0.909409 1500 1.66225 
0.999814 0.384601 0.559158 1500 0.349866 
0.999819 0.368052 0.400005 1500 0.741515 
0.999993 0.00363393 0.150113 1500 0.349866 
0.999823 0.33317 1.36738 1500 1.11743 
0.999991 0.00367019 0.182865 1500 0.538536 
0.999823 0.331669 0.644417 1500 1.13404 
0.999824 0.32515 0.478652 1500 1.20699 
0.999817 0.373799 0.549742 1500 0.679335 
0.999824 0.319097 0.763936 1500 1.27602 
0.999824 0.321833 3.52494 1500 1.24465 
0.999823 0.340568 1.03639 1500 0.293757 
0.999981 0.00447491 0.179114 1500 1.05622 
0.999814 0.384562 0.559603 1500 0.980229 
0.999824 0.29753 0.124172 1500 1.53503 
0.999815 0.381769 3.63685 1500 0.59125 
0.999816 0.376988 0.644417 1500 0.241467 
0.999814 0.382595 0.581941 1500 0.538536 
0.999823 0.320316 0.644417 1500 1.24465 
0.999824 0.29753 1.61675 1500 1.53503 
0.999818 0.371621 0.702999 1500 0.495765 
0.999824 0.308744 1.39755 1500 0.293757 
0.999996 0.0035796 0.124172 1500 0.101887 
0.999824 0.311277 1.36738 1500 0.980229 
0.999819 0.36592 0.764414 1500 0.293757 
0.999824 0.321811 1.2449 1500 0.547373 
0.999824 0.324329 1.21627 1500 1500 
0.99999 0.00378443 0.195197 1500 0.288674 
0.999823 0.296205 0.195197 1500 1.53503 
0.999814 0.384562 0.559603 1500 5.32978 
0.999824 0.29753 0.195197 1500 1.53503 
0.999823 0.314345 1.31417 1500 0.293757 
0.999991 0.003678 0.189976 1500 0.429117 
0.999993 0.00363467 0.150774 1500 0.2535 
0.999824 0.293795 1.58237 1500 1.27223 
0.999814 0.384562 0.559603 1500 0.173999 
0.999823 0.320294 1.2449 1500 0.887768 
0.999824 0.315804 1.31417 1500 0.293757 
0.999814 0.382595 0.581941 1500 0.538536 
0.999816 0.377722 0.636331 1500 1.18257 
0.999823 0.323598 0.559158 1500 1.20699 
0.999818 0.371621 0.702999 1500 1.5462 
0.999824 0.319097 0.478652 1500 1.27602 
0.99982 0.363356 3.63685 1500 0.791879 
0.999824 0.291123 1.61675 1500 0.268788 
0.99998 0.00458175 0.158318 1500 1.20699 
0.999824 0.29753 3.7261 1500 1.53503 
0.999823 0.33317 1.31417 1500 1.11743 
0.999816 0.377722 0.636331 1500 0.268788 
0.999824 0.29753 0.182865 1500 1.53503 
0.999816 0.376942 0.454626 1500 0.644929 
0.999815 0.380083 0.644417 1500 0.610136 
0.999824 0.315804 1.31417 1500 0.4904 
0.999964 0.00579633 5.14766 1500 0.324265 
0.999823 0.27024 1.84577 1500 1.90251 
0.999818 0.369276 0.728338 1500 1500 
0.999824 0.300278 1.50072 1500 3.1822 
0.999819 0.356854 2.3556 1500 0.83919 
0.999995 0.0035796 0.454626 1500 0.101887 
0.999824 0.309543 1.388 1500 0.438302 
0.999823 0.33212 0.478652 1500 1.12905 
0.999818 0.371621 0.702999 1500 0.980229 
0.999823 0.320294 1.2449 1500 0.741515 
0.999823 0.309539 0.755632 1500 1.37117 
0.999824 0.311277 1.36738 1500 0.268788 
0.999823 0.314345 1.31417 1500 2.45886 
0.999814 0.383407 0.572752 1500 0.349866 
0.999824 0.298724 1.52007 1500 0.293757 
0.999823 0.314345 1.31417 1500 1500 
0.999822 0.330041 23.379 1500 1.13404 
0.999824 0.309562 1.38778 1500 0.4904 
0.999824 0.293795 1.58237 1500 0.980229 
0.999823 0.338217 1.062 1500 2.39358 
0.999823 0.331669 0.984863 1500 1.13404 
0.999824 0.315804 1.31417 1500 0.429117 
0.999824 0.292818 0.478652 1500 1.59489 
0.999814 0.414602 1500 1500 0.101887 
0.999823 0.309856 1.36738 1500 0.980229 
0.999814 0.414602 0.373107 1500 0.101887 
0.999823 0.296205 0.909409 1500 1.53503 
0.999823 0.325743 0.158318 1500 1.18257 
0.999823 0.320294 1.2449 1500 0.980229 
0.999978 0.00465266 1.31417 1500 0.293757 
0.999823 0.323598 7.45513 1500 1.20699 
0.999822 0.342406 1.01644 1500 0.52397 
0.99982 0.360967 3.63685 1500 0.81742 
0.999824 0.315804 1.31417 1500 0.293757 
0.999824 0.32515 1.84577 1500 1.20699 
0.999814 0.384562 0.559603 1500 0.174728 
0.999992 0.00363467 0.150774 1500 1.14374 
0.999823 0.274201 1.84577 1500 0.324265 
0.999814 0.384562 0.559603 1500 0.324265 
0.99982 0.360967 3.7261 1500 0.81742 
0.999824 0.29753 1.84577 1500 1.53503 
0.999824 0.315804 1.31417 1500 0.502708 
0.999824 0.29753 3.7261 1500 1.53503 
0.999993 0.00363467 0.150774 1500 0.438969 
0.999824 0.319097 0.478652 1500 1.27602 
0.999823 0.296205 0.763936 1500 1.53503 
0.99982 0.360967 0.361575 1500 0.81742 
0.999819 0.366484 1.41024 1500 0.75836 
0.999823 0.309856 1.36738 1500 0.293757 
0.999823 0.272369 1.87184 1500 0.222729 
0.999824 0.321811 1.2449 1500 2.45886 
0.999816 0.377722 0.636331 1500 1.20699 
0.999814 0.384601 0.559158 1500 0.415269 
0.999819 0.368052 0.482595 1500 0.741515 
0.999823 0.331669 0.644417 1500 1.13404 
0.999823 0.331897 0.478652 1500 1.13151 
0.99982 0.360967 0.361575 1500 0.81742 
0.999824 0.321833 3.63685 1500 1.24465 
0.999823 0.274201 1.84577 1500 0.222729 
0.999817 0.375801 2.15597 1500 0.65746 
0.999992 0.00364306 0.158318 1500 0.471993 
0.999824 0.291123 1.61675 1500 4.14741 
0.999816 0.376988 0.644417 1500 0.538536 
0.999823 0.33212 0.400005 1500 1.12905 
0.999824 0.321811 1.2449 1500 0.52397 
0.999968 0.00566153 4.23586 1500 0.222729 
0.999976 0.00506119 0.150402 1500 2.08462 
0.999823 0.314345 1.31417 1500 5.32978 
0.999824 0.321833 1.84577 1500 1.24465 
0.999982 0.00447491 0.150402 1500 1.05622 
0.999824 0.2834 0.450568 1500 1.71875 
0.999823 0.314345 1.31417 1500 0.742788 
0.999823 0.314345 1.31417 1500 0.50407 
0.999823 0.314345 1.31417 1500 0.429097 
0.999824 0.292818 4.54454 1500 1.59489 
0.999818 0.371621 0.702999 1500 2.1602 
0.99982 0.360967 0.361575 1500 0.81742 
0.999822 0.346119 0.976338 1500 0.261436 
0.999813 0.385081 0.553659 1500 0.225443 
0.999977 0.00485721 0.182865 1500 1.66225 
0.999822 0.346119 0.976338 1500 0.980229 
0.999824 0.311277 1.36738 1500 1.20699 
0.999824 0.315804 1.31417 1500 0.261436 
0.999814 0.382595 0.581941 1500 3.02992 
0.999824 0.321833 1.31417 1500 1.24465 
0.999823 0.272369 1.87184 1500 0.4904 
0.999816 0.377722 0.636331 1500 0.980229 
0.999824 0.292818 1.84577 1500 1.59489 
0.999823 0.296205 3.63685 1500 1.53503 
0.999823 0.308136 1.388 1500 0.538536 
0.999824 0.308744 1.39755 1500 3.1822 
0.999979 0.00458819 0.299743 1500 1.21646 
0.999824 0.311277 1.36738 1500 2.39358 
0.999824 0.315804 1.31417 1500 0.742788 
0.999824 0.315804 1.31417 1500 1.20699 
0.999824 0.29753 1.44638 1500 1.53503 
