0.999915 1.25176 0.0987166 138.804 8.89996 100000 100000 100000 0.652781 0.0505688 100000 100000 6.50209 0.0993151 2.02611 100000 9.47464 0.189648 2.27843 100000 100000 100000 61.6084 
0.999885 1.2539 0.160712 135.881 100000 100000 100000 212.13 100000 1.08607 7.02973 100000 4.23333 0.0993151 3.62739 100000 100000 100000 445.179 100000 0.454187 100000 100000 
0.999927 1.18771 0.176396 2.70486 100000 3.8091 100000 100000 164.604 100000 1.27986 100000 100000 100000 100000 100000 100000 0.0596259 0.322982 100000 4.37475 6.61625 0.0465044 
0.999927 1.18771 0.176396 62.3544 100000 3.8091 100000 100000 100000 0.0505688 1.27986 100000 100000 100000 100000 100000 100000 0.342995 1.67342 100000 100000 6.61625 0.0465044 
0.999927 1.18771 0.176396 100000 100000 3.8091 100000 100000 164.604 211.695 1.27986 100000 100000 100000 100000 100000 100000 0.0596259 2.27843 100000 0.249139 6.61625 0.0465044 
0.999927 1.18771 0.176396 2.70486 100000 3.8091 100000 100000 164.604 100000 1.27986 100000 100000 100000 0.93938 100000 100000 0.0596259 0.322982 100000 4.37475 6.61625 0.0465044 
0.999927 1.18771 100000 2.70486 100000 3.8091 100000 100000 1.72954 0.324258 1.27986 100000 100000 2.15751 622.165 100000 100000 5.96286 0.163702 100000 1.36724 6.61625 0.0465044 
0.999937 1.03006 100000 5.21318 100000 0.0486807 100000 100000 0.652781 100000 0.187039 100000 100000 100000 488.114 100000 100000 100000 100000 100000 2.77308 100000 0.0465044 
0.999927 1.18771 0.176396 1.85305 100000 3.8091 100000 100000 100000 0.0505688 1.27986 100000 100000 100000 100000 100000 100000 0.342995 1.67342 100000 100000 6.61625 16.2337 
0.999927 1.18771 0.176396 100000 100000 3.8091 100000 100000 0.0677864 0.324258 1.27986 100000 100000 100000 100000 100000 100000 0.0596259 2.27843 100000 0.249139 6.61625 100000 
0.999927 1.18771 174.574 859.396 100000 3.8091 100000 100000 100000 0.0505688 1.27986 100000 100000 100000 26.6418 100000 100000 100000 100000 100000 100000 0.382472 0.0465044 
0.999927 1.18771 0.176396 2.70486 100000 3.8091 100000 100000 100000 0.0505688 1.27986 100000 100000 100000 100000 100000 100000 0.0596259 0.322982 100000 4.37475 6.61625 0.0465044 
0.999927 1.18821 100000 2.70486 100000 3.8091 100000 100000 0.636597 0.516935 1.29365 100000 100000 0.158787 2.02611 100000 100000 0.0596259 0.322982 100000 4.37475 0.382472 5.33454 
0.999937 1.03006 100000 0.0499716 100000 0.0486807 100000 100000 164.604 100000 0.187039 100000 100000 100000 100000 100000 100000 0.227798 100000 100000 2.77308 0.177085 0.0669738 
0.999927 1.18771 0.118524 1.85305 100000 3.8091 100000 100000 100000 0.0505688 1.27986 100000 100000 100000 100000 100000 100000 100000 2.27843 100000 100000 100000 0.0669738 
0.999919 1.23817 1.85061 0.87125 100000 100000 100000 0.76766 0.652781 0.324258 100000 100000 6.50209 100000 100000 100000 100000 308.396 2.27843 100000 100000 100000 100000 
0.999934 1.1077 0.176396 2.70486 100000 0.219114 100000 100000 7.10751 937.455 1.27986 100000 100000 100000 0.18083 100000 100000 5.12645 0.322982 100000 370.202 6.61625 0.0465044 
0.999927 1.18771 59.9062 1.85305 100000 3.8091 100000 100000 100000 100000 1.27986 100000 100000 100000 100000 100000 100000 0.342995 0.322982 100000 4.37475 6.61625 0.0465044 
0.999936 1.0558 100000 5.21318 100000 0.0486807 100000 100000 0.0581674 2.33528 0.518359 100000 100000 100000 100000 100000 100000 100000 100000 100000 2.77308 100000 0.0465044 
0.999934 1.08622 100000 100000 100000 0.0486807 100000 100000 3.98991 100000 1.27986 100000 100000 510.293 0.361278 100000 100000 100000 4.19478 100000 2.77308 85.0122 0.0465044 
0.999927 1.18771 100000 2.70486 100000 3.8091 100000 100000 100000 0.324258 1.27986 100000 100000 0.357421 100000 100000 100000 0.0596259 0.163702 100000 4.37475 6.61625 0.309973 
0.999927 1.18771 100000 62.3544 100000 3.8091 100000 100000 1.72954 14.7896 1.27986 100000 100000 2.15751 100000 100000 100000 0.342995 1.67342 100000 100000 6.61625 0.0465044 
0.999927 1.18771 0.0505246 4.13674 100000 3.8091 100000 100000 100000 0.0444173 1.27986 100000 100000 47.5484 1.06163 100000 100000 5.96286 0.163702 100000 1.36724 6.61625 100000 
0.999927 1.18771 0.176396 2.70486 100000 3.8091 100000 100000 0.0677864 0.324258 1.27986 100000 100000 100000 100000 100000 100000 0.0596259 2.27843 100000 0.249139 6.61625 100000 
0.999934 1.08622 100000 0.0499716 100000 0.0486807 100000 100000 100000 0.324258 1.27986 100000 100000 2.15751 120.748 100000 100000 0.227798 0.921454 100000 0.0681939 6.61625 0.0669738 
0.999927 1.18771 0.118524 1.85305 100000 3.8091 100000 100000 100000 0.324258 1.27986 100000 100000 100000 100000 100000 100000 0.119403 2.27843 100000 4.37475 100000 0.0465044 
0.999927 1.18771 0.176396 2.70486 100000 3.8091 100000 100000 0.0677864 0.324258 1.27986 100000 100000 100000 622.165 100000 100000 0.0596259 0.163702 100000 0.249139 6.61625 0.0465044 
0.999927 1.18821 0.176396 405.815 100000 3.8091 100000 100000 100000 0.0734351 1.29365 100000 100000 0.158787 0.714598 100000 100000 3.81652 0.322982 100000 4.37475 0.0975675 5.33454 
0.999879 1.25974 100000 623.544 100000 7.99247 100000 5.21578 0.636597 100000 100000 100000 9.18246 0.158787 0.0544275 100000 100000 5.12645 2.27843 100000 3.51882 0.102175 0.0465044 
0.999927 1.18771 0.176396 100000 100000 3.8091 100000 100000 0.0581674 0.324258 1.27986 100000 100000 100000 100000 100000 100000 0.0596259 100000 100000 2.77308 6.61625 100000 
0.999927 1.18771 0.176396 1.85305 100000 3.8091 100000 100000 7.10751 937.455 1.27986 100000 100000 100000 0.18083 100000 100000 5.12645 1.67342 100000 370.202 6.61625 162.337 
0.999927 1.18771 0.118524 1.85305 100000 3.8091 100000 100000 5.50616 0.324258 1.27986 100000 100000 100000 100000 100000 100000 0.0596259 2.27843 100000 0.771433 100000 0.0669738 
0.999934 1.08622 100000 0.0499716 100000 0.0486807 100000 100000 100000 0.324258 1.27986 100000 100000 2.15751 100000 100000 100000 0.227798 0.921454 100000 0.0681939 6.61625 0.0465044 
0.999934 1.08622 0.176396 100000 100000 0.0486807 100000 100000 0.0677864 0.324258 1.27986 100000 100000 100000 100000 100000 100000 0.0596259 2.27843 100000 0.249139 85.0122 100000 
0.999927 1.18771 0.176396 2.70486 100000 3.8091 100000 100000 100000 100000 1.27986 100000 100000 100000 100000 100000 100000 0.0596259 2.27843 100000 4.37475 6.61625 0.0465044 
0.999927 1.18771 100000 1.85305 100000 3.8091 100000 100000 100000 14.7896 1.27986 100000 100000 2.15751 0.557923 100000 100000 0.342995 1.67342 100000 4.37475 6.61625 0.0465044 
0.999927 1.18771 100000 62.3544 100000 3.8091 100000 100000 1.72954 0.0505688 1.27986 100000 100000 2.15751 100000 100000 100000 2.86621 1.67342 100000 100000 6.61625 0.0465044 
0.999927 1.18771 100000 4.50471 100000 3.8091 100000 100000 100000 0.324258 1.27986 100000 100000 100000 100000 100000 100000 1.30259 2.27843 100000 0.0681939 6.61625 0.0669738 
0.999927 1.18821 0.176396 5.04863 100000 3.8091 100000 100000 247.083 0.0734351 1.29365 100000 100000 0.158787 0.714598 100000 100000 0.0596259 0.322982 100000 4.37475 0.0975675 5.33454 
0.999927 1.18771 100000 0.362559 100000 3.8091 100000 100000 0.652781 100000 1.27986 100000 100000 100000 488.114 100000 100000 0.0596259 2.27843 100000 2.77308 6.61625 0.0465044 
0.999925 1.21493 0.176396 1.85305 100000 3.8091 100000 100000 100000 0.0505688 2.4736 100000 100000 8.8948 100000 100000 100000 5.12645 1.67342 100000 100000 0.507415 0.0465044 
0.999927 1.18771 0.0505246 4.13674 100000 3.8091 100000 100000 100000 0.0444173 1.27986 100000 100000 100000 1.06163 100000 100000 0.0596259 0.0540628 100000 1.36724 6.61625 100000 
0.999927 1.18821 0.0554806 0.708606 100000 3.8091 100000 100000 2.11071 0.516935 1.29365 100000 100000 0.158787 2.02611 100000 100000 0.119403 0.322982 100000 100000 199.788 616.084 
0.99988 1.25639 0.0987166 0.10237 100000 15.6182 6.59741 100000 100000 100000 100000 100000 100000 100000 100000 100000 100000 0.342995 256.022 100000 4.37475 6.61625 0.0465044 
0.999927 1.18771 6.07296 100000 100000 3.8091 100000 100000 3.98991 100000 1.27986 100000 100000 295.207 100000 100000 100000 100000 1.67342 100000 100000 6.61625 0.0465044 
0.999927 1.18771 0.176396 1.85305 100000 3.8091 100000 100000 100000 0.0505688 1.27986 100000 100000 100000 0.18083 100000 100000 5.12645 1.67342 100000 0.892821 6.61625 0.0465044 
0.999934 1.08622 100000 1.85305 100000 0.0486807 100000 100000 100000 0.324258 1.27986 100000 100000 0.771718 0.18083 100000 100000 0.227798 0.921454 100000 0.0681939 4.7072 0.0465044 
0.999927 1.18771 0.176396 2.70486 100000 3.8091 100000 100000 0.0677864 0.324258 1.27986 100000 100000 310.873 0.18083 100000 100000 5.12645 2.27843 100000 0.249139 6.61625 0.0465044 
0.999927 1.18771 0.176396 2.70486 100000 3.8091 100000 100000 164.604 1.08607 1.27986 100000 100000 83.9051 100000 100000 100000 0.342995 2.27843 100000 4.37475 100000 0.0572219 
0.999927 1.18771 100000 2.70486 100000 3.8091 100000 100000 56.1036 0.0505688 1.27986 100000 100000 100000 0.714598 100000 100000 0.0869155 100000 100000 100000 6.61625 0.0465044 
0.999927 1.18771 0.176396 100000 100000 3.8091 100000 100000 0.0677864 0.324258 1.27986 100000 100000 100000 60.7885 100000 100000 0.141231 100000 100000 0.249139 6.61625 0.0465044 
0.999934 1.08622 0.176396 100000 100000 0.0486807 100000 100000 0.0581674 0.324258 1.27986 100000 100000 100000 100000 100000 100000 100000 1.7748 100000 2.77308 6.61625 0.0465044 
0.999927 1.18771 0.176396 623.544 100000 3.8091 100000 100000 0.186726 147.896 1.27986 100000 100000 2.15751 100000 100000 100000 3.81652 0.322982 100000 4.37475 6.61625 0.0465044 
0.999927 1.18771 59.9062 1.85305 100000 3.8091 100000 100000 100000 100000 1.27986 100000 100000 0.068581 11.6053 100000 100000 100000 0.322982 100000 4.37475 2.21051 0.0465044 
0.999927 1.18771 0.175882 1.85305 100000 3.8091 100000 100000 5.50616 100000 1.27986 100000 100000 100000 100000 100000 100000 0.0596259 2.27843 100000 4.37475 100000 0.0465044 
0.999927 1.18771 0.176396 0.0571447 100000 3.8091 100000 100000 0.0677864 0.324258 1.27986 100000 100000 100000 26.6418 100000 100000 0.0596259 2.27843 100000 0.249139 6.61625 100000 
0.999927 1.18771 100000 100000 100000 3.8091 100000 100000 321.782 211.695 1.27986 100000 100000 100000 100000 100000 100000 0.0900568 2.27843 100000 1.36724 6.61625 0.0465044 
0.999927 1.18771 0.118524 1.85305 100000 3.8091 100000 100000 5.50616 0.324258 1.27986 100000 100000 100000 1.06163 100000 100000 5.96286 2.27843 100000 1.64843 100000 100000 
0.999936 1.06295 0.176396 100000 100000 0.411994 100000 100000 0.0677864 100000 0.187039 100000 100000 100000 100000 100000 100000 100000 100000 100000 2.77308 100000 0.15462 
0.999927 1.18771 166.228 0.0499716 100000 3.8091 100000 100000 100000 0.0505688 1.27986 100000 100000 2.15751 100000 100000 100000 0.342995 1.67342 100000 0.0681939 6.61625 162.337 
0.999934 1.12634 0.176396 4.13674 100000 0.428911 100000 100000 32.1782 0.0444173 1.27986 100000 100000 475.484 0.264243 100000 100000 0.0596259 0.322982 100000 4.37475 6.61625 100000 
0.999927 1.18771 100000 2.70486 100000 3.8091 100000 100000 1.72954 147.896 1.27986 100000 100000 2.15751 0.224906 100000 100000 0.342995 0.163702 100000 1.36724 6.61625 0.0465044 
0.999934 1.08622 0.176396 100000 100000 0.0486807 100000 100000 3.98991 100000 1.27986 100000 100000 14.0685 0.361278 100000 100000 100000 4.19478 100000 4.37475 85.0122 0.0465044 
0.999927 1.18771 0.176396 2.70486 100000 3.8091 100000 100000 0.0677864 0.324258 1.27986 100000 100000 100000 100000 100000 100000 0.0596259 2.27843 100000 4.37475 6.61625 100000 
0.99989 1.25379 0.0987166 138.804 100000 100000 100000 100000 0.652781 0.0505688 100000 100000 6.50209 0.0993151 100000 100000 7.06302 0.189648 2.27843 100000 100000 100000 100000 
0.999927 1.18771 0.0505246 4.13674 100000 3.8091 100000 100000 100000 0.0444173 1.27986 100000 100000 475.484 1.06163 100000 100000 3.81652 0.322982 100000 1.36724 6.61625 0.0465044 
0.999927 1.18771 19.2386 623.544 100000 3.8091 100000 100000 100000 0.324258 1.27986 100000 100000 100000 0.404432 100000 100000 0.0596259 2.27843 100000 100000 6.61625 100000 
0.999934 1.08885 100000 1.85305 100000 0.0486807 100000 100000 100000 0.324258 1.38816 100000 100000 100000 0.18083 100000 100000 0.227798 2.27843 100000 0.0681939 100000 0.0465044 
0.999927 1.18821 0.118524 1.85305 100000 3.8091 100000 100000 100000 0.0505688 1.29365 100000 100000 1.15358 100000 100000 100000 3.81652 0.322982 100000 100000 0.0975675 0.214425 
0.999927 1.18771 0.0505246 4.13674 100000 3.8091 100000 100000 100000 0.0444173 1.27986 100000 100000 8.10105 1.06163 100000 100000 0.0596259 861.283 100000 4.37475 0.382472 5.33454 
0.999931 1.17454 0.176396 100000 100000 1.78223 100000 100000 0.0677864 0.0444173 1.27986 100000 100000 100000 1.06163 100000 100000 0.0596259 2.27843 100000 1.36724 6.61625 100000 
0.999927 1.18771 0.176396 2.70486 100000 3.8091 100000 100000 3.65267 0.324258 1.27986 100000 100000 2.15751 100000 100000 100000 0.0596259 0.163702 100000 0.249139 6.61625 0.0465044 
0.999927 1.18771 100000 1.85305 100000 3.8091 100000 100000 100000 0.0505688 1.27986 100000 100000 100000 100000 100000 100000 100000 1.67342 100000 100000 100000 0.0669738 
0.999927 1.18771 0.176396 2.70486 100000 3.8091 100000 100000 138.009 0.324258 1.27986 100000 100000 100000 100000 100000 100000 1.30259 2.27843 100000 0.0681939 6.61625 0.0669738 
0.999927 1.18771 0.176396 1.85305 100000 3.8091 100000 100000 5.50616 147.896 1.27986 100000 100000 2.15751 0.557923 100000 100000 0.342995 0.163702 100000 2.28316 6.61625 0.0465044 
0.999937 1.02929 0.121815 2.70486 100000 0.0486807 100000 100000 100000 100000 0.179394 100000 100000 100000 488.114 100000 100000 3.81652 462.009 100000 4.37475 7.4264 0.0465044 
0.999934 1.08622 0.176396 2.70486 100000 0.0486807 100000 100000 164.604 0.324258 1.27986 100000 100000 100000 100000 100000 100000 557.071 100000 100000 2.77308 0.177085 0.0669738 
0.999927 1.18771 0.176396 62.3544 100000 3.8091 100000 100000 100000 0.244582 1.27986 100000 100000 810.481 100000 100000 100000 0.0596259 1.67342 100000 4.37475 6.61625 0.0465044 
0.999927 1.18771 100000 2.70486 100000 3.8091 100000 100000 164.604 0.516935 1.27986 100000 100000 100000 100000 100000 100000 117.238 0.322982 100000 4.37475 6.61625 5.33454 
0.999927 1.18771 0.118524 1.85305 100000 3.8091 100000 100000 7.10751 937.455 1.27986 100000 100000 100000 100000 100000 100000 5.12645 2.27843 100000 602.528 6.61625 0.0669738 
0.999927 1.18771 0.176396 2.70486 100000 3.8091 100000 100000 0.652781 100000 1.27986 100000 100000 100000 0.93938 100000 100000 0.0596259 2.27843 100000 2.77308 6.61625 0.0465044 
0.999934 1.08658 100000 5.21318 100000 0.0486807 100000 100000 0.0581674 0.0734351 1.29365 100000 100000 100000 100000 100000 100000 0.0596259 100000 100000 4.37475 0.0975675 0.0465044 
0.999927 1.18771 100000 4.13674 100000 3.8091 100000 100000 100000 0.0505688 1.27986 100000 100000 2.15751 100000 100000 100000 2.86621 1.67342 100000 100000 6.61625 479.241 
0.999934 1.09078 100000 0.828764 100000 0.0798302 100000 100000 1.72954 0.324258 1.27986 100000 100000 2.15751 100000 100000 100000 2.86621 0.163702 100000 4.37475 6.61625 0.0465044 
0.999927 1.18771 100000 2.9442 100000 3.8091 100000 100000 164.604 100000 1.27986 100000 100000 83.9051 2.02611 100000 100000 100000 100000 100000 4.37475 6.61625 0.0465044 
0.999927 1.18771 0.057217 623.544 100000 3.8091 100000 100000 100000 100000 1.27986 100000 100000 100000 1.06163 100000 100000 0.342995 1.67342 100000 0.944209 100000 100000 
0.999927 1.18771 0.176396 100000 100000 3.8091 100000 100000 2.11071 0.324258 1.27986 100000 100000 0.158787 100000 100000 100000 1.96974 100000 100000 100000 6.61625 100000 
0.999927 1.18771 0.176396 100000 100000 3.8091 100000 100000 164.604 0.324258 1.27986 100000 100000 100000 100000 100000 100000 0.0596259 100000 100000 2.77308 6.61625 100000 
0.999927 1.18771 0.176396 2.70486 100000 3.8091 100000 100000 7.10751 0.331038 1.27986 100000 100000 100000 0.18083 100000 100000 0.0596259 8.12831 100000 100000 6.61625 0.0897659 
0.999936 1.0558 100000 100000 100000 0.0486807 100000 100000 0.0677864 0.324258 0.518359 100000 100000 100000 100000 100000 100000 0.141231 9.12845 100000 278.056 6.61625 0.0465044 
0.999927 1.18771 0.176396 100000 100000 3.8091 100000 100000 100000 0.0505688 1.27986 100000 100000 100000 100000 100000 100000 0.0596259 0.322982 100000 4.37475 0.0490109 0.0465044 
0.999927 1.18771 1.41621 100000 100000 3.8091 100000 100000 100000 0.0505688 1.27986 100000 100000 100000 26.6418 100000 100000 0.0596259 100000 100000 100000 6.61625 0.0465044 
0.999927 1.18771 174.574 2.70486 100000 3.8091 100000 100000 19.5713 0.0505688 1.27986 100000 100000 100000 0.18083 100000 100000 100000 0.322982 100000 370.202 0.382472 0.521783 
0.999927 1.18771 100000 1.85305 100000 3.8091 100000 100000 56.1036 0.0734351 1.27986 100000 100000 100000 0.714598 100000 100000 0.0914645 0.322982 100000 4.37475 1.93604 0.0465044 
0.999927 1.18821 166.228 0.0499716 100000 3.8091 100000 100000 100000 0.0505688 1.29365 100000 100000 0.158787 100000 100000 100000 488.187 1.67342 100000 100000 100000 162.337 
0.999927 1.18771 0.176396 100000 100000 3.8091 100000 100000 3.98991 100000 1.27986 100000 100000 140.685 100000 100000 100000 0.0596259 2.27843 100000 4.37475 85.0122 0.0465044 
0.999927 1.18771 0.176396 100000 100000 3.8091 100000 100000 0.0677864 0.324258 1.27986 100000 100000 100000 100000 100000 100000 0.0596259 2.27843 100000 0.249139 6.61625 0.0465044 
0.999927 1.18771 100000 100000 100000 3.8091 100000 100000 100000 0.059851 1.27986 100000 100000 100000 0.714598 100000 100000 3.82855 100000 100000 0.249139 6.61625 0.0465044 
0.999927 1.18771 0.0481019 0.0571447 100000 3.8091 100000 100000 100000 0.0505688 1.27986 100000 100000 2.15751 100000 100000 100000 0.342995 2.27843 100000 0.249139 6.61625 100000 
0.999922 1.22704 0.118524 1.85305 100000 3.8091 100000 100000 5.50616 0.0505688 3.87697 100000 100000 100000 100000 100000 100000 0.0596259 2.27843 100000 0.771433 6.61625 0.0669738 
0.999927 1.18771 100000 2.70486 100000 3.8091 100000 100000 100000 0.0444173 1.27986 100000 100000 100000 1.06163 100000 100000 0.0596259 100000 100000 1.36724 0.808962 100000 
0.999927 1.18771 100000 623.544 100000 3.8091 100000 100000 100000 0.324258 1.27986 100000 100000 100000 0.404432 100000 100000 0.342995 2.27843 100000 100000 6.61625 0.0465044 
0.999927 1.18771 100000 2.70486 100000 3.8091 100000 100000 0.636597 2.92436 1.27986 100000 100000 0.158787 2.02611 100000 100000 0.0900568 0.322982 100000 1.36724 6.61625 0.0465044 
0.999927 1.18771 0.176396 0.0535148 100000 3.8091 100000 100000 0.652781 100000 1.27986 100000 100000 100000 0.93938 100000 100000 0.0596259 0.322982 100000 4.37475 100000 4.16945 
0.999936 1.0558 100000 1.85305 100000 0.0486807 100000 100000 0.0581674 2.33528 0.518359 100000 100000 100000 100000 100000 100000 100000 100000 100000 2.77308 100000 0.0465044 
0.999934 1.08622 538.594 100000 100000 0.0486807 100000 100000 0.0677864 0.324258 1.27986 100000 100000 100000 100000 100000 100000 0.0596259 2.27843 100000 0.249139 850.122 100000 
0.999934 1.12314 100000 100000 100000 0.387409 100000 100000 100000 211.695 1.27986 100000 100000 100000 100000 100000 100000 1.30259 2.27843 100000 0.249139 6.61625 0.0465044 
0.999927 1.18771 0.176396 1.85305 100000 3.8091 100000 100000 5.50616 100000 1.27986 100000 100000 588.521 23.4685 100000 100000 0.0596259 2.27843 100000 4.37475 6.61625 1.64628 
0.999934 1.11897 100000 4.50471 100000 0.337143 100000 100000 100000 0.324258 1.27986 100000 100000 100000 100000 100000 100000 3.81652 0.322982 100000 4.37475 6.61625 5.33454 
0.999927 1.18771 52.8443 100000 100000 3.8091 100000 100000 0.0677864 100000 1.27986 100000 100000 100000 0.762267 100000 100000 0.0596259 2.27843 100000 0.249139 6.61625 0.0465044 
0.999927 1.18771 0.29463 2.70486 100000 3.8091 100000 100000 3.98991 0.324258 1.27986 100000 100000 100000 0.714598 100000 100000 9.89318 2.27843 100000 100000 6.61625 0.0465044 
0.999927 1.18821 0.176396 0.708606 100000 3.8091 100000 100000 2.11071 0.516935 1.29365 100000 100000 0.158787 2.02611 100000 100000 3.81652 0.322982 100000 4.37475 199.788 5.33454 
0.999934 1.08622 0.118524 1.85305 100000 0.0486807 100000 100000 100000 0.0505688 1.27986 100000 100000 100000 100000 100000 100000 0.227798 0.921454 100000 0.0681939 100000 0.0669738 
0.999927 1.18771 0.176396 100000 100000 3.8091 100000 100000 0.0677864 0.324258 1.27986 100000 100000 100000 100000 100000 100000 0.0596259 2.27843 100000 0.249139 0.891622 100000 
0.999927 1.18771 0.118524 100000 100000 3.8091 100000 100000 0.0677864 0.324258 1.27986 100000 100000 100000 0.4725 100000 100000 5.96286 100000 100000 0.249139 100000 0.0465044 
0.999937 1.03006 100000 0.0499716 100000 0.0486807 100000 100000 100000 100000 0.187039 100000 100000 100000 0.968935 100000 100000 0.227798 5.19331 100000 2.77308 0.177085 0.0465044 
0.999927 1.18771 0.118524 100000 100000 3.8091 100000 100000 100000 100000 1.27986 100000 100000 140.685 0.361278 100000 100000 3.81652 0.322982 100000 100000 0.0975675 0.214425 
0.999934 1.09168 0.160712 4.50471 100000 0.0863226 100000 100000 120.195 0.324258 1.27986 100000 100000 100000 3.62739 100000 100000 1.30259 445.179 100000 9.05469 100000 0.0669738 
0.999934 1.11313 0.176396 4.13674 100000 0.428911 100000 100000 32.1782 0.0444173 0.899223 100000 100000 100000 0.264243 100000 100000 0.0596259 0.322982 100000 4.37475 189.647 100000 
0.999934 1.08658 0.118524 1.85305 100000 0.0486807 100000 100000 100000 0.324258 1.29365 100000 100000 1.15358 2.90185 100000 100000 0.227798 0.322982 100000 100000 4.7072 0.0465044 
0.999922 1.22716 100000 2.70486 100000 3.8091 100000 100000 0.652781 100000 3.89957 100000 100000 100000 100000 100000 100000 0.0596259 0.322982 100000 4.37475 6.61625 0.0465044 
0.999927 1.18821 100000 0.362559 100000 3.8091 100000 100000 100000 100000 1.29365 100000 100000 1.15358 100000 100000 100000 0.0596259 2.27843 100000 100000 6.61625 0.0465044 
0.999936 1.03682 100000 100000 100000 0.104324 100000 100000 0.0677864 100000 0.187039 100000 100000 100000 26.6418 100000 100000 100000 100000 100000 100000 0.382472 0.15462 
0.999927 1.18771 0.176396 1.85305 100000 3.8091 100000 100000 100000 970.88 1.27986 100000 100000 100000 100000 100000 100000 5.12645 1.67342 100000 4.37475 100000 0.0465044 
0.999927 1.18771 0.176396 100000 100000 3.8091 100000 100000 7.10751 0.324258 1.27986 100000 100000 100000 607.885 100000 100000 5.12645 100000 100000 345.327 6.61625 0.0465044 
0.999934 1.1077 0.176396 5.04863 100000 0.219114 100000 100000 7.10751 100000 1.27986 100000 100000 100000 0.18083 100000 100000 226.077 0.322982 100000 370.202 0.0975675 5.33454 
0.999925 1.21493 192.386 0.0757331 100000 3.8091 100000 100000 100000 0.324258 2.4736 100000 100000 638.058 0.404432 100000 100000 0.0596259 0.856255 100000 100000 0.507415 0.0629094 
0.999927 1.18771 0.176396 2.70486 100000 3.8091 100000 100000 164.604 100000 1.27986 100000 100000 100000 0.93938 100000 100000 5.12645 0.322982 100000 0.249139 6.61625 0.0465044 
0.999927 1.18821 0.0554806 2.70486 100000 3.8091 100000 100000 1.72954 0.331279 1.29365 100000 100000 2.15751 100000 100000 100000 0.119403 0.322982 100000 1.36724 199.788 0.0465044 
0.999927 1.18771 100000 2.70486 100000 3.8091 100000 100000 561.036 0.0505688 1.27986 100000 100000 100000 100000 100000 100000 0.0869155 3.43737 100000 100000 0.90926 0.0465044 
0.999934 1.1077 0.140458 5.21318 100000 0.219114 100000 100000 0.0581674 2.33528 1.27986 100000 100000 100000 100000 100000 100000 100000 100000 100000 0.0507855 6.61625 819.813 
0.999927 1.18771 100000 2.70486 100000 3.8091 100000 100000 56.1036 0.0505688 1.27986 100000 100000 2.15751 0.714598 100000 100000 0.0869155 0.163702 100000 100000 6.61625 0.0465044 
0.999927 1.18771 174.574 2.70486 100000 3.8091 100000 100000 100000 937.455 1.27986 100000 100000 100000 266.418 100000 100000 100000 0.322982 100000 100000 0.382472 0.0465044 
0.999927 1.18771 0.176396 100000 100000 3.8091 100000 100000 100000 1.08607 1.27986 100000 100000 839.051 100000 100000 100000 0.342995 2.27843 100000 4.37475 100000 0.0465044 
0.999934 1.12634 0.176396 4.13674 100000 0.428911 100000 100000 0.636597 7.35927 1.27986 100000 100000 0.158787 0.264243 100000 100000 0.0596259 0.322982 100000 4.37475 0.382472 100000 
0.999934 1.08622 100000 1.85305 100000 0.0486807 100000 100000 0.0817792 0.324258 1.27986 100000 100000 0.771718 0.18083 100000 100000 0.0596259 2.27843 100000 0.0681939 85.0122 100000 
0.999925 1.21493 0.176396 1.85305 100000 3.8091 100000 100000 19.7664 344.682 2.4736 100000 100000 100000 0.18083 100000 100000 5.12645 0.306178 100000 100000 0.507415 162.337 
0.999927 1.18771 0.118524 1.85305 100000 3.8091 100000 100000 7.10751 8.53086 1.27986 100000 100000 100000 100000 100000 100000 0.342995 2.27843 100000 100000 6.61625 0.0669738 
0.999927 1.18771 0.176396 2.70486 100000 3.8091 100000 100000 0.0677864 0.324258 1.27986 100000 100000 100000 2.02611 100000 100000 0.0596259 0.0659132 100000 4.37475 0.382472 0.515137 
0.999927 1.18771 1.48571 100000 100000 3.8091 100000 100000 100000 0.324258 1.27986 100000 100000 100000 0.714598 100000 100000 0.0596259 2.27843 100000 0.360561 6.61625 100000 
0.999919 1.23115 0.886767 1.85305 100000 3.8091 100000 100000 164.604 100000 5.21968 100000 100000 83.9051 0.36367 100000 100000 0.342995 2.27843 100000 553.643 100000 0.0465044 
0.999927 1.18771 0.121815 1.85305 100000 3.8091 100000 100000 0.0506065 100000 1.27986 100000 100000 100000 100000 100000 100000 3.81652 2.27843 100000 100000 7.4264 0.0465044 
0.999927 1.18771 0.176396 100000 100000 3.8091 100000 100000 0.0677864 0.324258 1.27986 100000 100000 100000 100000 100000 100000 0.0596259 51.7266 100000 100000 6.61625 100000 
0.999927 1.18771 100000 2.70486 100000 3.8091 100000 100000 100000 0.324258 1.27986 100000 100000 2.15751 622.165 100000 100000 5.96286 0.163702 100000 1.36724 6.61625 0.0465044 
0.999927 1.18771 0.121815 2.70486 100000 3.8091 100000 100000 100000 100000 1.27986 100000 100000 100000 26.6418 100000 100000 3.81652 462.009 100000 100000 0.382472 0.0465044 
0.999927 1.19256 390.886 1.85305 100000 3.8091 100000 100000 100000 0.0734351 1.42178 100000 100000 100000 100000 100000 100000 3.81652 0.322982 100000 4.37475 100000 0.763338 
0.999934 1.08622 100000 131.498 100000 0.0486807 100000 100000 100000 0.324258 1.27986 100000 100000 2.15751 100000 100000 100000 5.12645 60.5667 100000 0.0681939 6.61625 8.82042 
0.999927 1.18771 0.0505246 4.13674 100000 3.8091 100000 100000 164.604 660.21 1.27986 100000 100000 100000 1.06163 100000 100000 100000 0.322982 100000 4.37475 50.2649 0.0465044 
0.999927 1.18771 0.0505246 4.13674 100000 3.8091 100000 100000 100000 0.0444173 1.27986 100000 100000 679.828 622.165 100000 100000 5.96286 0.0540628 100000 1.36724 6.61625 100000 
0.999934 1.08885 100000 2.70486 100000 0.0486807 100000 100000 146.937 100000 1.38816 100000 100000 100000 2.8382 100000 100000 0.0596259 0.322982 100000 4.37475 100000 7.41697 
0.999934 1.08622 0.176396 100000 100000 0.0486807 100000 100000 171.333 0.324258 1.27986 100000 100000 100000 100000 100000 100000 0.227798 2.27843 100000 0.249139 85.0122 100000 
0.999927 1.18771 0.176396 100000 100000 3.8091 100000 100000 0.0677864 100000 1.27986 100000 100000 100000 100000 100000 100000 0.0596259 2.27843 100000 0.249139 6.61625 100000 
0.999927 1.18771 599.062 1.85305 100000 3.8091 100000 100000 100000 258.846 1.27986 100000 100000 100000 0.264243 100000 100000 100000 0.322982 100000 4.37475 5.88087 100000 
0.999934 1.08622 0.176396 100000 100000 0.0486807 100000 100000 1.72954 0.0505688 1.27986 100000 100000 2.15751 100000 100000 100000 2.86621 1.67342 100000 100000 6.61625 0.0465044 
0.999927 1.18771 0.110367 4.13674 100000 3.8091 100000 100000 0.104125 0.0444173 1.27986 100000 100000 8.10105 1.06163 100000 100000 7.04553 100000 100000 4.37475 0.122554 5.33454 
0.999927 1.18821 100000 2.70486 100000 3.8091 100000 100000 100000 0.0505688 1.29365 100000 100000 100000 100000 100000 100000 3.81652 0.322982 100000 100000 0.177085 0.0669738 
0.999927 1.18771 0.0505246 4.13674 100000 3.8091 100000 100000 100000 0.0444173 1.27986 100000 100000 100000 1.06163 100000 100000 0.0596259 861.283 100000 4.37475 31.9515 5.33454 
0.999927 1.18771 0.176396 623.544 100000 3.8091 100000 100000 0.0677864 0.324258 1.27986 100000 100000 100000 100000 100000 100000 7.52808 1.67342 100000 0.249139 6.61625 0.0465044 
0.999927 1.18754 0.176396 62.3544 100000 3.69519 100000 100000 1.72954 0.324258 1.27986 100000 100000 2.15751 622.165 100000 100000 0.0596259 0.163702 100000 0.249139 652.801 0.0465044 
0.999934 1.08622 0.176396 100000 100000 0.0486807 100000 100000 164.604 100000 1.27986 100000 100000 100000 100000 100000 100000 0.0596259 462.009 100000 0.249139 7.4264 0.0465044 
0.999925 1.21493 0.176396 1.85305 100000 3.8091 100000 100000 100000 0.0505688 2.4736 100000 100000 8.8948 100000 100000 100000 100000 0.720539 100000 100000 32.1761 0.0465044 
0.999927 1.18771 0.176396 2.70486 100000 3.8091 100000 100000 100000 0.0444173 1.27986 100000 100000 83.9051 5.44955 100000 100000 3.3289 0.0540628 100000 1.36724 100000 0.0572219 
0.999934 1.08622 0.176396 100000 100000 0.0486807 100000 100000 0.673501 100000 1.27986 100000 100000 100000 100000 100000 100000 0.0900568 2.27843 100000 4.37475 6.61625 0.0465044 
0.999927 1.18771 0.118524 1.85305 100000 3.8091 100000 100000 136.902 100000 1.27986 100000 100000 100000 100000 100000 100000 0.342995 0.322982 100000 100000 6.61625 0.0465044 
0.999927 1.18771 192.386 100000 100000 3.8091 100000 100000 7.26381 0.324258 1.27986 100000 100000 100000 1.06163 100000 100000 0.0596259 2.27843 100000 100000 2.1499 100000 
0.999927 1.18771 100000 62.3544 100000 3.8091 100000 100000 1.72954 14.7896 1.27986 100000 100000 2.15751 1.70371 100000 100000 0.342995 1.67342 100000 100000 1.67904 0.0465044 
0.999931 1.17499 0.176396 100000 100000 1.78223 100000 100000 0.636597 0.0444173 1.29365 100000 100000 1.74622 2.02611 100000 100000 0.0596259 0.322982 100000 4.06814 0.382472 5.33454 
0.999937 1.03006 235.858 0.0499716 100000 0.0486807 100000 100000 1.61085 2.33528 0.187039 100000 100000 100000 100000 100000 100000 0.227798 100000 100000 2.77308 0.177085 0.0465044 
0.999934 1.08622 0.176396 1.85305 100000 0.0486807 100000 100000 0.658129 0.0549839 1.27986 100000 100000 100000 1.06163 100000 100000 0.227798 2.27843 100000 1.36724 6.61625 100000 
0.999927 1.18771 174.574 1.18093 100000 3.8091 100000 100000 100000 0.0505688 1.27986 100000 100000 100000 1.06163 100000 100000 100000 0.163702 100000 1.36724 0.382472 1.30804 
0.999927 1.18771 100000 0.387232 100000 3.8091 100000 100000 100000 0.0505688 1.27986 100000 100000 2.15751 100000 100000 100000 0.342995 1.67342 100000 100000 6.61625 0.0669738 
0.999934 1.08622 0.525336 0.0499716 100000 0.0486807 100000 100000 100000 0.324258 1.27986 100000 100000 2.15751 100000 100000 100000 0.227798 4.9407 100000 0.0681939 6.61625 0.309973 
0.999927 1.18771 599.062 701.406 100000 3.8091 100000 100000 100000 0.324258 1.27986 100000 100000 100000 100000 100000 100000 0.342995 0.163702 100000 4.37475 6.61625 0.0465044 
0.999927 1.18771 0.176396 0.0571447 100000 3.8091 100000 100000 0.0677864 0.0734351 1.27986 100000 100000 0.158787 26.6418 100000 100000 0.0596259 0.322982 100000 0.249139 6.61625 5.33454 
0.999934 1.08622 0.176396 0.557957 100000 0.0486807 100000 100000 100000 0.0534936 1.27986 100000 100000 100000 100000 100000 100000 100000 0.921454 100000 2.77308 6.61625 0.0669738 
0.999927 1.18771 0.176396 100000 100000 3.8091 100000 100000 164.604 211.695 1.27986 100000 100000 100000 100000 100000 100000 0.0596259 2.27843 100000 0.771433 6.61625 0.0465044 
0.999934 1.08622 0.176396 62.3544 100000 0.0486807 100000 100000 0.0677864 0.324258 1.27986 100000 100000 100000 100000 100000 100000 0.0596259 2.27843 100000 4.37475 6.61625 0.0465044 
0.999937 1.03006 463.816 1.85305 100000 0.0486807 100000 100000 625.572 100000 0.187039 100000 100000 100000 0.18083 100000 100000 100000 2.27843 100000 2.77308 100000 0.0465044 
0.999927 1.18771 100000 1.85305 100000 3.8091 100000 100000 164.604 0.516935 1.27986 100000 100000 100000 100000 100000 100000 0.543118 196.496 100000 4.37475 4.7072 5.33454 
0.999931 1.17454 0.176396 100000 100000 1.78223 100000 100000 0.0677864 0.0444173 1.27986 100000 100000 100000 1.06163 100000 100000 0.0596259 0.322982 100000 100000 6.61625 100000 
0.999927 1.18821 19.2386 1.85305 100000 3.8091 100000 100000 100000 0.324258 1.29365 100000 100000 100000 100000 100000 100000 0.0596259 0.322982 100000 100000 0.0975675 0.987138 
0.999927 1.18771 19.2386 1.85305 100000 3.8091 100000 100000 100000 0.0505688 1.27986 100000 100000 100000 0.404432 100000 100000 0.0596259 2.27843 100000 0.892821 6.61625 100000 
0.999927 1.18771 100000 2.70486 100000 3.8091 100000 100000 7.10751 100000 1.27986 100000 100000 100000 0.18083 100000 100000 5.12645 2.27843 100000 1.36724 6.61625 0.0465044 
0.999923 1.22147 599.062 100000 100000 3.8091 100000 100000 100000 0.142327 3.05898 100000 100000 0.068581 116.053 100000 100000 100000 0.322982 100000 2.77308 2.21051 0.0465044 
0.999927 1.18771 0.175882 1.85305 100000 3.8091 100000 100000 100000 0.324258 1.27986 100000 100000 100000 100000 100000 100000 0.0596259 2.27843 100000 6.12991 6.61625 0.309973 
0.999927 1.18771 0.176396 2.70486 100000 3.8091 100000 100000 3.65267 0.324258 1.27986 100000 100000 0.330182 100000 100000 100000 0.0596259 0.163702 100000 0.0681939 6.61625 0.0669738 
0.999929 1.18492 0.176396 0.0499716 100000 2.88711 100000 100000 83.0692 100000 1.27986 100000 100000 100000 100000 100000 100000 0.227798 0.183271 100000 4.37475 0.177085 0.0465044 
0.999934 1.08622 0.118524 1.85305 100000 0.0486807 100000 100000 100000 0.0505688 1.27986 100000 100000 100000 100000 100000 100000 251.857 4.19478 100000 2.77308 100000 0.0669738 
0.999934 1.10903 0.100714 1.85305 100000 0.829298 100000 100000 5.50616 100000 0.459006 100000 100000 2.15751 100000 100000 100000 100000 49.5662 100000 4.37475 2.21051 0.0465044 
0.999934 1.08622 19.2386 623.544 100000 0.0486807 100000 100000 100000 0.324258 1.27986 100000 100000 2.15751 100000 100000 100000 0.227798 0.189198 100000 0.0681939 6.61625 0.0465044 
0.999927 1.18771 100000 2.70486 100000 3.8091 100000 100000 100000 0.324258 1.27986 100000 100000 0.119103 488.114 100000 100000 1.30259 100000 100000 0.158686 6.61625 0.0465044 
0.999927 1.18771 100000 859.396 100000 3.8091 100000 100000 0.652781 0.0505688 1.27986 100000 100000 100000 488.114 100000 100000 0.18645 0.0715352 100000 100000 0.382472 0.0465044 
0.999927 1.18821 0.0554806 55.4873 100000 3.8091 100000 100000 2.11071 0.516935 1.29365 100000 100000 64.4359 120.748 100000 100000 0.227798 0.322982 100000 0.0681939 6.61625 616.084 
0.999927 1.18771 0.0505246 0.706072 100000 3.8091 100000 100000 100000 0.0444173 1.27986 100000 100000 475.484 0.557923 100000 100000 0.342995 0.163702 100000 1.36724 6.61625 0.0465044 
0.999927 1.18771 0.221147 1.85305 100000 3.8091 100000 100000 7.10751 937.455 1.27986 100000 100000 100000 0.18083 100000 100000 5.12645 2.27843 100000 0.249139 6.61625 162.337 
0.999915 1.25176 0.0987166 100000 8.89996 100000 100000 100000 3.98991 100000 100000 100000 6.50209 14.0685 4.61638 100000 9.47464 0.189648 6.83151 100000 100000 850.122 0.0465044 
0.999927 1.18771 100000 1.85305 100000 3.8091 100000 100000 164.604 14.7896 1.27986 100000 100000 100000 0.557923 100000 100000 0.0596259 1.67342 100000 4.37475 6.61625 0.0465044 
0.999927 1.18771 100000 2.70486 100000 3.8091 100000 100000 1.72954 0.324258 1.27986 100000 100000 2.15751 100000 100000 100000 0.342995 0.163702 100000 0.0681939 6.61625 0.0465044 
0.999929 1.1851 100000 2.70486 100000 2.92264 100000 100000 0.652781 100000 1.27986 100000 100000 100000 100000 100000 100000 0.0596259 0.163702 100000 2.77308 6.61625 0.0465044 
0.999927 1.18771 100000 1.85305 100000 3.8091 100000 100000 100000 487.176 1.27986 100000 100000 100000 266.418 100000 100000 0.227798 100000 100000 0.0681939 100000 0.44538 
