0.996663 0.773413 1500 0.0441958 1500 1500 0.047582 1500 0.0504418 1.59432 2.64416 1500 
0.996663 0.773513 1500 0.0441958 1500 1500 0.047582 1500 0.0504418 1.59432 2.64416 1500 
0.996664 0.773361 1500 0.0441958 1500 1500 0.047582 1500 0.0504418 1.59432 2.64416 1500 
0.996664 0.773514 1500 0.0441958 1500 1500 0.047582 1500 0.0504418 1.59432 2.64416 1500 
0.996663 0.773367 1500 0.0441958 1500 1500 0.047582 1500 0.0504418 4.85206 2.64416 1500 
0.996576 0.785622 1500 0.206095 1500 1500 0.047582 1500 0.0504418 0.058101 5.84113 1500 
0.996663 0.773513 1500 0.0441958 1500 1500 0.047582 1500 0.0504418 1.59432 2.64416 1500 
0.996663 0.773434 1500 0.0441958 1500 1500 0.047582 1500 0.0504418 1.59432 2.64416 1500 
0.996663 0.773364 1500 0.0441958 1500 1500 0.047582 1500 0.0504418 0.614796 2.64416 1500 
0.996663 0.773394 1500 0.0441958 1500 1500 0.047582 1500 0.0504418 1.59432 2.64416 1500 
0.996658 0.777699 1500 0.0603389 1500 1500 0.047582 1500 0.0504418 1.59432 2.64416 1500 
0.996664 0.773444 1500 0.0441958 1500 1500 0.047582 1500 0.0504418 1.59432 2.64416 1500 
0.996663 0.773505 1500 0.0441958 1500 1500 0.047582 1500 0.0504418 1.59432 2.64416 1500 
0.996658 0.777801 1500 0.0603389 1500 1500 0.047582 1500 0.0504418 4.85206 2.64416 1500 
0.996663 0.773348 1500 0.0441958 1500 1500 0.047582 1500 0.0504418 1.59432 2.64416 1500 
0.996662 0.775512 1500 0.0489376 1500 1500 0.047582 1500 0.0504418 1.59432 2.64416 1500 
0.996664 0.773278 1500 0.0441958 1500 1500 0.047582 1500 0.0504418 1.59432 2.64416 1500 
0.996577 0.785664 1500 0.206095 1500 1500 0.047582 1500 0.0504418 4.85206 5.84113 1500 
0.996624 0.783732 1500 0.116999 1500 1500 0.047582 1500 0.0504418 1500 5.84113 1500 
0.996666 0.702536 1500 0.0441958 1500 1500 0.047582 1500 0.0504418 0.0473242 0.232225 1500 
0.996662 0.775469 1500 0.0489376 1500 1500 0.047582 1500 0.0504418 1.59432 2.64416 1500 
0.996662 0.775647 1500 0.0493835 1500 1500 0.047582 1500 0.0504418 1.59432 2.64416 1500 
0.996663 0.773446 1500 0.0441958 1500 1500 0.047582 1500 0.0504418 0.0783689 2.64416 1500 
0.996663 0.77336 1500 0.0441958 1500 1500 0.047582 1500 0.0504418 1.59432 2.64416 1500 
0.996664 0.773421 1500 0.0441958 1500 1500 0.047582 1500 0.0504418 1.59432 2.64416 1500 
0.996666 0.702534 1500 0.0441958 1500 1500 0.047582 1500 0.0504418 0.0473242 0.232225 1500 
0.996664 0.773349 1500 0.0441958 1500 1500 0.047582 1500 0.0504418 1.59432 2.64416 1500 
0.996624 0.783882 1500 0.116999 1500 1500 0.047582 1500 0.0504418 1500 5.84113 1500 
0.996663 0.773432 1500 0.0441958 1500 1500 0.047582 1500 0.0504418 4.85206 2.64416 1500 
0.996666 0.651858 1500 0.0441958 1500 1500 0.450564 1500 0.0504418 0.181148 0.049061 1500 
0.996658 0.777745 1500 0.0603389 1500 1500 0.047582 1500 0.0504418 0.614796 2.64416 1500 
0.996663 0.773394 1500 0.0441958 1500 1500 0.047582 1500 0.0504418 4.85206 2.64416 1500 
0.996666 0.732517 1500 0.0441958 1500 1500 0.047582 1500 0.0504418 1.59432 0.595731 1500 
0.996619 0.784443 1500 0.125599 1500 1500 0.047582 1500 0.0504418 0.181148 5.84113 1500 
0.996663 0.773368 1500 0.0441958 1500 1500 0.047582 1500 0.0504418 0.614796 2.64416 1500 
0.996662 0.775717 1500 0.0493835 1500 1500 0.047582 1500 0.0504418 4.85206 2.64416 1500 
0.996643 0.780864 1500 0.0811769 1500 1500 0.047582 1500 0.0504418 1.59432 5.57151 1500 
0.996663 0.773446 1500 0.0441958 1500 1500 0.047582 1500 0.0504418 0.0473242 2.64416 1500 
0.996658 0.777741 1500 0.0603389 1500 1500 0.047582 1500 0.0504418 1.59432 2.64416 1500 
0.996663 0.773368 1500 0.0441958 1500 1500 0.047582 1500 0.0504418 1.59432 2.64416 1500 
0.996663 0.773368 1500 0.0441958 1500 1500 0.047582 1500 0.0504418 0.0783689 2.64416 1500 
0.996663 0.773447 1500 0.0441958 1500 1500 0.047582 1500 0.0504418 4.85206 2.64416 1500 
0.996666 0.750253 1500 0.0441958 1500 1500 0.047582 1500 0.0504418 1.59432 0.977586 1500 
0.996663 0.775493 1500 0.0489376 1500 1500 0.047582 1500 0.0504418 1.59432 2.64416 1500 
0.996663 0.773446 1500 0.0441958 1500 1500 0.047582 1500 0.0504418 1.59432 2.64416 1500 
0.996643 0.780919 1500 0.0811769 1500 1500 0.047582 1500 0.0504418 1.59432 5.57151 1500 
0.996619 0.784274 1500 0.125599 1500 1500 0.047582 1500 0.0504418 0.181148 5.84113 1500 
0.996666 0.702535 1500 0.0441958 1500 1500 0.047582 1500 0.0504418 0.0473242 0.232225 1500 
0.996577 0.785665 1500 0.206095 1500 1500 0.047582 1500 0.0504418 1.59432 5.84113 1500 
0.996663 0.773358 1500 0.0441958 1500 1500 0.047582 1500 0.0504418 1.59432 2.64416 1500 
0.996654 0.780851 1500 0.0649976 1500 1500 0.047582 1500 0.0504418 1.59432 3.98204 1500 
0.99662 0.783987 1500 0.125599 1500 1500 0.047582 1500 0.0504418 1.59432 5.84113 1500 
0.996663 0.773348 1500 0.0441958 1500 1500 0.047582 1500 0.0504418 0.0783689 2.64416 1500 
0.996666 0.651863 1500 0.0441958 1500 1500 0.450564 1500 0.0504418 1500 0.049061 1500 
0.996666 0.677809 1500 0.0441958 1500 1500 0.047582 1500 0.0504418 0.181148 0.049061 1500 
0.996663 0.775522 1500 0.0489376 1500 1500 0.047582 1500 0.0504418 1.59432 2.64416 1500 
0.996663 0.775606 1500 0.0493835 1500 1500 0.047582 1500 0.0504418 0.058101 2.64416 1500 
0.996664 0.773435 1500 0.0441958 1500 1500 0.047582 1500 0.0504418 1.59432 2.64416 1500 
0.996663 0.773373 1500 0.0441958 1500 1500 0.047582 1500 0.0504418 1.59432 2.64416 1500 
0.996663 0.773277 1500 0.0441958 1500 1500 0.047582 1500 0.0504418 1.59432 2.64416 1500 
0.996664 0.773279 1500 0.0441958 1500 1500 0.047582 1500 0.0504418 0.150701 2.64416 1500 
0.996664 0.757719 1500 0.0489376 1500 1500 0.047582 1500 0.0504418 4.85206 1.20496 1500 
0.996663 0.773374 1500 0.0441958 1500 1500 0.047582 1500 0.0504418 0.150701 2.64416 1500 
0.996663 0.771741 1500 0.0441958 1500 1500 0.051826 1500 0.0504418 1.59432 2.64416 1500 
0.996624 0.783851 1500 0.116999 1500 1500 0.047582 1500 0.0504418 1.59432 5.84113 1500 
0.996663 0.773358 1500 0.0441958 1500 1500 0.047582 1500 0.0504418 1.59432 2.64416 1500 
0.996663 0.773504 1500 0.0441958 1500 1500 0.047582 1500 0.0504418 1500 2.64416 1500 
0.996666 0.677809 1500 0.0441958 1500 1500 0.047582 1500 0.0504418 1.59432 0.049061 1500 
0.996663 0.773444 1500 0.0441958 1500 1500 0.047582 1500 0.0504418 1.59432 2.64416 1500 
0.996663 0.773514 1500 0.0441958 1500 1500 0.047582 1500 0.0504418 1.59432 2.64416 1500 
0.997241 0.557626 1500 0.0603389 1500 1500 0.047582 0.0575721 1500 1.59432 0.049061 1500 
0.996663 0.773435 1500 0.0441958 1500 1500 0.047582 1500 0.0504418 1.59432 2.64416 1500 
0.996664 0.773373 1500 0.0441958 1500 1500 0.047582 1500 0.0504418 1.59432 2.64416 1500 
0.996666 0.710329 1500 0.0441958 1500 1500 0.047582 1500 0.0504418 1.59432 0.30711 1500 
0.996664 0.773513 1500 0.0441958 1500 1500 0.047582 1500 0.0504418 0.058101 2.64416 1500 
0.996664 0.773363 1500 0.0441958 1500 1500 0.047582 1500 0.0504418 0.0991934 2.64416 1500 
0.996663 0.77335 1500 0.0441958 1500 1500 0.047582 1500 0.0504418 4.85206 2.64416 1500 
0.996624 0.783835 1500 0.116999 1500 1500 0.047582 1500 0.0504418 1500 5.84113 1500 
0.996666 0.702532 1500 0.0441958 1500 1500 0.047582 1500 0.0504418 1.59432 0.232225 1500 
0.996663 0.773394 1500 0.0441958 1500 1500 0.047582 1500 0.0504418 0.0783689 2.64416 1500 
0.996666 0.700063 1500 0.0441958 1500 1500 0.047582 1500 0.0504418 1.59432 0.210538 1500 
0.996663 0.773362 1500 0.0441958 1500 1500 0.047582 1500 0.0504418 0.0783689 2.64416 1500 
0.996656 0.778241 1500 0.0649976 1500 1500 0.047582 1500 0.0504418 1.59432 2.64416 1500 
0.99662 0.784313 1500 0.125599 1500 1500 0.047582 1500 0.0504418 0.181148 5.84113 1500 
0.996666 0.677809 1500 0.0441958 1500 1500 0.047582 1500 0.0504418 0.181148 0.049061 1500 
0.996666 0.699222 1500 0.0441958 1500 1500 0.0988214 1500 0.0504418 1.59432 0.232225 1500 
0.996663 0.773445 1500 0.0441958 1500 1500 0.047582 1500 0.0504418 0.0473242 2.64416 1500 
0.996619 0.783988 1500 0.125599 1500 1500 0.047582 1500 0.0504418 4.85206 5.84113 1500 
0.996658 0.777675 1500 0.0603389 1500 1500 0.047582 1500 0.0504418 1.59432 2.64416 1500 
0.996663 0.773444 1500 0.0441958 1500 1500 0.047582 1500 0.0504418 4.85206 2.64416 1500 
0.996663 0.775647 1500 0.0493835 1500 1500 0.047582 1500 0.0504418 1.59432 2.64416 1500 
0.996666 0.702534 1500 0.0441958 1500 1500 0.047582 1500 0.0504418 0.129568 0.232225 1500 
0.996577 0.785727 1500 0.206095 1500 1500 0.047582 1500 0.0504418 1.59432 5.57151 1500 
0.996663 0.773375 1500 0.0441958 1500 1500 0.047582 1500 0.0504418 1.59432 2.64416 1500 
0.996624 0.783747 1500 0.116999 1500 1500 0.047582 1500 0.0504418 1.59432 5.84113 1500 
0.996666 0.702533 1500 0.0441958 1500 1500 0.047582 1500 0.0504418 0.0473242 0.232225 1500 
0.99662 0.784088 1500 0.125599 1500 1500 0.047582 1500 0.0504418 0.0473242 5.84113 1500 
0.996663 0.773372 1500 0.0441958 1500 1500 0.047582 1500 0.0504418 1.59432 2.64416 1500 
0.996664 0.774614 1500 0.046434 1500 1500 0.047582 1500 0.0504418 1.59432 2.64416 1500 
0.996663 0.773423 1500 0.0441958 1500 1500 0.047582 1500 0.0504418 1.59432 2.64416 1500 
0.996664 0.773362 1500 0.0441958 1500 1500 0.047582 1500 0.0504418 0.580009 2.64416 1500 
0.996624 0.783777 1500 0.116999 1500 1500 0.047582 1500 0.0504418 1500 5.84113 1500 
0.996666 0.67781 1500 0.0441958 1500 1500 0.047582 1500 0.0504418 1.59432 0.049061 1500 
0.996663 0.773433 1500 0.0441958 1500 1500 0.047582 1500 0.0504418 1500 2.64416 1500 
0.996666 0.651862 1500 0.0441958 1500 1500 0.450564 1500 0.0504418 1.59432 0.049061 1500 
0.996643 0.780882 1500 0.0811769 1500 1500 0.047582 1500 0.0504418 1.59432 5.57151 1500 
0.996663 0.773433 1500 0.0441958 1500 1500 0.047582 1500 0.0504418 4.85206 2.64416 1500 
0.996664 0.773446 1500 0.0441958 1500 1500 0.047582 1500 0.0504418 1.59432 2.64416 1500 
0.996664 0.773432 1500 0.0441958 1500 1500 0.047582 1500 0.0504418 1.59432 2.64416 1500 
0.996664 0.773421 1500 0.0441958 1500 1500 0.047582 1500 0.0504418 1500 2.64416 1500 
0.996643 0.780916 1500 0.0811769 1500 1500 0.047582 1500 0.0504418 1.59432 5.57151 1500 
0.996666 0.677398 1500 0.0441958 1500 1500 0.047582 1500 0.0504418 0.614796 0.0465563 1500 
0.996663 0.773278 1500 0.0441958 1500 1500 0.047582 1500 0.0504418 1500 2.64416 1500 
0.996663 0.773423 1500 0.0441958 1500 1500 0.047582 1500 0.0504418 1.59432 2.64416 1500 
0.996666 0.702533 1500 0.0441958 1500 1500 0.047582 1500 0.0504418 0.0473242 0.232225 1500 
0.996624 0.783725 1500 0.116999 1500 1500 0.047582 1500 0.0504418 1.59432 5.84113 1500 
0.996662 0.775642 1500 0.0493835 1500 1500 0.047582 1500 0.0504418 0.0473242 2.64416 1500 
0.996663 0.773414 1500 0.0441958 1500 1500 0.047582 1500 0.0504418 5.27004 2.64416 1500 
0.996666 0.744643 1500 0.0441958 1500 1500 0.047582 1500 0.0504418 1.59432 0.833456 1500 
0.996666 0.702533 1500 0.0441958 1500 1500 0.047582 1500 0.0504418 0.0473242 0.232225 1500 
0.996666 0.702534 1500 0.0441958 1500 1500 0.047582 1500 0.0504418 0.42547 0.232225 1500 
0.996663 0.773444 1500 0.0441958 1500 1500 0.047582 1500 0.0504418 1.59432 2.64416 1500 
0.996663 0.773373 1500 0.0441958 1500 1500 0.047582 1500 0.0504418 1.59432 2.64416 1500 
0.996624 0.78388 1500 0.116999 1500 1500 0.047582 1500 0.0504418 1500 5.84113 1500 
0.996666 0.677809 1500 0.0441958 1500 1500 0.047582 1500 0.0504418 0.181148 0.049061 1500 
0.996664 0.773358 1500 0.0441958 1500 1500 0.047582 1500 0.0504418 0.181148 2.64416 1500 
0.996664 0.773374 1500 0.0441958 1500 1500 0.047582 1500 0.0504418 0.0783689 2.64416 1500 
0.996666 0.702533 1500 0.0441958 1500 1500 0.047582 1500 0.0504418 0.0473242 0.232225 1500 
0.996663 0.773394 1500 0.0441958 1500 1500 0.047582 1500 0.0504418 1.59432 2.64416 1500 
0.996662 0.775391 1500 0.0489376 1500 1500 0.047582 1500 0.0504418 1.59432 2.64416 1500 
0.996664 0.773414 1500 0.0441958 1500 1500 0.047582 1500 0.0504418 1.59432 2.64416 1500 
0.996666 0.702534 1500 0.0441958 1500 1500 0.047582 1500 0.0504418 0.0473242 0.232225 1500 
0.996663 0.773361 1500 0.0441958 1500 1500 0.047582 1500 0.0504418 0.614796 2.64416 1500 
0.996663 0.773514 1500 0.0441958 1500 1500 0.047582 1500 0.0504418 1.59432 2.64416 1500 
0.996663 0.773358 1500 0.0441958 1500 1500 0.047582 1500 0.0504418 1.59432 2.64416 1500 
0.996663 0.773277 1500 0.0441958 1500 1500 0.047582 1500 0.0504418 1.59432 2.64416 1500 
0.996663 0.773503 1500 0.0441958 1500 1500 0.047582 1500 0.0504418 1.59432 2.64416 1500 
0.996663 0.773424 1500 0.0441958 1500 1500 0.047582 1500 0.0504418 4.85206 2.64416 1500 
0.996666 0.677808 1500 0.0441958 1500 1500 0.047582 1500 0.0504418 0.181148 0.049061 1500 
0.996663 0.773412 1500 0.0441958 1500 1500 0.047582 1500 0.0504418 1.59432 2.64416 1500 
0.996664 0.773421 1500 0.0441958 1500 1500 0.047582 1500 0.0504418 1.59432 2.64416 1500 
0.996663 0.773357 1500 0.0441958 1500 1500 0.047582 1500 0.0504418 1.59432 2.64416 1500 
0.996658 0.777622 1500 0.0603389 1500 1500 0.047582 1500 0.0504418 1.59432 2.64416 1500 
0.996666 0.677809 1500 0.0441958 1500 1500 0.047582 1500 0.0504418 0.181148 0.049061 1500 
0.996624 0.783775 1500 0.116999 1500 1500 0.047582 1500 0.0504418 1.59432 5.84113 1500 
0.996663 0.773367 1500 0.0441958 1500 1500 0.047582 1500 0.0504418 0.0783689 2.64416 1500 
0.996664 0.773362 1500 0.0441958 1500 1500 0.047582 1500 0.0504418 1.304 2.64416 1500 
0.996663 0.773412 1500 0.0441958 1500 1500 0.047582 1500 0.0504418 1.59432 2.64416 1500 
0.99662 0.78445 1500 0.125599 1500 1500 0.047582 1500 0.0504418 1.59432 5.84113 1500 
0.996663 0.773368 1500 0.0441958 1500 1500 0.047582 1500 0.0504418 1.59432 2.64416 1500 
0.996666 0.702535 1500 0.0441958 1500 1500 0.047582 1500 0.0504418 0.0473242 0.232225 1500 
0.996643 0.780863 1500 0.0811769 1500 1500 0.047582 1500 0.0504418 1.59432 5.57151 1500 
0.996577 0.78549 1500 0.206095 1500 1500 0.047582 1500 0.0504418 0.0473242 5.84113 1500 
0.996663 0.773374 1500 0.0441958 1500 1500 0.047582 1500 0.0504418 1.59432 2.64416 1500 
0.996663 0.773422 1500 0.0441958 1500 1500 0.047582 1500 0.0504418 1.59432 2.64416 1500 
0.996664 0.773445 1500 0.0441958 1500 1500 0.047582 1500 0.0504418 0.0473242 2.64416 1500 
0.996666 0.702536 1500 0.0441958 1500 1500 0.047582 1500 0.0504418 0.0783689 0.232225 1500 
0.996663 0.773363 1500 0.0441958 1500 1500 0.047582 1500 0.0504418 3.04756 2.64416 1500 
0.996663 0.773504 1500 0.0441958 1500 1500 0.047582 1500 0.0504418 0.181148 2.64416 1500 
0.996663 0.773299 1500 0.0441958 1500 1500 0.047582 1500 0.0504418 4.85206 2.64416 1500 
0.996663 0.775523 1500 0.0493835 1500 1500 0.047582 1500 0.0504418 1.59432 2.64416 1500 
0.996666 0.702534 1500 0.0441958 1500 1500 0.047582 1500 0.0504418 0.0473242 0.232225 1500 
0.996663 0.773371 1500 0.0441958 1500 1500 0.047582 1500 0.0504418 1.59432 2.64416 1500 
0.996663 0.773413 1500 0.0441958 1500 1500 0.047582 1500 0.0504418 4.85206 2.64416 1500 
0.996663 0.773444 1500 0.0441958 1500 1500 0.047582 1500 0.0504418 1.59432 2.64416 1500 
0.996624 0.78383 1500 0.116999 1500 1500 0.047582 1500 0.0504418 1.59432 5.84113 1500 
0.996666 0.677809 1500 0.0441958 1500 1500 0.047582 1500 0.0504418 4.85206 0.049061 1500 
0.996664 0.773431 1500 0.0441958 1500 1500 0.047582 1500 0.0504418 1.59432 2.64416 1500 
0.996664 0.773299 1500 0.0441958 1500 1500 0.047582 1500 0.0504418 7.58878 2.64416 1500 
0.996664 0.773299 1500 0.0441958 1500 1500 0.047582 1500 0.0504418 1.59432 2.64416 1500 
0.996666 0.702534 1500 0.0441958 1500 1500 0.047582 1500 0.0504418 0.0473242 0.232225 1500 
0.996663 0.773413 1500 0.0441958 1500 1500 0.047582 1500 0.0504418 0.16034 2.64416 1500 
0.996663 0.775647 1500 0.0493835 1500 1500 0.047582 1500 0.0504418 1.59432 2.64416 1500 
0.996662 0.775615 1500 0.0493835 1500 1500 0.047582 1500 0.0504418 0.058101 2.64416 1500 
0.996666 0.700063 1500 0.0441958 1500 1500 0.047582 1500 0.0504418 1.59432 0.210538 1500 
0.996666 0.702536 1500 0.0441958 1500 1500 0.047582 1500 0.0504418 1.59432 0.232225 1500 
0.99662 0.78422 1500 0.125599 1500 1500 0.047582 1500 0.0504418 0.181148 5.84113 1500 
0.996658 0.777759 1500 0.0603389 1500 1500 0.047582 1500 0.0504418 1.59432 2.64416 1500 
0.996619 0.784116 1500 0.125599 1500 1500 0.047582 1500 0.0504418 1.59432 5.84113 1500 
0.996663 0.773279 1500 0.0441958 1500 1500 0.047582 1500 0.0504418 1.59432 2.64416 1500 
0.996619 0.784208 1500 0.125599 1500 1500 0.047582 1500 0.0504418 4.09431 5.84113 1500 
0.996663 0.773504 1500 0.0441958 1500 1500 0.047582 1500 0.0504418 1.59432 2.64416 1500 
0.996666 0.702533 1500 0.0441958 1500 1500 0.047582 1500 0.0504418 1.59432 0.232225 1500 
0.996666 0.677809 1500 0.0441958 1500 1500 0.047582 1500 0.0504418 4.85206 0.049061 1500 
0.996666 0.710332 1500 0.0441958 1500 1500 0.047582 1500 0.0504418 1.59432 0.30711 1500 
0.996663 0.773514 1500 0.0441958 1500 1500 0.047582 1500 0.0504418 1.59432 2.64416 1500 
0.996663 0.773445 1500 0.0441958 1500 1500 0.047582 1500 0.0504418 0.614796 2.64416 1500 
0.996624 0.783734 1500 0.116999 1500 1500 0.047582 1500 0.0504418 1500 5.84113 1500 
0.996663 0.773363 1500 0.0441958 1500 1500 0.047582 1500 0.0504418 0.058101 2.64416 1500 
0.996663 0.773446 1500 0.0441958 1500 1500 0.047582 1500 0.0504418 4.85206 2.64416 1500 
0.996664 0.773513 1500 0.0441958 1500 1500 0.047582 1500 0.0504418 1.59432 2.64416 1500 
0.996663 0.773278 1500 0.0441958 1500 1500 0.047582 1500 0.0504418 0.150701 2.64416 1500 
0.996666 0.710329 1500 0.0441958 1500 1500 0.047582 1500 0.0504418 1.59432 0.30711 1500 
0.996663 0.773367 1500 0.0441958 1500 1500 0.047582 1500 0.0504418 1.59432 2.64416 1500 
0.996619 0.78426 1500 0.125599 1500 1500 0.047582 1500 0.0504418 4.9928 5.84113 1500 
0.996662 0.775646 1500 0.0493835 1500 1500 0.047582 1500 0.0504418 1.59432 2.64416 1500 
0.996663 0.773361 1500 0.0441958 1500 1500 0.047582 1500 0.0504418 1.59432 2.64416 1500 
0.996666 0.702535 1500 0.0441958 1500 1500 0.047582 1500 0.0504418 4.85206 0.232225 1500 
0.996663 0.773363 1500 0.0441958 1500 1500 0.047582 1500 0.0504418 1.59432 2.64416 1500 
0.996662 0.775583 1500 0.0489376 1500 1500 0.047582 1500 0.0504418 1.59432 2.64416 1500 
