0.368365 0.666091 2.53167 100000 2.43211 
0.371072 0.664739 2.53167 100000 2.55678 
0.993314 0.138284 100000 0.0726689 282.663 
0.992724 0.148384 100000 0.0594778 257.53 
0.931562 0.540314 100000 0.0701793 25.6085 
0.939249 0.514468 100000 0.16383 30.5475 
0.941073 0.513912 100000 0.0465762 29.6712 
0.368365 0.666091 2.53167 100000 2.43211 
0.945887 0.499165 100000 0.0464583 32.4778 
0.97544 0.348332 100000 0.0522421 74.1444 
0.997012 0.0675894 100000 0.0701793 642.757 
0.987156 0.229597 100000 0.048459 143.569 
0.999927 0.000818475 100000 0.0713005 100000 
0.999925 0.000833066 100000 0.129245 100000 
0.997964 0.0467848 100000 0.0800084 960.709 
0.999927 0.000817845 100000 0.0701793 100000 
0.778096 0.651778 100000 0.155794 6.89362 
0.988495 0.212282 100000 0.0750515 162.924 
0.996688 0.0742169 100000 0.0481115 571.366 
0.999927 0.000801413 100000 0.048459 100000 
0.983743 0.270645 100000 0.0763802 114.617 
0.371072 0.664739 2.53167 100000 2.55678 
0.368365 0.666091 2.53167 100000 2.43211 
0.999926 0.000829715 100000 0.101705 100000 
0.987516 0.220765 100000 0.131777 154.473 
0.99721 0.0633891 100000 0.059486 685.823 
0.368365 0.666091 2.53167 100000 2.43211 
0.999924 0.000833219 100000 0.140249 100000 
0.848328 0.633134 100000 0.0909166 10.6331 
0.999926 0.000830372 100000 0.104909 100000 
0.999927 0.000801413 100000 0.048459 100000 
0.999927 0.000804453 100000 0.0517047 100000 
0.999926 0.000822771 100000 0.0800084 100000 
0.999926 0.000823967 100000 0.0828605 100000 
0.999924 0.0008331 100000 0.145791 100000 
0.994992 0.107987 100000 0.0701793 378.882 
0.999927 0.000817845 100000 0.0701793 100000 
0.999927 0.000814534 100000 0.0647623 100000 
0.999927 0.000810838 100000 0.0594778 100000 
0.987156 0.229597 100000 0.048459 143.569 
0.999927 0.000819218 100000 0.0726689 100000 
0.939249 0.514468 100000 0.16383 30.5475 
0.961808 0.434834 100000 0.0498648 46.9037 
0.842359 0.634758 100000 0.078256 10.0904 
0.999924 0.000832707 100000 0.154131 100000 
0.911534 0.573961 100000 0.168339 20.3973 
0.999927 0.000812651 100000 0.0619839 100000 
0.999924 0.000832592 100000 0.155918 100000 
0.347563 0.671867 2.00615 100000 2.10847 
0.999927 0.000812651 100000 0.0619839 100000 
0.999927 0.000804368 100000 0.0516115 100000 
0.931562 0.540314 100000 0.0701793 25.6085 
0.999925 0.000832805 100000 0.124293 100000 
0.988532 0.211903 100000 0.068953 162.924 
0.997113 0.0652351 100000 0.0843908 670.974 
0.856658 0.629875 100000 0.121114 11.5432 
0.999927 0.000817845 100000 0.0701793 100000 
0.985165 0.25424 100000 0.0522421 124.216 
0.999927 0.000819218 100000 0.0726689 100000 
0.994248 0.121432 100000 0.0464583 324.778 
0.987156 0.229597 100000 0.048459 143.569 
0.792167 0.650391 100000 0.163459 7.52297 
0.999927 0.00082045 100000 0.0750515 100000 
0.992724 0.148384 100000 0.0594778 257.53 
0.999927 0.000817845 100000 0.0701793 100000 
0.371072 0.664739 2.53167 100000 2.55678 
0.999927 0.000809241 100000 0.0573924 100000 
0.999927 0.000807285 100000 0.0549737 100000 
0.999924 0.000832707 100000 0.154131 100000 
0.999927 0.000817845 100000 0.0701793 100000 
0.996596 0.0761992 100000 0.0517047 556.672 
0.997731 0.0493379 100000 0.16383 897.513 
0.999926 0.000829193 100000 0.0994115 100000 
0.999927 0.000810838 100000 0.0594778 100000 
0.872402 0.619851 100000 0.124293 13.2286 
0.993314 0.138284 100000 0.0726689 282.663 
0.999927 0.000817845 100000 0.0701793 100000 
0.801883 0.648809 100000 0.16383 7.99032 
0.999925 0.000833209 100000 0.134613 100000 
0.993768 0.130266 100000 0.0763802 304.224 
0.999927 0.000817845 100000 0.0701793 100000 
0.371072 0.664739 2.53167 100000 2.55678 
0.992724 0.148384 100000 0.0594778 257.53 
0.999928 0.000796882 100000 0.0440393 100000 
0.982371 0.284639 100000 0.0909166 106.331 
0.999926 0.000829715 100000 0.101705 100000 
0.371072 0.664739 2.53167 100000 2.55678 
0.976979 0.334326 100000 0.103525 81.4406 
0.745978 0.65295 100000 0.319979 6.25753 
0.999927 0.000815694 100000 0.0665749 100000 
0.999927 0.000801413 100000 0.048459 100000 
0.999924 0.0008331 100000 0.145791 100000 
0.986974 0.23234 100000 0.0750515 143.569 
0.974414 0.351803 100000 0.131777 74.1444 
0.944189 0.505241 100000 0.0522421 31.5301 
0.999927 0.000810838 100000 0.0594778 100000 
0.371072 0.664739 2.53167 100000 2.55678 
0.999926 0.000826853 100000 0.0909166 100000 
0.999924 0.000833219 100000 0.140249 100000 
0.999927 0.000817845 100000 0.0701793 100000 
0.999925 0.000832246 100000 0.117688 100000 
0.999926 0.000830467 100000 0.105404 100000 
0.987156 0.229597 100000 0.048459 143.569 
0.999927 0.000801413 100000 0.048459 100000 
0.999924 0.0008331 100000 0.145791 100000 
0.999926 0.000822771 100000 0.0800084 100000 
0.988495 0.212282 100000 0.0750515 162.924 
0.999927 0.000815694 100000 0.0665749 100000 
0.991164 0.173445 100000 0.0750515 213.117 
0.371072 0.664739 2.53167 100000 2.55678 
0.348787 0.671557 2.20431 100000 1.98104 
0.996688 0.0742169 100000 0.0481115 571.366 
0.999926 0.000821783 100000 0.077817 100000 
0.999927 0.000805633 100000 0.0530367 100000 
0.999924 0.000833219 100000 0.140249 100000 
0.999925 0.000833144 100000 0.131548 100000 
0.999927 0.000814534 100000 0.0647623 100000 
0.997012 0.0675894 100000 0.0701793 642.757 
0.99583 0.0917929 100000 0.0581363 453.754 
0.371072 0.664739 2.53167 100000 2.55678 
0.999927 0.000804368 100000 0.0516115 100000 
0.999927 0.00082045 100000 0.0750515 100000 
0.999927 0.000817845 100000 0.0701793 100000 
0.848328 0.633134 100000 0.0909166 10.6331 
0.999925 0.000833066 100000 0.129245 100000 
0.920272 0.562683 100000 0.0594778 21.5884 
0.994242 0.1216 100000 0.0481115 324.778 
0.999926 0.000821986 100000 0.078256 100000 
0.999926 0.000830372 100000 0.104909 100000 
0.999927 0.000814336 100000 0.0644599 100000 
0.996617 0.0756999 100000 0.0800084 568.872 
0.999927 0.000807285 100000 0.0549737 100000 
0.989688 0.195635 100000 0.0701793 181.656 
0.999926 0.000822771 100000 0.0800084 100000 
0.969977 0.387884 100000 0.0522421 60.2809 
0.999924 0.000833126 100000 0.144953 100000 
0.996688 0.0742169 100000 0.0481115 571.366 
0.999926 0.000823967 100000 0.0828605 100000 
0.999926 0.000821903 100000 0.0780763 100000 
0.999927 0.000804453 100000 0.0517047 100000 
0.999925 0.000833151 100000 0.131777 100000 
0.931562 0.540314 100000 0.0701793 25.6085 
0.999926 0.00082457 100000 0.0843908 100000 
0.999924 0.0008331 100000 0.145791 100000 
0.999927 0.00082045 100000 0.0750515 100000 
0.999925 0.000831659 100000 0.112781 100000 
0.801883 0.648809 100000 0.16383 7.99032 
0.999927 0.000817845 100000 0.0701793 100000 
0.999927 0.000801413 100000 0.048459 100000 
0.999925 0.000832967 100000 0.127064 100000 
0.999927 0.000810838 100000 0.0594778 100000 
0.999924 0.000833123 100000 0.145049 100000 
0.368365 0.666091 2.53167 100000 2.43211 
0.999927 0.000807285 100000 0.0549737 100000 
0.996688 0.0742169 100000 0.0481115 571.366 
0.381713 0.656111 2.70528 100000 3.02546 
0.987156 0.229597 100000 0.048459 143.569 
0.993713 0.13098 100000 0.0465762 296.712 
0.977644 0.329613 100000 0.0472622 81.4406 
0.999927 0.000821103 100000 0.0763802 100000 
0.999927 0.000817845 100000 0.0701793 100000 
0.999927 0.000819218 100000 0.0726689 100000 
0.999927 0.000815694 100000 0.0665749 100000 
0.999924 0.000833219 100000 0.140249 100000 
0.774349 0.652735 100000 0.19848 6.89362 
0.999927 0.000821103 100000 0.0763802 100000 
0.872402 0.619851 100000 0.124293 13.2286 
0.999927 0.000810838 100000 0.0594778 100000 
0.999927 0.000815746 100000 0.0666588 100000 
0.996688 0.0742169 100000 0.0481115 571.366 
0.987516 0.220765 100000 0.131777 154.473 
0.999927 0.000801413 100000 0.048459 100000 
0.999927 0.000804933 100000 0.0522421 100000 
0.999926 0.000830372 100000 0.104909 100000 
0.981382 0.294546 100000 0.094037 100.722 
0.840751 0.635209 100000 0.0763802 9.95941 
0.999926 0.000829715 100000 0.101705 100000 
0.999924 0.000832707 100000 0.154131 100000 
0.999927 0.000803784 100000 0.0509692 100000 
0.999927 0.000801413 100000 0.048459 100000 
0.371072 0.664739 2.53167 100000 2.55678 
0.999926 0.000826853 100000 0.0909166 100000 
0.999926 0.000822771 100000 0.0800084 100000 
0.999927 0.000817845 100000 0.0701793 100000 
0.999927 0.000810838 100000 0.0594778 100000 
0.9827 0.281844 100000 0.0549737 106.331 
0.999927 0.000807285 100000 0.0549737 100000 
0.944189 0.505241 100000 0.0522421 31.5301 
0.999926 0.000821986 100000 0.078256 100000 
0.999927 0.000819202 100000 0.0726384 100000 
0.999925 0.000832292 100000 0.118137 100000 
0.999927 0.000804368 100000 0.0516115 100000 
0.776674 0.652266 100000 0.171952 6.89362 
0.999927 0.000817845 100000 0.0701793 100000 
0.347563 0.671867 2.00615 100000 2.10847 
0.999926 0.000822336 100000 0.0790281 100000 
0.999925 0.000832805 100000 0.124293 100000 
0.999927 0.000817966 100000 0.0703928 100000 
0.999927 0.000810838 100000 0.0594778 100000 
0.999927 0.000804368 100000 0.0516115 100000 
0.999926 0.000830072 100000 0.103394 100000 
0.742437 0.654371 100000 0.222139 5.85886 
0.999925 0.000833151 100000 0.131777 100000 
0.842359 0.634758 100000 0.078256 10.0904 
0.967951 0.401418 100000 0.0750515 57.0377 
0.826109 0.64117 100000 0.094037 9.04594 
0.999927 0.000819218 100000 0.0726689 100000 
0.986974 0.23234 100000 0.0750515 143.569 
0.999926 0.000830098 100000 0.103525 100000 
0.999924 0.0008331 100000 0.145791 100000 
0.999927 0.000810838 100000 0.0594778 100000 
0.999927 0.000811195 100000 0.0599597 100000 
0.999926 0.000821903 100000 0.0780763 100000 
0.999927 0.000819218 100000 0.0726689 100000 
0.997379 0.0597626 100000 0.0594778 731.338 
0.999927 0.000817845 100000 0.0701793 100000 
0.994059 0.125052 100000 0.0522421 315.301 
0.999926 0.000829715 100000 0.101705 100000 
0.999927 0.000804933 100000 0.0522421 100000 
0.999927 0.000801413 100000 0.048459 100000 
0.995994 0.0882685 100000 0.0464583 469.764 
0.999926 0.000830467 100000 0.105404 100000 
0.999927 0.000812755 100000 0.0621316 100000 
0.832622 0.640456 100000 0.16383 9.82099 
0.371072 0.664739 2.53167 100000 2.55678 
0.999927 0.000821103 100000 0.0763802 100000 
0.999927 0.000812651 100000 0.0619839 100000 
0.901352 0.58936 100000 0.0481115 16.9818 
0.999927 0.000810838 100000 0.0594778 100000 
0.999926 0.000830467 100000 0.105404 100000 
0.999926 0.000829715 100000 0.101705 100000 
0.999927 0.000814676 100000 0.0649787 100000 
0.999927 0.000821103 100000 0.0763802 100000 
0.997731 0.0493379 100000 0.16383 897.513 
0.999926 0.000829715 100000 0.101705 100000 
0.981588 0.293559 100000 0.0726689 100.722 
0.997368 0.0599412 100000 0.0750515 734.268 
0.999926 0.000822653 100000 0.0797395 100000 
0.987484 0.225721 100000 0.0549737 147.923 
0.999925 0.000832805 100000 0.124293 100000 
0.999926 0.000822771 100000 0.0800084 100000 
0.992642 0.149743 100000 0.0701793 256.085 
0.917094 0.568884 100000 0.0701793 20.8075 
0.992724 0.148385 100000 0.059486 257.53 
0.371072 0.664739 2.53167 100000 2.55678 
0.999927 0.000817845 100000 0.0701793 100000 
0.999927 0.00082045 100000 0.0750515 100000 
0.968439 0.398248 100000 0.0800084 58.1057 
0.999927 0.000801413 100000 0.048459 100000 
0.999925 0.000832967 100000 0.127064 100000 
0.999926 0.000829715 100000 0.101705 100000 
0.999928 0.000796891 100000 0.044048 100000 
0.939249 0.514468 100000 0.16383 30.5475 
0.838596 0.638321 100000 0.131777 10.0904 
0.999927 0.000804453 100000 0.0517047 100000 
0.999927 0.00082045 100000 0.0750515 100000 
0.875257 0.616684 100000 0.0750515 13.2286 
0.999927 0.000810838 100000 0.0594778 100000 
0.999924 0.0008331 100000 0.145791 100000 
0.999927 0.000819218 100000 0.0726689 100000 
0.999927 0.000804368 100000 0.0516115 100000 
0.999926 0.00082457 100000 0.0843908 100000 
0.371072 0.664739 2.53167 100000 2.55678 
0.999924 0.000833208 100000 0.141125 100000 
0.999927 0.000819218 100000 0.0726689 100000 
0.999927 0.000815694 100000 0.0665749 100000 
0.999927 0.000816878 100000 0.0685167 100000 
0.786536 0.651042 100000 0.159329 7.25706 
0.999926 0.000821783 100000 0.077817 100000 
0.999925 0.000831659 100000 0.112781 100000 
0.994475 0.117572 100000 0.0549737 339.983 
0.999927 0.000821103 100000 0.0763802 100000 
0.992724 0.148384 100000 0.0594778 257.53 
0.999927 0.000817067 100000 0.0688374 100000 
0.999927 0.000807285 100000 0.0549737 100000 
0.999927 0.000810838 100000 0.0594778 100000 
0.988524 0.211988 100000 0.0701793 162.924 
0.999924 0.000833123 100000 0.145049 100000 
0.999927 0.000801074 100000 0.0481115 100000 
0.999924 0.000833219 100000 0.140249 100000 
0.784718 0.651545 100000 0.180611 7.25706 
0.999927 0.000819218 100000 0.0726689 100000 
0.824708 0.642498 100000 0.112781 9.04698 
0.999926 0.000823967 100000 0.0828605 100000 
0.999925 0.00083317 100000 0.132545 100000 
0.995408 0.0990323 100000 0.101705 421.035 
0.999927 0.000801413 100000 0.048459 100000 
0.842359 0.634758 100000 0.078256 10.0904 
0.999925 0.000832805 100000 0.124293 100000 
0.999927 0.000807285 100000 0.0549737 100000 
0.999926 0.000828835 100000 0.0979399 100000 
0.999925 0.000833151 100000 0.131777 100000 
0.999927 0.000817136 100000 0.068953 100000 
0.996688 0.0742169 100000 0.0481115 571.366 
0.999927 0.000817067 100000 0.0688374 100000 
0.999927 0.000804933 100000 0.0522421 100000 
0.778096 0.651778 100000 0.155794 6.89362 
0.999924 0.0008331 100000 0.145791 100000 
0.97544 0.348332 100000 0.0522421 74.1444 
0.368365 0.666091 2.53167 100000 2.43211 
0.996617 0.0756999 100000 0.0800084 568.872 
0.993314 0.138284 100000 0.0726689 282.663 
0.99156 0.167348 100000 0.0594778 221.435 
0.999925 0.000833151 100000 0.131777 100000 
0.989688 0.195635 100000 0.0701793 181.656 
0.999927 0.000802758 100000 0.0498648 100000 
0.999927 0.000815694 100000 0.0665749 100000 
0.351963 0.669507 2.43732 100000 1.9766 
0.999924 0.000832707 100000 0.154131 100000 
0.999927 0.000821103 100000 0.0763802 100000 
0.823276 0.643443 100000 0.131777 9.04698 
0.999927 0.000821103 100000 0.0763802 100000 
0.999927 0.000815746 100000 0.0666588 100000 
0.991271 0.171853 100000 0.0573924 213.729 
0.999927 0.000815535 100000 0.0663213 100000 
0.999927 0.00082045 100000 0.0750515 100000 
0.999926 0.000822771 100000 0.0800084 100000 
0.381713 0.656111 2.70528 100000 3.02546 
0.810066 0.647115 100000 0.162886 8.41572 
0.999926 0.000830372 100000 0.104909 100000 
0.999926 0.000823967 100000 0.0828605 100000 
0.999926 0.00082457 100000 0.0843908 100000 
0.999927 0.000801074 100000 0.0481115 100000 
0.999927 0.00082045 100000 0.0750515 100000 
0.999927 0.000803933 100000 0.0511318 100000 
0.989449 0.198672 100000 0.0828605 178.674 
0.999927 0.000817845 100000 0.0701793 100000 
0.999927 0.000817845 100000 0.0701793 100000 
0.999927 0.000805709 100000 0.0531229 100000 
0.999928 0.00079954 100000 0.0465762 100000 
0.999928 0.000799585 100000 0.0466203 100000 
0.999926 0.000830467 100000 0.105404 100000 
0.778096 0.651778 100000 0.155794 6.89362 
0.976154 0.342219 100000 0.0481115 76.255 
0.987007 0.232025 100000 0.0701793 143.569 
0.992642 0.149743 100000 0.0701793 256.085 
0.988047 0.217954 100000 0.048459 154.473 
0.996617 0.0756999 100000 0.0800084 568.872 
0.999927 0.000804453 100000 0.0517047 100000 
0.999927 0.00080141 100000 0.0484553 100000 
0.999926 0.000829715 100000 0.101705 100000 
0.870585 0.620324 100000 0.155794 13.2286 
0.999927 0.000817845 100000 0.0701793 100000 
0.368365 0.666091 2.53167 100000 2.43211 
0.999925 0.000833117 100000 0.130674 100000 
0.999927 0.000810838 100000 0.0594778 100000 
0.999925 0.000832246 100000 0.117688 100000 
0.999926 0.000830467 100000 0.105404 100000 
0.999927 0.000817845 100000 0.0701793 100000 
0.997198 0.0635082 100000 0.0481115 678.329 
0.999927 0.000821103 100000 0.0763802 100000 
0.999927 0.000804933 100000 0.0522421 100000 
0.371072 0.664739 2.53167 100000 2.55678 
0.999926 0.000830467 100000 0.105404 100000 
0.348787 0.671557 2.20431 100000 1.98104 
0.999925 0.000833151 100000 0.131777 100000 
0.999927 0.000819218 100000 0.0726689 100000 
0.999924 0.000832707 100000 0.154131 100000 
0.987156 0.229597 100000 0.048459 143.569 
0.999927 0.000801074 100000 0.0481115 100000 
0.996688 0.0742169 100000 0.0481115 571.366 
0.999926 0.000830072 100000 0.103394 100000 
0.999926 0.000828917 100000 0.098269 100000 
0.999927 0.000814336 100000 0.0644599 100000 
0.371072 0.664739 2.53167 100000 2.55678 
0.999926 0.000826853 100000 0.0909166 100000 
0.999926 0.000830467 100000 0.105404 100000 
0.999926 0.000822771 100000 0.0800084 100000 
0.988495 0.212282 100000 0.0750515 162.924 
0.995601 0.0962782 100000 0.0701793 432.498 
0.931562 0.540314 100000 0.0701793 25.6085 
0.999927 0.000812651 100000 0.0619839 100000 
0.999925 0.000832292 100000 0.118137 100000 
0.99583 0.0917929 100000 0.0581363 453.754 
0.977585 0.330548 100000 0.0522421 81.4406 
0.993713 0.13098 100000 0.0465762 296.712 
0.999927 0.000810838 100000 0.0594778 100000 
0.999924 0.000832707 100000 0.154131 100000 
0.999924 0.000833208 100000 0.141125 100000 
0.945887 0.499165 100000 0.0464583 32.4778 
0.786536 0.651042 100000 0.159329 7.25706 
0.992774 0.147113 100000 0.0465762 257.53 
0.999927 0.00082045 100000 0.0750515 100000 
0.999926 0.000821986 100000 0.078256 100000 
0.999927 0.000819218 100000 0.0726689 100000 
0.999926 0.000829715 100000 0.101705 100000 
0.351963 0.669507 2.43732 100000 1.9766 
0.999927 0.000810838 100000 0.0594778 100000 
0.999925 0.000831911 100000 0.114729 100000 
0.999925 0.000833151 100000 0.131777 100000 
0.368365 0.666091 2.53167 100000 2.43211 
0.985022 0.256207 100000 0.0594778 123.488 
0.986766 0.233061 100000 0.105404 143.569 
0.999927 0.000814534 100000 0.0647623 100000 
0.88225 0.610284 100000 0.163459 14.7923 
0.999926 0.000830098 100000 0.103525 100000 
0.999927 0.000810838 100000 0.0594778 100000 
0.997731 0.0493379 100000 0.16383 897.513 
0.999926 0.000830372 100000 0.104909 100000 
0.999927 0.000802316 100000 0.0493976 100000 
0.999924 0.000833219 100000 0.140249 100000 
0.999924 0.000832707 100000 0.154131 100000 
0.999928 0.00079954 100000 0.0465762 100000 
0.993768 0.130266 100000 0.0763802 304.224 
0.371072 0.664739 2.53167 100000 2.55678 
0.995496 0.0980701 100000 0.0828605 425.078 
0.999926 0.000822771 100000 0.0800084 100000 
0.834246 0.639766 100000 0.168339 9.95941 
0.999926 0.000823967 100000 0.0828605 100000 
0.999925 0.000832967 100000 0.127064 100000 
0.982343 0.284709 100000 0.094037 106.331 
0.999927 0.000817845 100000 0.0701793 100000 
0.999928 0.000800232 100000 0.0472622 100000 
0.999927 0.000817845 100000 0.0701793 100000 
0.999927 0.000819218 100000 0.0726689 100000 
0.778096 0.651778 100000 0.155794 6.89362 
0.999926 0.000826853 100000 0.0909166 100000 
0.999926 0.000826853 100000 0.0909166 100000 
0.999927 0.000817845 100000 0.0701793 100000 
0.985586 0.246543 100000 0.115352 132.286 
0.999927 0.000809241 100000 0.0573924 100000 
0.999924 0.0008331 100000 0.145791 100000 
0.999924 0.000832345 100000 0.159329 100000 
0.999927 0.000803784 100000 0.0509692 100000 
0.999926 0.000823841 100000 0.0825488 100000 
0.999926 0.000822771 100000 0.0800084 100000 
0.999927 0.000808446 100000 0.0563929 100000 
0.980007 0.302104 100000 0.145049 96.1646 
0.999925 0.000832568 100000 0.121114 100000 
0.990977 0.176439 100000 0.0701793 208.075 
0.999927 0.000804933 100000 0.0522421 100000 
0.999924 0.000833123 100000 0.145049 100000 
0.999927 0.000817136 100000 0.068953 100000 
0.999927 0.000804453 100000 0.0517047 100000 
0.999926 0.000830098 100000 0.103525 100000 
0.999926 0.000829715 100000 0.101705 100000 
0.999924 0.000833208 100000 0.141125 100000 
0.999924 0.000832707 100000 0.154131 100000 
0.984092 0.266285 100000 0.048459 115.432 
0.997699 0.0526677 100000 0.048459 831.464 
0.999925 0.000832348 100000 0.118698 100000 
0.986036 0.243557 100000 0.0481897 131.831 
0.999927 0.000810838 100000 0.0594778 100000 
0.368365 0.666091 2.53167 100000 2.43211 
0.999927 0.000810838 100000 0.0594778 100000 
0.999927 0.000818475 100000 0.0713005 100000 
0.813099 0.64578 100000 0.124293 8.41572 
0.999926 0.000830467 100000 0.105404 100000 
0.999925 0.000832805 100000 0.124293 100000 
0.999927 0.000817845 100000 0.0701793 100000 
0.999927 0.000817845 100000 0.0701793 100000 
0.999926 0.000830072 100000 0.103394 100000 
0.368365 0.666091 2.53167 100000 2.43211 
0.999926 0.000830372 100000 0.104909 100000 
0.999925 0.000831335 100000 0.110523 100000 
0.993805 0.129687 100000 0.0726689 305.475 
0.999925 0.000832967 100000 0.127064 100000 
0.999927 0.000810838 100000 0.0594778 100000 
0.999926 0.000822771 100000 0.0800084 100000 
0.999927 0.00082045 100000 0.0750515 100000 
0.999927 0.000810844 100000 0.059486 100000 
0.984091 0.26631 100000 0.0486025 115.432 
0.999927 0.000804933 100000 0.0522421 100000 
0.999927 0.000801074 100000 0.0481115 100000 
0.999927 0.000810844 100000 0.059486 100000 
0.999927 0.000817845 100000 0.0701793 100000 
0.786536 0.651042 100000 0.159329 7.25706 
0.999927 0.000807285 100000 0.0549737 100000 
0.995682 0.0947196 100000 0.0594778 438.204 
0.987484 0.225721 100000 0.0549737 147.923 
0.999925 0.000833151 100000 0.131777 100000 
0.999926 0.000821903 100000 0.0780763 100000 
0.999924 0.000833219 100000 0.140249 100000 
0.999927 0.000817845 100000 0.0701793 100000 
0.371072 0.664739 2.53167 100000 2.55678 
0.999926 0.000828838 100000 0.0979536 100000 
0.999926 0.000822771 100000 0.0800084 100000 
0.999926 0.000830072 100000 0.103394 100000 
0.999926 0.000821903 100000 0.0780763 100000 
0.98708 0.231063 100000 0.0594778 143.569 
0.993768 0.130266 100000 0.0763802 304.224 
0.999927 0.000804933 100000 0.0522421 100000 
0.987516 0.220765 100000 0.131777 154.473 
0.371072 0.664739 2.53167 100000 2.55678 
0.999926 0.000830072 100000 0.103394 100000 
0.999925 0.000833066 100000 0.129245 100000 
0.999926 0.000830372 100000 0.104909 100000 
0.986974 0.23234 100000 0.0750515 143.569 
0.999927 0.000801413 100000 0.048459 100000 
0.999927 0.000814676 100000 0.0649787 100000 
0.999927 0.000817845 100000 0.0701793 100000 
0.999928 0.000796891 100000 0.044048 100000 
0.999928 0.000796882 100000 0.0440393 100000 
0.999928 0.00079942 100000 0.0464583 100000 
0.999926 0.000830467 100000 0.105404 100000 
0.994762 0.112262 100000 0.0549737 358.963 
0.999927 0.000811195 100000 0.0599597 100000 
0.999927 0.000819218 100000 0.0726689 100000 
0.984658 0.258724 100000 0.101705 123.244 
0.999926 0.000830072 100000 0.103394 100000 
0.999926 0.000830467 100000 0.105404 100000 
0.999926 0.000821986 100000 0.078256 100000 
0.999926 0.000826853 100000 0.0909166 100000 
0.999924 0.000832707 100000 0.154131 100000 
0.999927 0.000801074 100000 0.0481115 100000 
0.999926 0.000823967 100000 0.0828605 100000 
0.999927 0.000801413 100000 0.048459 100000 
0.988524 0.211988 100000 0.0701793 162.924 
0.999927 0.000804368 100000 0.0516115 100000 
0.999927 0.000817845 100000 0.0701793 100000 
0.999926 0.000821903 100000 0.0780763 100000 
0.999927 0.000801074 100000 0.0481115 100000 
0.999926 0.000829715 100000 0.101705 100000 
0.999926 0.000829715 100000 0.101705 100000 
0.999926 0.000828838 100000 0.0979536 100000 
0.999927 0.000804453 100000 0.0517047 100000 
0.999926 0.000821783 100000 0.077817 100000 
0.872402 0.619851 100000 0.124293 13.2286 
0.999927 0.000810838 100000 0.0594778 100000 
0.993314 0.138284 100000 0.0726689 282.663 
0.985884 0.24588 100000 0.0750515 132.286 
0.999925 0.000832246 100000 0.117688 100000 
0.999925 0.000833151 100000 0.131777 100000 
0.999925 0.000832805 100000 0.124293 100000 
0.743682 0.652968 100000 0.16383 5.72727 
0.999926 0.000827393 100000 0.0926737 100000 
0.999926 0.00082457 100000 0.0843908 100000 
0.999927 0.000810838 100000 0.0594778 100000 
0.999927 0.000804368 100000 0.0516115 100000 
0.992659 0.149335 100000 0.0763802 257.53 
0.999924 0.000833208 100000 0.141125 100000 
0.999927 0.000810838 100000 0.0594778 100000 
0.982968 0.277459 100000 0.101705 110.773 
0.999927 0.000814534 100000 0.0647623 100000 
0.368365 0.666091 2.53167 100000 2.43211 
0.999927 0.000801413 100000 0.048459 100000 
0.997543 0.0561054 100000 0.078256 789.669 
0.999928 0.00079954 100000 0.0465762 100000 
0.999927 0.000817845 100000 0.0701793 100000 
0.999927 0.000810838 100000 0.0594778 100000 
0.986974 0.23234 100000 0.0750515 143.569 
0.999927 0.000812394 100000 0.0616184 100000 
0.999926 0.000829715 100000 0.101705 100000 
0.984064 0.266823 100000 0.0517047 115.432 
0.999927 0.000819218 100000 0.0726689 100000 
0.999925 0.000832805 100000 0.124293 100000 
0.999927 0.000807285 100000 0.0549737 100000 
0.824708 0.642498 100000 0.112781 9.04698 
0.999924 0.000833219 100000 0.140249 100000 
0.999924 0.0008331 100000 0.145791 100000 
0.999927 0.000819218 100000 0.0726689 100000 
0.831542 0.640851 100000 0.16383 9.74534 
0.999924 0.000833123 100000 0.145049 100000 
0.999924 0.000832707 100000 0.154131 100000 
0.999928 0.00079954 100000 0.0465762 100000 
0.911534 0.573961 100000 0.168339 20.3973 
0.804564 0.648292 100000 0.16383 8.12706 
0.999927 0.000804933 100000 0.0522421 100000 
0.995296 0.102192 100000 0.0701793 403.879 
0.999927 0.000819202 100000 0.0726384 100000 
0.999925 0.000833151 100000 0.131777 100000 
0.999926 0.000821783 100000 0.077817 100000 
0.999927 0.000819218 100000 0.0726689 100000 
0.368365 0.666091 2.53167 100000 2.43211 
0.989706 0.195329 100000 0.0726689 182.221 
0.368365 0.666091 2.53167 100000 2.43211 
0.999927 0.000801413 100000 0.048459 100000 
0.999927 0.00082045 100000 0.0750515 100000 
0.997964 0.0467848 100000 0.0800084 960.709 
0.999927 0.000819202 100000 0.0726384 100000 
0.999928 0.00079954 100000 0.0465762 100000 
0.999927 0.00082045 100000 0.0750515 100000 
0.999924 0.000832707 100000 0.154131 100000 
0.999927 0.000804933 100000 0.0522421 100000 
0.999926 0.000829715 100000 0.101705 100000 
0.894506 0.598744 100000 0.145791 16.5909 
0.999927 0.000815694 100000 0.0665749 100000 
0.992604 0.150139 100000 0.0800084 256.085 
0.999926 0.000822771 100000 0.0800084 100000 
0.992907 0.145285 100000 0.0701793 265.824 
0.999924 0.0008331 100000 0.145791 100000 
0.872402 0.619851 100000 0.124293 13.2286 
0.999927 0.000810838 100000 0.0594778 100000 
0.999926 0.000821903 100000 0.0780763 100000 
0.999924 0.000833126 100000 0.144953 100000 
0.930364 0.542695 100000 0.105404 25.6085 
0.999926 0.000822771 100000 0.0800084 100000 
0.999927 0.000807285 100000 0.0549737 100000 
0.999927 0.00082045 100000 0.0750515 100000 
0.999926 0.000821986 100000 0.078256 100000 
0.999927 0.000804453 100000 0.0517047 100000 
0.999927 0.000817845 100000 0.0701793 100000 
0.999926 0.000829715 100000 0.101705 100000 
0.999926 0.000823967 100000 0.0828605 100000 
0.999927 0.000804933 100000 0.0522421 100000 
0.999927 0.000819218 100000 0.0726689 100000 
0.999926 0.000827791 100000 0.094037 100000 
0.999927 0.000812651 100000 0.0619839 100000 
0.999927 0.000804933 100000 0.0522421 100000 
0.999927 0.000814534 100000 0.0647623 100000 
0.999927 0.000801413 100000 0.048459 100000 
0.98592 0.245551 100000 0.0701793 132.286 
0.999927 0.000815694 100000 0.0665749 100000 
0.999927 0.000810838 100000 0.0594778 100000 
0.99583 0.0917929 100000 0.0581363 453.754 
0.999927 0.000805633 100000 0.0530367 100000 
0.999924 0.000832707 100000 0.154131 100000 
0.999927 0.000817845 100000 0.0701793 100000 
0.371072 0.664739 2.53167 100000 2.55678 
0.999927 0.000804453 100000 0.0517047 100000 
0.999924 0.0008331 100000 0.145791 100000 
0.999925 0.000832568 100000 0.121114 100000 
0.840751 0.635209 100000 0.0763802 9.95941 
0.999927 0.000801413 100000 0.048459 100000 
0.999927 0.000810838 100000 0.0594778 100000 
0.999928 0.000796882 100000 0.0440393 100000 
0.999924 0.0008331 100000 0.145791 100000 
0.999927 0.000817845 100000 0.0701793 100000 
0.991456 0.168919 100000 0.0558946 218.261 
0.999926 0.000822771 100000 0.0800084 100000 
0.999924 0.0008331 100000 0.145791 100000 
0.997885 0.0486368 100000 0.0726689 919.541 
0.989688 0.195635 100000 0.0701793 181.656 
0.999927 0.00080982 100000 0.0581363 100000 
0.999927 0.000802758 100000 0.0498648 100000 
0.992642 0.149743 100000 0.0701793 256.085 
0.999927 0.000801413 100000 0.048459 100000 
0.999926 0.000830072 100000 0.103394 100000 
0.999927 0.000819218 100000 0.0726689 100000 
0.999927 0.000810838 100000 0.0594778 100000 
0.999928 0.00079954 100000 0.0465762 100000 
0.999925 0.000833151 100000 0.131777 100000 
0.994059 0.125052 100000 0.0522421 315.301 
0.879909 0.613108 100000 0.0750515 13.8143 
0.999927 0.00082045 100000 0.0750515 100000 
0.981566 0.293608 100000 0.078256 100.904 
0.999927 0.000810967 100000 0.0596517 100000 
0.999924 0.0008331 100000 0.145791 100000 
0.999925 0.000833066 100000 0.129245 100000 
0.988476 0.212441 100000 0.078256 162.924 
0.981382 0.294546 100000 0.094037 100.722 
0.999927 0.000817845 100000 0.0701793 100000 
0.999926 0.00082457 100000 0.0843908 100000 
0.999926 0.000827791 100000 0.094037 100000 
0.371072 0.664739 2.53167 100000 2.55678 
0.848328 0.633134 100000 0.0909166 10.6331 
0.999927 0.00082045 100000 0.0750515 100000 
0.368365 0.666091 2.53167 100000 2.43211 
0.999926 0.000829715 100000 0.101705 100000 
0.999926 0.000829193 100000 0.0994115 100000 
0.999926 0.000822771 100000 0.0800084 100000 
0.999927 0.000809241 100000 0.0573924 100000 
0.999927 0.000801074 100000 0.0481115 100000 
0.351963 0.669507 2.43732 100000 1.9766 
0.999927 0.000817845 100000 0.0701793 100000 
0.999927 0.000819218 100000 0.0726689 100000 
0.99354 0.13337 100000 0.0979399 296.712 
0.999925 0.000833151 100000 0.131777 100000 
0.997414 0.0590134 100000 0.0594778 741.444 
0.999927 0.000807285 100000 0.0549737 100000 
0.999927 0.000817845 100000 0.0701793 100000 
0.999926 0.0008252 100000 0.0860661 100000 
0.999927 0.000804368 100000 0.0516115 100000 
0.999927 0.000821103 100000 0.0763802 100000 
0.992642 0.149743 100000 0.0701793 256.085 
0.999924 0.0008331 100000 0.145791 100000 
0.999927 0.000810844 100000 0.059486 100000 
0.999927 0.000817067 100000 0.0688374 100000 
0.999924 0.000833219 100000 0.140249 100000 
0.999927 0.000812651 100000 0.0619839 100000 
0.784718 0.651545 100000 0.180611 7.25706 
0.944189 0.505241 100000 0.0522421 31.5301 
0.999925 0.000831986 100000 0.115352 100000 
0.977373 0.332877 100000 0.0701793 81.4406 
0.999925 0.000833151 100000 0.131777 100000 
0.999927 0.000817845 100000 0.0701793 100000 
0.999925 0.000833151 100000 0.131777 100000 
0.999927 0.000819218 100000 0.0726689 100000 
0.999927 0.000801413 100000 0.048459 100000 
0.996688 0.0742169 100000 0.0481115 571.366 
0.798212 0.649144 100000 0.145049 7.73435 
0.999927 0.000810838 100000 0.0594778 100000 
0.999927 0.000817136 100000 0.068953 100000 
0.999927 0.000814336 100000 0.0644599 100000 
0.978304 0.32473 100000 0.0713005 85.0795 
0.992732 0.147867 100000 0.0472622 256.085 
0.982471 0.284216 100000 0.0800084 106.331 
0.996851 0.0703599 100000 0.098269 618.234 
0.999925 0.000832348 100000 0.118698 100000 
0.999928 0.000796891 100000 0.044048 100000 
0.999927 0.000817845 100000 0.0701793 100000 
0.999926 0.000822771 100000 0.0800084 100000 
0.999924 0.000833123 100000 0.145049 100000 
0.999927 0.000814534 100000 0.0647623 100000 
0.997654 0.0536319 100000 0.0472622 814.406 
0.999927 0.00082045 100000 0.0750515 100000 
0.999927 0.000801074 100000 0.0481115 100000 
0.999924 0.0008331 100000 0.145791 100000 
0.999926 0.000830467 100000 0.105404 100000 
0.941073 0.513912 100000 0.0465762 29.6712 
0.870585 0.620324 100000 0.155794 13.2286 
0.996643 0.0753067 100000 0.0701793 570.377 
0.999927 0.000814336 100000 0.0644599 100000 
0.999927 0.00082045 100000 0.0750515 100000 
0.999924 0.000832592 100000 0.155918 100000 
0.999926 0.000828835 100000 0.0979399 100000 
0.992642 0.149743 100000 0.0701793 256.085 
0.999927 0.000810838 100000 0.0594778 100000 
0.999927 0.000804453 100000 0.0517047 100000 
0.963474 0.426405 100000 0.0522421 49.1949 
0.999926 0.000826853 100000 0.0909166 100000 
0.999927 0.000821103 100000 0.0763802 100000 
0.999927 0.000810844 100000 0.059486 100000 
0.999927 0.000819218 100000 0.0726689 100000 
0.999927 0.000804368 100000 0.0516115 100000 
0.981412 0.294473 100000 0.0909166 100.722 
0.996377 0.0798895 100000 0.103394 536.899 
0.99721 0.0633888 100000 0.0594778 685.823 
0.981679 0.2927 100000 0.0665749 100.904 
0.999926 0.000830467 100000 0.105404 100000 
0.999925 0.000831659 100000 0.112781 100000 
0.999926 0.000826853 100000 0.0909166 100000 
0.820854 0.644328 100000 0.16383 9.04594 
0.99403 0.125751 100000 0.0616184 315.301 
0.999927 0.000804933 100000 0.0522421 100000 
0.38206 0.655467 2.70528 100000 3.06333 
0.999927 0.00080141 100000 0.0484553 100000 
0.999926 0.000822771 100000 0.0800084 100000 
0.999927 0.000808231 100000 0.0561265 100000 
0.860009 0.625876 100000 0.0688374 11.5432 
0.999927 0.000815694 100000 0.0665749 100000 
0.982343 0.284709 100000 0.094037 106.331 
0.999927 0.000810838 100000 0.0594778 100000 
0.368365 0.666091 2.53167 100000 2.43211 
0.999926 0.000829715 100000 0.101705 100000 
0.963625 0.426364 100000 0.0701793 49.8871 
0.999927 0.000801413 100000 0.048459 100000 
0.999926 0.00082457 100000 0.0843908 100000 
0.786536 0.651042 100000 0.159329 7.25706 
0.999927 0.000811195 100000 0.0599597 100000 
0.999926 0.000827791 100000 0.094037 100000 
0.999926 0.000829193 100000 0.0994115 100000 
0.990977 0.176439 100000 0.0701793 208.075 
0.999926 0.000822771 100000 0.0800084 100000 
0.776674 0.652266 100000 0.171952 6.89362 
0.999927 0.000817845 100000 0.0701793 100000 
0.999927 0.000821103 100000 0.0763802 100000 
0.999926 0.000829715 100000 0.101705 100000 
0.987044 0.231588 100000 0.0647623 143.569 
0.999926 0.000822653 100000 0.0797395 100000 
0.368365 0.666091 2.53167 100000 2.43211 
0.999927 0.000821103 100000 0.0763802 100000 
0.774349 0.652735 100000 0.19848 6.89362 
0.999926 0.000823967 100000 0.0828605 100000 
0.989359 0.200351 100000 0.0701793 175.94 
0.999926 0.000822336 100000 0.0790281 100000 
0.999927 0.000817845 100000 0.0701793 100000 
0.939249 0.514468 100000 0.16383 30.5475 
0.999925 0.000832967 100000 0.127064 100000 
0.999927 0.000810838 100000 0.0594778 100000 
0.999928 0.00079954 100000 0.0465762 100000 
0.999927 0.000819218 100000 0.0726689 100000 
0.982731 0.281326 100000 0.0516115 106.331 
0.986974 0.23234 100000 0.0750515 143.569 
0.999925 0.000831659 100000 0.112781 100000 
0.999927 0.000817845 100000 0.0701793 100000 
0.999924 0.000832739 100000 0.153596 100000 
0.999926 0.000828917 100000 0.098269 100000 
0.999927 0.000807285 100000 0.0549737 100000 
0.786536 0.651042 100000 0.159329 7.25706 
0.999927 0.000821103 100000 0.0763802 100000 
0.999926 0.000822551 100000 0.0795084 100000 
0.999927 0.000817845 100000 0.0701793 100000 
0.999927 0.000802758 100000 0.0498648 100000 
0.999927 0.000810838 100000 0.0594778 100000 
0.999927 0.000801413 100000 0.048459 100000 
0.999926 0.000825945 100000 0.0881636 100000 
0.999926 0.000829715 100000 0.101705 100000 
0.999927 0.000817845 100000 0.0701793 100000 
0.992724 0.148384 100000 0.0594778 257.53 
0.994248 0.121432 100000 0.0464583 324.778 
0.999927 0.000817845 100000 0.0701793 100000 
0.991918 0.161644 100000 0.0594778 231.401 
0.997379 0.0597626 100000 0.0594778 731.338 
0.999927 0.000812755 100000 0.0621316 100000 
0.993314 0.138284 100000 0.0726689 282.663 
0.999928 0.00079954 100000 0.0465762 100000 
0.999927 0.000808446 100000 0.0563929 100000 
0.999926 0.000822771 100000 0.0800084 100000 
0.999925 0.000833151 100000 0.131777 100000 
0.999926 0.000822771 100000 0.0800084 100000 
0.999926 0.000830372 100000 0.104909 100000 
0.856658 0.629875 100000 0.121114 11.5432 
0.999927 0.000817845 100000 0.0701793 100000 
0.348787 0.671557 2.20431 100000 1.98104 
0.999927 0.000810838 100000 0.0594778 100000 
0.786536 0.651042 100000 0.159329 7.25706 
0.999926 0.000830072 100000 0.103394 100000 
0.999926 0.000822771 100000 0.0800084 100000 
0.999926 0.000830098 100000 0.103525 100000 
0.995472 0.0987152 100000 0.0750515 421.035 
0.999927 0.000810838 100000 0.0594778 100000 
0.999925 0.000833151 100000 0.131777 100000 
0.999927 0.000810838 100000 0.0594778 100000 
0.371072 0.664739 2.53167 100000 2.55678 
0.999928 0.000799585 100000 0.0466203 100000 
0.999925 0.000832568 100000 0.121114 100000 
0.999927 0.000812394 100000 0.0616184 100000 
0.999926 0.000822771 100000 0.0800084 100000 
0.999927 0.000805633 100000 0.0530367 100000 
0.999927 0.000801553 100000 0.0486025 100000 
0.994992 0.107987 100000 0.0701793 378.882 
0.999926 0.000830372 100000 0.104909 100000 
0.999927 0.000801074 100000 0.0481115 100000 
0.999927 0.000819218 100000 0.0726689 100000 
0.999924 0.000833208 100000 0.141125 100000 
0.999925 0.000832568 100000 0.121114 100000 
0.999926 0.000821986 100000 0.078256 100000 
0.999926 0.000822771 100000 0.0800084 100000 
0.993604 0.133081 100000 0.0790281 296.712 
0.999925 0.000832292 100000 0.118137 100000 
0.999927 0.000806583 100000 0.054139 100000 
0.999925 0.000832967 100000 0.127064 100000 
0.999927 0.000814534 100000 0.0647623 100000 
0.999927 0.000810838 100000 0.0594778 100000 
0.999927 0.000810838 100000 0.0594778 100000 
0.999924 0.000833219 100000 0.140249 100000 
0.999927 0.000817845 100000 0.0701793 100000 
0.999926 0.000830372 100000 0.104909 100000 
0.999927 0.000801074 100000 0.0481115 100000 
0.999927 0.000817845 100000 0.0701793 100000 
0.999927 0.000815746 100000 0.0666588 100000 
0.999927 0.000817845 100000 0.0701793 100000 
0.999926 0.000822771 100000 0.0800084 100000 
0.999927 0.000821103 100000 0.0763802 100000 
0.999927 0.000819218 100000 0.0726689 100000 
0.994332 0.119 100000 0.103394 339.983 
0.999926 0.000823967 100000 0.0828605 100000 
0.999924 0.000833208 100000 0.141125 100000 
0.999928 0.000799585 100000 0.0466203 100000 
0.999927 0.000803784 100000 0.0509692 100000 
0.999925 0.000832805 100000 0.124293 100000 
0.999925 0.00083317 100000 0.132545 100000 
0.999924 0.000832707 100000 0.154131 100000 
0.999924 0.000832592 100000 0.155918 100000 
0.999928 0.00079954 100000 0.0465762 100000 
0.999927 0.000817067 100000 0.0688374 100000 
0.999927 0.000815746 100000 0.0666588 100000 
0.999926 0.000829715 100000 0.101705 100000 
0.999926 0.000822771 100000 0.0800084 100000 
0.999927 0.000801413 100000 0.048459 100000 
0.351963 0.669507 2.43732 100000 1.9766 
0.999927 0.000815694 100000 0.0665749 100000 
0.981588 0.293559 100000 0.0726689 100.722 
0.997386 0.0594795 100000 0.0797395 741.444 
0.999927 0.000817845 100000 0.0701793 100000 
0.371072 0.664739 2.53167 100000 2.55678 
0.832622 0.640456 100000 0.16383 9.82099 
0.999928 0.00079954 100000 0.0465762 100000 
0.82345 0.643342 100000 0.129245 9.04594 
0.999927 0.000814676 100000 0.0649787 100000 
0.999925 0.00083321 100000 0.134629 100000 
0.999927 0.000814534 100000 0.0647623 100000 
0.999927 0.000817845 100000 0.0701793 100000 
0.993314 0.138284 100000 0.0726689 282.663 
0.951385 0.480193 100000 0.048459 36.4058 
0.999927 0.000801413 100000 0.048459 100000 
0.999927 0.000804453 100000 0.0517047 100000 
0.993314 0.138284 100000 0.0726689 282.663 
0.999924 0.000833208 100000 0.141125 100000 
0.999924 0.0008331 100000 0.145791 100000 
0.999926 0.000823967 100000 0.0828605 100000 
0.999927 0.000807285 100000 0.0549737 100000 
0.999924 0.000833219 100000 0.140249 100000 
0.999927 0.000821103 100000 0.0763802 100000 
0.999925 0.00083321 100000 0.134629 100000 
0.999927 0.000801413 100000 0.048459 100000 
0.999926 0.000827393 100000 0.0926737 100000 
0.999927 0.000810838 100000 0.0594778 100000 
0.999927 0.000819218 100000 0.0726689 100000 
0.999924 0.000832707 100000 0.154131 100000 
0.999927 0.000801413 100000 0.048459 100000 
0.999926 0.000822771 100000 0.0800084 100000 
0.999927 0.000810838 100000 0.0594778 100000 
0.999927 0.00080982 100000 0.0581363 100000 
0.997379 0.0597626 100000 0.0594778 731.338 
0.915236 0.572252 100000 0.078256 20.3973 
0.999927 0.00082045 100000 0.0750515 100000 
0.999924 0.000833219 100000 0.140249 100000 
0.999927 0.000807285 100000 0.0549737 100000 
0.999926 0.000822771 100000 0.0800084 100000 
0.999926 0.000830467 100000 0.105404 100000 
0.999927 0.000817845 100000 0.0701793 100000 
0.999927 0.000819218 100000 0.0726689 100000 
0.993314 0.138284 100000 0.0726689 282.663 
0.977499 0.331665 100000 0.0594778 81.4406 
0.999926 0.000828835 100000 0.0979399 100000 
0.801883 0.648809 100000 0.16383 7.99032 
0.999927 0.000804933 100000 0.0522421 100000 
0.999926 0.000830372 100000 0.104909 100000 
0.999927 0.000814336 100000 0.0644599 100000 
0.999926 0.000822771 100000 0.0800084 100000 
0.999925 0.000832805 100000 0.124293 100000 
0.786536 0.651042 100000 0.159329 7.25706 
0.987156 0.229597 100000 0.048459 143.569 
0.984095 0.266224 100000 0.0481115 115.432 
0.840751 0.635209 100000 0.0763802 9.95941 
0.999927 0.000817845 100000 0.0701793 100000 
0.838608 0.636277 100000 0.0800084 9.82099 
0.999927 0.000817845 100000 0.0701793 100000 
0.995907 0.0894997 100000 0.0979399 472.517 
0.999926 0.000823967 100000 0.0828605 100000 
0.999925 0.000833151 100000 0.131777 100000 
0.977613 0.33012 100000 0.0498648 81.4406 
0.999927 0.000801413 100000 0.048459 100000 
0.999926 0.000830072 100000 0.103394 100000 
0.999927 0.000810838 100000 0.0594778 100000 
0.999927 0.000821103 100000 0.0763802 100000 
0.993713 0.13098 100000 0.0465762 296.712 
0.993314 0.138284 100000 0.0726689 282.663 
0.999927 0.000819202 100000 0.0726384 100000 
0.999925 0.000832246 100000 0.117688 100000 
0.999927 0.000810838 100000 0.0594778 100000 
0.961475 0.4375 100000 0.0666588 46.9037 
0.999927 0.00080982 100000 0.0581363 100000 
0.999927 0.000819218 100000 0.0726689 100000 
0.999927 0.000804933 100000 0.0522421 100000 
0.999925 0.000832568 100000 0.121114 100000 
0.991941 0.161212 100000 0.0726689 233.741 
0.999925 0.000833144 100000 0.131548 100000 
0.999927 0.000801074 100000 0.0481115 100000 
0.999924 0.000832707 100000 0.154131 100000 
0.999927 0.000814336 100000 0.0644599 100000 
0.986 0.244551 100000 0.0594778 132.286 
0.999928 0.00079954 100000 0.0465762 100000 
0.999926 0.000830467 100000 0.105404 100000 
0.999927 0.000801074 100000 0.0481115 100000 
0.999926 0.000822771 100000 0.0800084 100000 
0.999927 0.000810838 100000 0.0594778 100000 
0.999926 0.000830098 100000 0.103525 100000 
0.999928 0.000799585 100000 0.0466203 100000 
0.999927 0.00082045 100000 0.0750515 100000 
0.994248 0.121432 100000 0.0464583 324.778 
0.999925 0.000833151 100000 0.131777 100000 
0.999928 0.000796891 100000 0.044048 100000 
0.999926 0.000821986 100000 0.078256 100000 
0.999927 0.000801074 100000 0.0481115 100000 
0.994077 0.123685 100000 0.101749 324.778 
0.999927 0.000810844 100000 0.059486 100000 
0.999925 0.000832292 100000 0.118137 100000 
0.996688 0.0742169 100000 0.0481115 571.366 
0.999927 0.000810838 100000 0.0594778 100000 
0.999927 0.000817845 100000 0.0701793 100000 
0.999926 0.00082457 100000 0.0843908 100000 
0.999927 0.000817845 100000 0.0701793 100000 
0.999924 0.0008331 100000 0.145791 100000 
0.999927 0.000810838 100000 0.0594778 100000 
0.778096 0.651778 100000 0.155794 6.89362 
0.840751 0.635209 100000 0.0763802 9.95941 
0.999927 0.000810838 100000 0.0594778 100000 
0.985022 0.256207 100000 0.0594778 123.488 
0.842359 0.634758 100000 0.078256 10.0904 
0.985022 0.256207 100000 0.0594778 123.488 
0.999925 0.000832292 100000 0.118137 100000 
0.999927 0.000804453 100000 0.0517047 100000 
0.999927 0.000804368 100000 0.0516115 100000 
0.999925 0.000832967 100000 0.127064 100000 
0.992724 0.148384 100000 0.0594778 257.53 
0.999927 0.000810838 100000 0.0594778 100000 
0.999927 0.000815746 100000 0.0666588 100000 
0.999927 0.000815746 100000 0.0666588 100000 
0.976979 0.334326 100000 0.103525 81.4406 
0.989288 0.201362 100000 0.0701793 174.749 
0.993323 0.138173 100000 0.0701793 282.663 
0.999927 0.000810838 100000 0.0594778 100000 
0.999927 0.000817136 100000 0.068953 100000 
0.824708 0.642498 100000 0.112781 9.04698 
0.999927 0.000819218 100000 0.0726689 100000 
0.999927 0.000821103 100000 0.0763802 100000 
0.999924 0.000833224 100000 0.139745 100000 
0.999927 0.000817845 100000 0.0701793 100000 
0.81827 0.644515 100000 0.19848 9.04594 
0.987169 0.229288 100000 0.0465762 143.569 
0.999927 0.000801074 100000 0.0481115 100000 
0.999924 0.000833219 100000 0.140249 100000 
0.999927 0.000807285 100000 0.0549737 100000 
0.999927 0.000804453 100000 0.0517047 100000 
0.999927 0.00082045 100000 0.0750515 100000 
0.999927 0.000819218 100000 0.0726689 100000 
0.999926 0.000829715 100000 0.101705 100000 
0.999927 0.000804933 100000 0.0522421 100000 
0.999927 0.000817845 100000 0.0701793 100000 
0.976637 0.338247 100000 0.0909166 79.6843 
0.999925 0.000832805 100000 0.124293 100000 
0.999927 0.000801413 100000 0.048459 100000 
0.999928 0.00079954 100000 0.0465762 100000 
0.999927 0.000817845 100000 0.0701793 100000 
0.999926 0.000830072 100000 0.103394 100000 
0.911534 0.573961 100000 0.168339 20.3973 
0.999927 0.00082045 100000 0.0750515 100000 
0.999925 0.000833151 100000 0.131777 100000 
0.996617 0.0756999 100000 0.0800084 568.872 
0.999927 0.000814534 100000 0.0647623 100000 
0.999927 0.000821103 100000 0.0763802 100000 
0.999927 0.000817966 100000 0.0703928 100000 
0.981656 0.292923 100000 0.068953 100.904 
0.999924 0.000833208 100000 0.141125 100000 
0.98337 0.274787 100000 0.0750515 111.909 
0.999925 0.000831986 100000 0.115352 100000 
0.999925 0.000832348 100000 0.118698 100000 
0.999927 0.000804368 100000 0.0516115 100000 
0.351963 0.669507 2.43732 100000 1.9766 
0.999926 0.000823967 100000 0.0828605 100000 
0.999927 0.000821103 100000 0.0763802 100000 
0.999926 0.000822771 100000 0.0800084 100000 
0.999927 0.000817067 100000 0.0688374 100000 
0.999927 0.000817845 100000 0.0701793 100000 
0.999927 0.000810838 100000 0.0594778 100000 
0.999926 0.000826853 100000 0.0909166 100000 
0.999927 0.000804933 100000 0.0522421 100000 
0.992907 0.145285 100000 0.0701793 265.824 
0.999926 0.000821903 100000 0.0780763 100000 
0.999927 0.000814336 100000 0.0644599 100000 
0.84293 0.633836 100000 0.0701793 10.0904 
0.743682 0.652968 100000 0.16383 5.72727 
0.999924 0.000832592 100000 0.155918 100000 
0.999925 0.000832348 100000 0.118698 100000 
0.999927 0.000810838 100000 0.0594778 100000 
0.999925 0.000832246 100000 0.117688 100000 
0.999927 0.000807285 100000 0.0549737 100000 
0.999925 0.000833151 100000 0.131777 100000 
0.999927 0.000821103 100000 0.0763802 100000 
0.992727 0.148007 100000 0.048459 256.085 
0.999927 0.000819218 100000 0.0726689 100000 
0.999927 0.000812651 100000 0.0619839 100000 
0.347563 0.671867 2.00615 100000 2.10847 
0.999927 0.000817845 100000 0.0701793 100000 
0.999926 0.000830372 100000 0.104909 100000 
0.992612 0.150076 100000 0.0780763 256.085 
0.359333 0.668716 2.17382 100000 2.43211 
0.999926 0.000828838 100000 0.0979536 100000 
0.999926 0.000829715 100000 0.101705 100000 
0.986217 0.239361 100000 0.110971 138.143 
0.999927 0.00082045 100000 0.0750515 100000 
0.989111 0.203384 100000 0.0481115 169.818 
0.999924 0.000832345 100000 0.159329 100000 
0.999927 0.000817845 100000 0.0701793 100000 
0.999925 0.000833151 100000 0.131777 100000 
0.999927 0.000810838 100000 0.0594778 100000 
0.999927 0.00082045 100000 0.0750515 100000 
0.999927 0.000817845 100000 0.0701793 100000 
0.776674 0.652266 100000 0.171952 6.89362 
0.996124 0.084967 100000 0.103394 501.054 
0.999926 0.000822771 100000 0.0800084 100000 
0.999925 0.000832805 100000 0.124293 100000 
0.999927 0.000821103 100000 0.0763802 100000 
0.981382 0.294546 100000 0.094037 100.722 
0.999926 0.000826853 100000 0.0909166 100000 
0.999926 0.000821986 100000 0.078256 100000 
0.99156 0.167348 100000 0.0594778 221.435 
0.999927 0.000801074 100000 0.0481115 100000 
0.997414 0.0590134 100000 0.0594778 741.444 
0.999924 0.000833219 100000 0.140249 100000 
0.999924 0.000833208 100000 0.141125 100000 
0.885329 0.609338 100000 0.105404 14.7923 
0.999927 0.000810838 100000 0.0594778 100000 
0.996688 0.0742169 100000 0.0481115 571.366 
0.999927 0.000812651 100000 0.0619839 100000 
0.986472 0.238661 100000 0.0750515 138.143 
0.999927 0.000817067 100000 0.0688374 100000 
0.999926 0.000823967 100000 0.0828605 100000 
0.999926 0.000830467 100000 0.105404 100000 
0.999927 0.000804453 100000 0.0517047 100000 
0.999926 0.000826853 100000 0.0909166 100000 
0.999927 0.000807285 100000 0.0549737 100000 
0.999924 0.0008331 100000 0.145791 100000 
0.999926 0.000822771 100000 0.0800084 100000 
0.999926 0.000829715 100000 0.101705 100000 
0.984669 0.257271 100000 0.115352 124.216 
0.999927 0.000801413 100000 0.048459 100000 
0.999926 0.000821986 100000 0.078256 100000 
0.999926 0.000823841 100000 0.0825488 100000 
0.999927 0.000801413 100000 0.048459 100000 
0.999927 0.000804933 100000 0.0522421 100000 
0.999924 0.0008331 100000 0.145791 100000 
0.959852 0.445503 100000 0.0688374 44.9811 
0.999927 0.000801074 100000 0.0481115 100000 
0.999928 0.00079942 100000 0.0464583 100000 
0.997852 0.0488347 100000 0.101705 919.541 
0.999924 0.000832707 100000 0.154131 100000 
0.999925 0.000833151 100000 0.131777 100000 
0.999926 0.000822771 100000 0.0800084 100000 
0.999927 0.000817845 100000 0.0701793 100000 
0.999927 0.000801413 100000 0.048459 100000 
0.999926 0.000822771 100000 0.0800084 100000 
0.999925 0.000831659 100000 0.112781 100000 
0.99713 0.065051 100000 0.0726689 670.974 
0.999927 0.000819218 100000 0.0726689 100000 
0.999927 0.000817136 100000 0.068953 100000 
0.977634 0.329783 100000 0.0481115 81.4406 
0.999927 0.000821103 100000 0.0763802 100000 
0.999927 0.000819218 100000 0.0726689 100000 
0.987007 0.232025 100000 0.0701793 143.569 
0.999924 0.000833135 100000 0.144604 100000 
0.999924 0.000832707 100000 0.154131 100000 
0.999927 0.000821103 100000 0.0763802 100000 
0.991203 0.172973 100000 0.0665749 213.117 
0.999927 0.000801074 100000 0.0481115 100000 
0.992724 0.148385 100000 0.059486 257.53 
0.989788 0.194232 100000 0.0647623 182.93 
0.875257 0.616684 100000 0.0750515 13.2286 
0.999927 0.000804933 100000 0.0522421 100000 
0.842359 0.634758 100000 0.078256 10.0904 
0.999927 0.000801413 100000 0.048459 100000 
0.992728 0.147967 100000 0.0481115 256.085 
0.820925 0.644313 100000 0.162886 9.04594 
0.348787 0.671557 2.20431 100000 1.98104 
0.999925 0.000833066 100000 0.129245 100000 
0.999926 0.000830072 100000 0.103394 100000 
0.999927 0.00082045 100000 0.0750515 100000 
0.999927 0.000801074 100000 0.0481115 100000 
0.929152 0.542859 100000 0.141125 25.6085 
0.83455 0.639727 100000 0.164007 9.95941 
0.964201 0.423216 100000 0.0750515 50.854 
0.931562 0.540314 100000 0.0701793 25.6085 
0.999925 0.000833151 100000 0.131777 100000 
0.999927 0.000804453 100000 0.0517047 100000 
0.999927 0.000804933 100000 0.0522421 100000 
0.984658 0.258724 100000 0.101705 123.244 
0.982371 0.284639 100000 0.0909166 106.331 
0.996688 0.0742169 100000 0.0481115 571.366 
0.999927 0.000817845 100000 0.0701793 100000 
0.979558 0.313337 100000 0.0665749 90.2049 
0.999924 0.000832707 100000 0.154131 100000 
0.986952 0.232511 100000 0.078256 143.569 
0.999927 0.000817845 100000 0.0701793 100000 
0.999927 0.000801413 100000 0.048459 100000 
0.368365 0.666091 2.53167 100000 2.43211 
0.999926 0.000828835 100000 0.0979399 100000 
0.999925 0.000833151 100000 0.131777 100000 
0.371072 0.664739 2.53167 100000 2.55678 
0.999924 0.0008331 100000 0.145791 100000 
0.778096 0.651778 100000 0.155794 6.89362 
0.999927 0.000807496 100000 0.0552285 100000 
0.981566 0.293608 100000 0.078256 100.904 
0.999927 0.000819218 100000 0.0726689 100000 
0.983743 0.270645 100000 0.0763802 114.617 
0.824708 0.642498 100000 0.112781 9.04698 
0.999927 0.000812394 100000 0.0616184 100000 
0.999925 0.000833151 100000 0.131777 100000 
0.999927 0.000801074 100000 0.0481115 100000 
0.999926 0.000830098 100000 0.103525 100000 
0.989688 0.195635 100000 0.0701793 181.656 
0.999927 0.00082045 100000 0.0750515 100000 
0.89683 0.597568 100000 0.0979536 16.5909 
0.776674 0.652266 100000 0.171952 6.89362 
0.999924 0.0008331 100000 0.145791 100000 
0.999927 0.000810844 100000 0.059486 100000 
0.999927 0.000801074 100000 0.0481115 100000 
0.999926 0.000829715 100000 0.101705 100000 
0.993713 0.13098 100000 0.0465762 296.712 
0.999925 0.000831911 100000 0.114729 100000 
0.999926 0.000830467 100000 0.105404 100000 
0.347563 0.671867 2.00615 100000 2.10847 
0.999926 0.000827951 100000 0.0946033 100000 
0.999927 0.000817845 100000 0.0701793 100000 
0.999926 0.000830098 100000 0.103525 100000 
0.999926 0.000821986 100000 0.078256 100000 
0.857664 0.629101 100000 0.145791 11.7879 
0.999927 0.000801413 100000 0.048459 100000 
0.999927 0.000814534 100000 0.0647623 100000 
0.999926 0.000828161 100000 0.0953643 100000 
0.999927 0.000807285 100000 0.0549737 100000 
0.999927 0.000801074 100000 0.0481115 100000 
0.999927 0.000821103 100000 0.0763802 100000 
0.999926 0.000830467 100000 0.105404 100000 
0.990768 0.179485 100000 0.0763802 203.973 
0.874803 0.617461 100000 0.0828605 13.2286 
0.931562 0.540314 100000 0.0701793 25.6085 
0.999927 0.00082045 100000 0.0750515 100000 
0.999927 0.000819218 100000 0.0726689 100000 
0.999926 0.000828835 100000 0.0979399 100000 
0.999926 0.000821783 100000 0.077817 100000 
0.999925 0.000833151 100000 0.131777 100000 
0.999925 0.000832967 100000 0.127064 100000 
0.999927 0.000817845 100000 0.0701793 100000 
0.999926 0.000822771 100000 0.0800084 100000 
0.999927 0.000801074 100000 0.0481115 100000 
0.999925 0.000833151 100000 0.131777 100000 
0.999927 0.000821103 100000 0.0763802 100000 
0.999924 0.000832707 100000 0.154131 100000 
0.999927 0.000821103 100000 0.0763802 100000 
0.988495 0.212282 100000 0.0750515 162.924 
0.999924 0.000833219 100000 0.140249 100000 
0.999927 0.00082045 100000 0.0750515 100000 
0.993713 0.13098 100000 0.0465762 296.712 
0.999927 0.000821103 100000 0.0763802 100000 
0.982504 0.284006 100000 0.0763802 106.331 
0.999926 0.00082457 100000 0.0843908 100000 
0.917094 0.568884 100000 0.0701793 20.8075 
0.371072 0.664739 2.53167 100000 2.55678 
0.999925 0.000833151 100000 0.131777 100000 
0.999924 0.0008331 100000 0.145791 100000 
0.999927 0.000817845 100000 0.0701793 100000 
0.999927 0.000821103 100000 0.0763802 100000 
0.999927 0.000810838 100000 0.0594778 100000 
0.999927 0.000819218 100000 0.0726689 100000 
0.999926 0.000821986 100000 0.078256 100000 
0.999926 0.000826853 100000 0.0909166 100000 
0.999925 0.000833151 100000 0.131777 100000 
0.917094 0.568884 100000 0.0701793 20.8075 
0.999926 0.000830467 100000 0.105404 100000 
0.999927 0.000819218 100000 0.0726689 100000 
0.999927 0.00082045 100000 0.0750515 100000 
0.988047 0.217954 100000 0.048459 154.473 
0.999926 0.000830467 100000 0.105404 100000 
0.999927 0.000801413 100000 0.048459 100000 
0.999927 0.000810838 100000 0.0594778 100000 
0.999927 0.000817845 100000 0.0701793 100000 
0.368365 0.666091 2.53167 100000 2.43211 
0.999925 0.000831335 100000 0.110523 100000 
0.999924 0.000833219 100000 0.140249 100000 
0.999927 0.000807285 100000 0.0549737 100000 
0.999924 0.000832707 100000 0.154131 100000 
0.999926 0.000821783 100000 0.077817 100000 
0.999926 0.000821986 100000 0.078256 100000 
0.999927 0.000807285 100000 0.0549737 100000 
0.999928 0.000796882 100000 0.0440393 100000 
0.999927 0.000801413 100000 0.048459 100000 
0.368365 0.666091 2.53167 100000 2.43211 
0.999927 0.000810844 100000 0.059486 100000 
0.985519 0.24964 100000 0.0464583 126.915 
0.999927 0.000814336 100000 0.0644599 100000 
0.999928 0.00079954 100000 0.0465762 100000 
0.99045 0.183705 100000 0.0440393 193.661 
0.999927 0.000819218 100000 0.0726689 100000 
0.999924 0.0008326 100000 0.155794 100000 
0.999927 0.000810844 100000 0.059486 100000 
0.999925 0.000831911 100000 0.114729 100000 
0.999927 0.000804368 100000 0.0516115 100000 
0.999927 0.00080141 100000 0.0484553 100000 
0.999927 0.000812651 100000 0.0619839 100000 
0.999924 0.000832345 100000 0.159329 100000 
0.999926 0.000821903 100000 0.0780763 100000 
0.999927 0.000814534 100000 0.0647623 100000 
0.999927 0.000809241 100000 0.0573924 100000 
0.999924 0.000833219 100000 0.140249 100000 
0.999924 0.000833123 100000 0.145049 100000 
0.999924 0.0008331 100000 0.145791 100000 
0.989688 0.195635 100000 0.0701793 181.656 
0.98699 0.232194 100000 0.0726689 143.569 
0.999927 0.000819218 100000 0.0726689 100000 
0.99283 0.145899 100000 0.0909166 265.824 
0.965472 0.41615 100000 0.0701793 52.6613 
0.999927 0.000808106 100000 0.0559716 100000 
0.929152 0.542859 100000 0.141125 25.6085 
0.999927 0.00080115 100000 0.0481897 100000 
0.999925 0.000833066 100000 0.129245 100000 
0.999927 0.000817845 100000 0.0701793 100000 
0.999926 0.000829715 100000 0.101705 100000 
0.927508 0.549262 100000 0.0701793 24.0697 
0.996693 0.0741707 100000 0.0780763 581.621 
0.999927 0.000821103 100000 0.0763802 100000 
0.999927 0.000804368 100000 0.0516115 100000 
0.999925 0.000831335 100000 0.110523 100000 
0.999927 0.000804368 100000 0.0516115 100000 
0.999925 0.000833151 100000 0.131777 100000 
0.997892 0.0485224 100000 0.0665749 919.541 
0.999927 0.000803784 100000 0.0509692 100000 
0.999924 0.000833219 100000 0.140249 100000 
0.999927 0.000804453 100000 0.0517047 100000 
0.999927 0.000815694 100000 0.0665749 100000 
0.992659 0.149335 100000 0.0763802 257.53 
0.999926 0.000821986 100000 0.078256 100000 
0.999926 0.000829715 100000 0.101705 100000 
0.984938 0.257241 100000 0.0701793 123.488 
0.999928 0.00079954 100000 0.0465762 100000 
0.999926 0.000826853 100000 0.0909166 100000 
0.999927 0.000814534 100000 0.0647623 100000 
0.921478 0.559091 100000 0.0465762 21.7965 
0.999927 0.000807285 100000 0.0549737 100000 
0.999926 0.000826853 100000 0.0909166 100000 
0.999927 0.000812651 100000 0.0619839 100000 
0.999926 0.000829519 100000 0.100821 100000 
0.999927 0.000817845 100000 0.0701793 100000 
0.999927 0.000801553 100000 0.0486025 100000 
0.371072 0.664739 2.53167 100000 2.55678 
0.999925 0.000832805 100000 0.124293 100000 
0.999926 0.000830467 100000 0.105404 100000 
0.999927 0.000819218 100000 0.0726689 100000 
0.999927 0.00082045 100000 0.0750515 100000 
0.999926 0.000830072 100000 0.103394 100000 
0.999927 0.000804368 100000 0.0516115 100000 
0.824708 0.642498 100000 0.112781 9.04698 
0.999927 0.000810838 100000 0.0594778 100000 
0.976149 0.342289 100000 0.048459 76.255 
0.999924 0.000833219 100000 0.140249 100000 
0.999927 0.000817845 100000 0.0701793 100000 
0.999927 0.000817845 100000 0.0701793 100000 
0.999926 0.000827791 100000 0.094037 100000 
0.999927 0.000817845 100000 0.0701793 100000 
0.999925 0.000832348 100000 0.118698 100000 
0.999927 0.000819218 100000 0.0726689 100000 
0.999927 0.000808043 100000 0.0558946 100000 
0.371072 0.664739 2.53167 100000 2.55678 
0.999927 0.000803784 100000 0.0509692 100000 
0.999927 0.000805633 100000 0.0530367 100000 
0.999924 0.000832707 100000 0.154131 100000 
0.996617 0.0756999 100000 0.0800084 568.872 
0.999924 0.000832707 100000 0.154131 100000 
0.999927 0.000804453 100000 0.0517047 100000 
0.999926 0.000826853 100000 0.0909166 100000 
0.997012 0.0675894 100000 0.0701793 642.757 
0.999925 0.000832805 100000 0.124293 100000 
0.999927 0.000810838 100000 0.0594778 100000 
0.982371 0.284639 100000 0.0909166 106.331 
0.999927 0.000819218 100000 0.0726689 100000 
0.999924 0.000833123 100000 0.145049 100000 
0.992724 0.148385 100000 0.059486 257.53 
0.999926 0.000830072 100000 0.103394 100000 
0.371072 0.664739 2.53167 100000 2.55678 
0.999927 0.000804933 100000 0.0522421 100000 
0.999925 0.000833066 100000 0.129245 100000 
0.999927 0.000814676 100000 0.0649787 100000 
0.999925 0.000832348 100000 0.118698 100000 
0.978304 0.32473 100000 0.0713005 85.0795 
0.999926 0.000830072 100000 0.103394 100000 
0.371072 0.664739 2.53167 100000 2.55678 
0.999927 0.000801413 100000 0.048459 100000 
0.999927 0.000807285 100000 0.0549737 100000 
0.999926 0.000823967 100000 0.0828605 100000 
0.999927 0.000807285 100000 0.0549737 100000 
0.999927 0.000817845 100000 0.0701793 100000 
0.999926 0.000830467 100000 0.105404 100000 
0.999925 0.000832805 100000 0.124293 100000 
0.997113 0.0652351 100000 0.0843908 670.974 
0.976372 0.341262 100000 0.0733126 78.0311 
0.999927 0.000801413 100000 0.048459 100000 
0.381713 0.656111 2.70528 100000 3.02546 
0.999927 0.000801074 100000 0.0481115 100000 
0.992724 0.148384 100000 0.0594778 257.53 
0.999927 0.000804368 100000 0.0516115 100000 
0.999927 0.000819218 100000 0.0726689 100000 
0.999925 0.000833151 100000 0.131777 100000 
0.992642 0.149743 100000 0.0701793 256.085 
0.999927 0.00082045 100000 0.0750515 100000 
0.977644 0.329613 100000 0.0472622 81.4406 
0.999928 0.00079954 100000 0.0465762 100000 
0.999927 0.000804453 100000 0.0517047 100000 
0.999925 0.000832805 100000 0.124293 100000 
0.999927 0.000810838 100000 0.0594778 100000 
0.999926 0.000827562 100000 0.0932466 100000 
0.999927 0.000817845 100000 0.0701793 100000 
0.986472 0.238661 100000 0.0750515 138.143 
0.999927 0.000810838 100000 0.0594778 100000 
0.999927 0.000804933 100000 0.0522421 100000 
0.999927 0.000814534 100000 0.0647623 100000 
0.999925 0.000833066 100000 0.129245 100000 
0.999927 0.00082045 100000 0.0750515 100000 
0.999927 0.000801074 100000 0.0481115 100000 
0.994059 0.125052 100000 0.0522421 315.301 
0.742437 0.654371 100000 0.222139 5.85886 
0.999925 0.000833151 100000 0.131777 100000 
0.999928 0.00079954 100000 0.0465762 100000 
0.994785 0.111555 100000 0.0465762 358.963 
0.992642 0.149743 100000 0.0701793 256.085 
0.999927 0.000806858 100000 0.0544642 100000 
0.999927 0.000818475 100000 0.0713005 100000 
0.999927 0.000809241 100000 0.0573924 100000 
0.999927 0.000810838 100000 0.0594778 100000 
0.999924 0.0008331 100000 0.145791 100000 
0.999926 0.000823967 100000 0.0828605 100000 
0.999927 0.000810838 100000 0.0594778 100000 
0.999925 0.000831659 100000 0.112781 100000 
0.999927 0.000804933 100000 0.0522421 100000 
0.999926 0.000821903 100000 0.0780763 100000 
0.999928 0.00079954 100000 0.0465762 100000 
0.999926 0.000829715 100000 0.101705 100000 
0.999926 0.000830467 100000 0.105404 100000 
0.999926 0.000830467 100000 0.105404 100000 
0.992774 0.147113 100000 0.0465762 257.53 
0.999927 0.000814676 100000 0.0649787 100000 
0.999926 0.000830072 100000 0.103394 100000 
0.999927 0.000814534 100000 0.0647623 100000 
0.999927 0.000819218 100000 0.0726689 100000 
0.999927 0.000805633 100000 0.0530367 100000 
0.999926 0.000827418 100000 0.0927583 100000 
0.999927 0.000817845 100000 0.0701793 100000 
0.9827 0.281844 100000 0.0549737 106.331 
0.988054 0.217767 100000 0.0472622 154.473 
0.999927 0.000801413 100000 0.048459 100000 
0.999925 0.000831659 100000 0.112781 100000 
0.999924 0.000832707 100000 0.154131 100000 
0.371072 0.664739 2.53167 100000 2.55678 
0.999927 0.000804453 100000 0.0517047 100000 
0.999927 0.000807285 100000 0.0549737 100000 
0.999927 0.000817845 100000 0.0701793 100000 
0.993314 0.138284 100000 0.0726689 282.663 
0.993805 0.129687 100000 0.0726689 305.475 
0.996616 0.0757141 100000 0.0808978 568.872 
0.999925 0.000832967 100000 0.127064 100000 
0.999927 0.000810838 100000 0.0594778 100000 
0.993805 0.129687 100000 0.0726689 305.475 
0.999927 0.000815535 100000 0.0663213 100000 
0.999926 0.000829532 100000 0.100879 100000 
0.999924 0.0008331 100000 0.145791 100000 
0.999927 0.000814534 100000 0.0647623 100000 
0.999927 0.000801074 100000 0.0481115 100000 
0.812881 0.645918 100000 0.127064 8.41572 
0.999927 0.00082045 100000 0.0750515 100000 
0.999927 0.000818475 100000 0.0713005 100000 
0.381713 0.656111 2.70528 100000 3.02546 
0.999926 0.000826853 100000 0.0909166 100000 
0.967951 0.401418 100000 0.0750515 57.0377 
0.999925 0.000833151 100000 0.131777 100000 
0.993687 0.131863 100000 0.0644599 298.323 
0.995861 0.0908065 100000 0.0440393 453.754 
0.823063 0.643554 100000 0.134613 9.04698 
0.999927 0.000819218 100000 0.0726689 100000 
0.999927 0.000810838 100000 0.0594778 100000 
0.977373 0.332877 100000 0.0701793 81.4406 
0.999926 0.000830467 100000 0.105404 100000 
0.999927 0.000817136 100000 0.068953 100000 
0.999926 0.000823967 100000 0.0828605 100000 
0.743682 0.652968 100000 0.16383 5.72727 
0.999927 0.000810838 100000 0.0594778 100000 
0.999927 0.000801413 100000 0.048459 100000 
0.999925 0.000833151 100000 0.131777 100000 
0.999927 0.00082045 100000 0.0750515 100000 
0.999927 0.000819218 100000 0.0726689 100000 
0.999927 0.000815694 100000 0.0665749 100000 
0.999926 0.000830072 100000 0.103394 100000 
0.994762 0.112262 100000 0.0549737 358.963 
0.999927 0.000819218 100000 0.0726689 100000 
0.988047 0.217954 100000 0.048459 154.473 
0.999927 0.000817845 100000 0.0701793 100000 
0.999924 0.000833219 100000 0.140249 100000 
0.994059 0.125052 100000 0.0522421 315.301 
0.999927 0.000804933 100000 0.0522421 100000 
0.999925 0.000832805 100000 0.124293 100000 
0.999925 0.000832805 100000 0.124293 100000 
0.98592 0.245551 100000 0.0701793 132.286 
0.743682 0.652968 100000 0.16383 5.72727 
0.999926 0.000829715 100000 0.101705 100000 
0.999926 0.000821986 100000 0.078256 100000 
0.999927 0.000801074 100000 0.0481115 100000 
0.999925 0.000832967 100000 0.127064 100000 
0.999927 0.000815694 100000 0.0665749 100000 
0.999927 0.000808446 100000 0.0563929 100000 
0.999926 0.00082457 100000 0.0843908 100000 
0.999925 0.000832711 100000 0.122936 100000 
0.999927 0.000808446 100000 0.0563929 100000 
0.994071 0.124698 100000 0.048459 315.301 
0.995484 0.0985624 100000 0.0701793 421.035 
0.999927 0.000819218 100000 0.0726689 100000 
0.999927 0.00080982 100000 0.0581363 100000 
0.997653 0.0536727 100000 0.0481115 814.406 
0.999927 0.000801413 100000 0.048459 100000 
0.999925 0.000833151 100000 0.131777 100000 
0.999927 0.000819218 100000 0.0726689 100000 
0.999927 0.000801074 100000 0.0481115 100000 
0.999926 0.000821783 100000 0.077817 100000 
0.999926 0.000821986 100000 0.078256 100000 
0.999926 0.000823967 100000 0.0828605 100000 
0.826109 0.64117 100000 0.094037 9.04594 
0.999926 0.000821903 100000 0.0780763 100000 
0.999924 0.000832592 100000 0.155918 100000 
0.999927 0.000804933 100000 0.0522421 100000 
0.999927 0.000804933 100000 0.0522421 100000 
0.999927 0.000807285 100000 0.0549737 100000 
0.999927 0.000817136 100000 0.068953 100000 
0.999924 0.000832707 100000 0.154131 100000 
0.999926 0.000830467 100000 0.105404 100000 
0.999927 0.000819218 100000 0.0726689 100000 
0.778096 0.651778 100000 0.155794 6.89362 
0.999927 0.00082045 100000 0.0750515 100000 
0.973216 0.365146 100000 0.0909166 69.2341 
0.804564 0.648292 100000 0.16383 8.12706 
0.999926 0.000822771 100000 0.0800084 100000 
0.999927 0.000819218 100000 0.0726689 100000 
0.999926 0.000830467 100000 0.105404 100000 
0.999927 0.000821103 100000 0.0763802 100000 
0.999926 0.000821903 100000 0.0780763 100000 
0.995954 0.089347 100000 0.0665749 470.131 
0.999925 0.000832967 100000 0.127064 100000 
0.999926 0.000821986 100000 0.078256 100000 
0.999927 0.000814534 100000 0.0647623 100000 
0.999924 0.000833219 100000 0.140249 100000 
0.982538 0.28375 100000 0.0726689 106.331 
0.999927 0.000802758 100000 0.0498648 100000 
0.999926 0.000821986 100000 0.078256 100000 
0.999927 0.000804453 100000 0.0517047 100000 
0.999927 0.000817845 100000 0.0701793 100000 
0.999927 0.000817067 100000 0.0688374 100000 
0.977373 0.332877 100000 0.0701793 81.4406 
0.999925 0.000832246 100000 0.117688 100000 
0.999927 0.000804933 100000 0.0522421 100000 
0.999927 0.000810838 100000 0.0594778 100000 
0.999924 0.000832345 100000 0.159329 100000 
0.981856 0.290143 100000 0.0481115 100.904 
