0.18648 0.244942 0.103196 0.158926 1000 
0.166 0.262226 0.103196 0.158926 1000 
0.06616 0.0887702 0.1 0.158926 1000 
0 0 777.121 15.4667 0.1 
0 0 1000 2.93515 548.464 
0.06204 0.0610526 0.103196 9.18921 1000 
0 0 7.36711 9.35516 0.1 
0 0 1000 0.784476 1000 
0 0 1000 9.18921 1000 
0.04228 0.100242 0.1 0.158926 1000 
0 0 0.103196 110.333 0.1 
0.04836 0.0462573 0.103196 1000 1000 
0.0024 0.0149254 7.36711 0.1 1000 
0 0 1000 0.158926 1000 
0.01804 0.0526316 1000 7.23582 118.272 
0 0 1000 0.1 1000 
0 0 1000 4.89637 0.1 
0 0 1000 1000 0.1 
0.06356 0.122669 0.160342 0.158926 1000 
0.08808 0.091934 0.1 0.616036 1000 
0 0 9.74797 1000 4.7593 
0 0 22.0526 120.403 0.1 
0 0 1000 0.158926 0.1 
0 0 1.01744 256.1 0.1 
0.05856 0.058232 0.103196 9.36678 1000 
0 0 1000 1000 0.1 
0.0836 0.149579 0.103196 0.158926 3.89481 
0.0024 0.0188679 7.36711 0.1 1000 
0 0 1000 4.89637 1000 
0 0 99.5797 0.158926 0.160356 
0 0 1000 0.616036 1000 
0.00752 0.00851064 1.29836 0.719735 5.42089 
0 0 1000 0.158926 1000 
0 0 7.36711 0.470463 1000 
0 0 1000 0.158926 1000 
0.07484 0.114326 0.1 0.158926 1000 
0 0 1000 2.93515 14.434 
0 0 3.3308 1000 0.1 
0.03288 0.0587338 0.1 0.531722 4.18295 
0 0 518.002 1000 1000 
0 0 0.330808 1000 0.1 
0 0 0.622448 4.34484 0.1 
0.02776 0.030456 0.1 4.89637 4.18295 
0 0 9.74797 0.1 0.1 
0 0 3.3308 0.158926 1000 
0 0 0.1 9.35516 0.1 
0.00112 0.0181818 9.74797 0.531722 4.7593 
0 0 7.36711 0.158926 0.1 
0 0 777.121 0.158926 17.6269 
0 0 1000 0.158926 0.1 
0 0 9.74797 1000 1000 
0 0 13.2369 0.158926 1000 
0.01344 0.016129 3.3308 2.7051 5.42089 
0.07008 0.145813 0.103196 0.1 1000 
0 0 1000 0.158926 1000 
0.04516 0.0578371 0.186624 29.2727 490.631 
0 0 1000 1.02442 0.461605 
0 0 7.36711 1000 1000 
0 0 1000 0.158926 0.160356 
0 0 1000 0.147709 1000 
0 0 1000 0.616036 0.1 
0 0 1000 0.158926 0.1 
0.01532 0.0194307 7.36711 0.158926 1000 
0.06848 0.0779816 0.1 0.531722 1000 
0 0 1000 2.93515 1000 
0.12184 0.15396 0.1 0.18875 1000 
0.10052 0.130055 0.1 0.18875 1000 
0 0 7.36711 0.531722 4.18295 
0 0 40.1183 0.531722 4.18295 
0 0 185.634 7.31674 0.1 
0.07112 0.0988922 0.186624 0.158926 1000 
0 0 1000 0.158926 1000 
0 0 1000 1000 0.1 
0 0 1000 0.315759 1000 
0 0 1000 6.96811 6.85377 
0 0 1000 0.531722 1000 
0.00084 0.0150376 1000 0.1 0.160356 
0 0 1000 1000 1000 
0.07848 0.120937 0.103196 0.158926 1000 
4e-05 0.016129 0.1 0.470463 0.1 
0 0 467.872 0.470463 1000 
0 0 1000 4.89637 0.152135 
0 0 1000 0.158926 1000 
0.02776 0.0298389 0.319456 0.158926 1000 
0 0 1000 0.158926 0.1 
0 0 9.74797 0.1 0.1 
0 0 7.36711 9.35516 1000 
0.00272 0.00536193 1.27035 0.147709 1000 
0 0 1000 1000 1000 
0.06936 0.12256 0.103196 0.158926 1000 
0 0 9.74797 2.93515 925.403 
0.07068 0.102264 0.103196 0.158926 1000 
0.1338 0.175281 0.1 0.18875 1000 
0.02808 0.0295884 0.103196 9.18921 1000 
0 0 9.74797 0.159065 1000 
0 0 1000 1000 0.1 
0 0 7.36711 0.1 1000 
0 0 1000 62.5518 1000 
0 0 1000 6.96811 1000 
0 0 4.08492 12.9121 0.139708 
0.01596 0.0322581 130.06 4.89637 1000 
0.09648 0.136713 0.103196 0.146622 1000 
0 0 1000 0.158926 1000 
0 0 9.74797 1000 0.1 
0.0716 0.0730713 0.103196 9.18921 1000 
0.13732 0.15416 0.103196 0.158926 1000 
0.00044 0.0101541 0.1 0.158926 0.1 
0 0 1000 2.93515 136.09 
0.00108 0.0223951 0.1 0.158926 0.1 
0.0232 0.0258018 0.1 7.31674 1000 
0 0 1000 4.89637 5.42089 
0.01496 0.0240848 0.103196 659.696 29.8964 
0 0 7.36711 694.172 0.1 
0.10388 0.141172 0.103196 0.158926 1000 
0 0 1000 1000 1.67869 
0.0698 0.0674211 0.1 4.89637 1000 
0 0 9.74797 0.158926 0.1 
0 0 1000 1000 5.42089 
0 0 7.36711 0.1 0.1 
0.00228 0.0376599 0.103196 0.1 0.1 
0.01204 0.0131579 1000 0.158926 1000 
0 0 1000 0.158926 1000 
0 0 1000 0.531722 6.85377 
0 0 712.038 2.93515 0.1 
0.13876 0.180768 0.103196 0.158926 1000 
0 0 1000 120.403 5.42089 
0 0 7.36711 1.26622 1000 
0.03912 0.0843282 0.186624 0.158926 7.66191 
0 0 1000 0.34483 0.1 
0.00236 0.0258157 0.133974 0.158926 0.1 
0.03664 0.0383029 0.103196 7.31674 1000 
0 0 1000 1000 0.1 
0 0 1000 120.403 1000 
0 0 7.36711 0.324696 1000 
0 0 7.36711 17.2719 1000 
0 0 1000 0.949878 1000 
0.00192 0.0368609 0.103196 0.1 0.1 
0.05356 0.0511854 0.103196 7.31674 1000 
0 0 9.74797 1000 1000 
0 0 1000 0.146622 1000 
0.08128 0.136176 0.103196 0.158926 1000 
0 0 13.2369 1000 1000 
0 0 1000 0.158926 1000 
0 0 1.27035 0.158926 1000 
0 0 1000 0.146622 1000 
0 0 1000 7.31674 1000 
0.07648 0.0856498 0.1 1000 1000 
0 0 1000 0.146622 64.0012 
0 0 3.3308 1000 47.3896 
0.07412 0.0758403 0.103196 9.18921 1000 
0.00124 0.0348185 0.1 0.1 0.1 
0 0 1000 1000 1000 
0 0 0.1 1000 0.1 
0 0 1000 120.403 5.42089 
0 0 1000 0.146622 0.1 
0.02588 0.079106 0.1 0.158926 0.336546 
0 0 1000 0.1 0.160356 
0 0 9.71525 6.96811 6.85377 
0 0 1000 0.158926 5.42089 
0.02952 0.04218 9.74797 0.531722 2.70654 
0 0 1.71125 4.89637 1000 
0.04516 0.0505637 0.1 0.616036 1000 
0.00392 0.0416767 0.103196 0.158926 0.1 
0 0 1000 0.470463 1000 
0.00328 0.03125 1000 0.147709 1000 
0 0 116.113 154.667 761.182 
0 0 1000 120.403 0.1 
0 0 1000 1000 4.7593 
0 0 3.3308 1000 0.1 
0 0 3.3308 1000 1000 
0 0 0.895707 0.34483 0.443678 
0 0 1000 0.147709 0.1 
0 0 1000 0.158926 1000 
0.00848 0.0102784 9.74797 9.18921 1000 
0.00844 0.0108089 13.2369 0.158926 1000 
0 0 3.3308 1000 0.143367 
0 0 1000 0.158926 1000 
0.0164 0.0205887 0.186624 18.0668 1000 
0 0 1000 1000 0.1 
0 0 7.36711 0.158926 9.3629 
0.0168 0.0188017 0.402705 0.158926 1000 
0.02484 0.0214241 0.103196 4.89637 1000 
0.00056 0.00862069 7.36711 0.1 1000 
0 0 130.06 0.1 1000 
0.06512 0.115216 0.103196 0.158926 1000 
0 0 1000 298.301 0.1 
0 0 7.36711 0.158926 1000 
0 0 1000 1000 0.1 
0 0 9.74797 1000 4.7593 
0.10288 0.107092 0.1 6.96811 1000 
0 0 1000 0.158926 0.1 
0.0848 0.101438 0.1 0.616036 1000 
0 0 1000 0.1 1000 
0.0596 0.0630055 0.103196 1000 1000 
0 0 231.807 1000 1000 
0.0564 0.132346 0.1 0.1 1000 
0 0 1000 4.89637 1000 
0 0 1000 4.89637 1000 
0.0018 0.0290121 0.1 0.158926 0.1 
0 0 77.7121 0.616036 1000 
