0.99508 0.603369 1500 0.258458 0.0529407 
0.995168 0.597081 1500 0.183264 0.0529407 
0.995163 0.597133 1500 0.183264 0.0529407 
0.995156 0.597183 1500 0.183264 0.0529407 
0.995165 0.597129 1500 0.183264 0.0529407 
0.995163 0.597171 1500 0.183264 0.0529407 
0.995162 0.59713 1500 0.183264 0.0529407 
0.995079 0.603312 1500 0.258458 0.0529407 
0.995056 0.603727 1500 0.273976 0.0529407 
0.995057 0.603816 1500 0.273976 0.0529407 
0.995081 0.603269 1500 0.258458 0.0529407 
0.995081 0.603264 1500 0.258458 0.0529407 
0.995165 0.597091 1500 0.183264 0.0529407 
0.995078 0.603392 1500 0.258458 0.0529407 
0.995157 0.597188 1500 0.183264 0.0529407 
0.995084 0.603196 1500 0.258458 0.0529407 
0.995057 0.603735 1500 0.273976 0.0529407 
0.995079 0.60333 1500 0.258458 0.0529407 
0.995163 0.597146 1500 0.183264 0.0529407 
0.995038 0.603943 1500 0.281809 0.0529407 
