0.992991 0.637519 1500 1500 1500 0.0443857 1500 1.23135 2.29517 0.0466174 0.0521753 0.767533 7.73713 1500 0.401003 1500 1.11234 
0.990657 0.693518 2.76911 1500 1500 0.0443857 0.112536 0.171413 0.128157 0.0466174 0.0521753 1500 7.73713 1500 0.0896907 1500 2.20454 
0.994103 0.569053 1500 1500 1500 0.0443857 1500 2.58014 0.561406 0.0466174 0.0521753 0.0618666 7.73713 1500 0.0896907 1500 1500 
0.992991 0.63753 1500 1500 1500 0.0443857 1500 1.23135 2.29517 0.0466174 0.0521753 0.767533 7.73713 1500 0.401003 1500 1.11234 
0.994103 0.569068 2.76911 1500 1500 0.0443857 1500 2.58014 0.561406 0.0466174 0.0521753 0.0618666 7.73713 1500 0.0896907 1500 1500 
0.992569 0.649477 1500 1500 1500 0.0443857 1500 1.23135 2.29517 0.0466174 0.0521753 0.767533 1500 1500 0.0896907 1500 1500 
0.993944 0.587171 1500 1500 1500 0.0443857 1500 2.58014 0.561406 0.0466174 0.0521753 0.185846 7.73713 1500 0.0896907 1500 1500 
0.990738 0.691993 1500 1500 1500 0.0443857 0.0546712 0.0444317 0.128157 0.0466174 0.0521753 1500 7.73713 1500 0.082528 1500 1500 
0.992371 0.659284 2.76911 1500 1500 0.0443857 1500 1.23135 2.29517 0.0466174 0.0521753 0.767533 1500 1500 0.401003 1500 2.20454 
0.990546 0.705888 1500 1500 1500 0.0443857 0.0546712 2.58014 0.688307 0.0466174 0.0521753 1500 7.73713 1500 0.0896907 1500 3.16195 
0.990339 0.713043 1500 1500 1500 0.0443857 0.0476375 12.3019 0.561406 0.0466174 0.133816 1500 7.73713 1500 0.401003 1500 0.0491618 
0.990737 0.692012 0.105607 1500 1500 0.0443857 0.0546712 0.0444317 0.128157 0.0466174 0.0521753 1500 7.73713 1500 0.082528 1500 2.20454 
0.993384 0.60327 1500 1500 1500 0.0443857 1500 1500 2.29517 0.0466174 0.0521753 0.0618666 1500 1500 0.401003 1500 2.20454 
0.992369 0.659307 1500 1500 1500 0.0443857 1500 1.23135 2.29517 0.0466174 0.0521753 0.767533 1500 1500 0.401003 1500 1500 
0.994104 0.573371 2.76911 1500 1500 0.0443857 1500 2.58014 1.14558 0.0466174 0.0521753 0.0618666 7.73713 1500 0.0896907 1500 2.20454 
0.989773 0.724428 0.222354 1500 1500 0.0443857 0.112536 1.23135 2.29517 0.0466174 0.0521753 1500 7.73713 1500 0.401003 1500 2.20454 
0.993379 0.605348 1500 1500 1500 0.0443857 1500 1.23135 2.29517 0.0466174 0.0881812 0.0618666 1500 1500 0.401003 1500 1.11234 
0.993199 0.636076 1500 1500 1500 0.0443857 1500 0.0444317 2.29517 0.0466174 0.0521753 0.767533 7.73713 1500 0.082528 1500 1500 
0.990593 0.703498 1500 1500 1500 0.0443857 0.0476375 1500 0.561406 0.0466174 0.0521753 1500 7.73713 1500 0.0896907 1500 1500 
0.994104 0.56905 2.76911 1500 1500 0.0443857 1500 2.58014 0.561406 0.0466174 0.0521753 0.0618666 7.73713 1500 0.0896907 1500 1500 
0.994108 0.568568 2.76911 1500 1500 0.0443857 1500 2.58014 0.561406 0.0466174 0.0521753 0.0618666 7.73713 1500 0.082528 1500 1500 
0.990067 0.722106 1500 1500 1500 0.0443857 0.112536 1500 1.14558 0.0466174 0.133816 1500 7.73713 1500 0.401003 1500 2.20454 
0.990584 0.703792 1500 1500 1500 0.0443857 0.0546712 1500 0.561406 0.0466174 0.0521753 1500 7.73713 1500 0.0896907 1500 1500 
0.993944 0.595247 1500 1500 1500 0.0443857 1500 2.58014 2.29517 0.0466174 0.0521753 0.185846 7.73713 1500 0.0896907 1500 1500 
0.990738 0.692002 1500 1500 1500 0.0443857 0.0546712 1500 0.128157 0.0466174 0.0521753 1500 7.73713 1500 0.082528 1500 1500 
0.993944 0.592205 1500 1500 1500 0.0443857 1500 2.58014 1.14558 0.0466174 0.0521753 0.185846 7.73713 1500 0.0896907 1500 2.20454 
0.993384 0.603524 1500 1500 1500 0.0443857 1500 0.0444317 2.57635 0.0466174 0.0521753 0.0618666 1500 1500 0.401003 1500 2.20454 
0.993195 0.636169 2.76911 1500 1500 0.0443857 1500 1.23135 2.29517 0.0466174 0.0521753 0.767533 7.73713 1500 0.0896907 1500 1500 
0.993384 0.603379 1500 1500 1500 0.0443857 1500 1.23135 2.29517 0.0466174 0.0521753 0.0618666 1500 1500 0.401003 1500 1.11234 
0.992571 0.649424 0.113338 1500 1500 0.0443857 1500 1.23135 2.29517 0.0466174 0.0521753 0.767533 1500 1500 0.0896907 1500 1500 
0.993199 0.636092 1500 1500 1500 0.0443857 1500 2.58014 2.29517 0.0466174 0.0521753 0.767533 7.73713 1500 0.082528 1500 1500 
0.992991 0.63759 1500 1500 1500 0.0443857 1500 1.23135 2.29517 0.0466174 0.0521753 0.767533 7.73713 1500 0.401003 1500 1500 
0.993743 0.601181 1500 1500 1500 0.0443857 1500 1500 1.14558 0.0466174 0.0521753 0.185846 7.73713 1500 0.401003 1500 1500 
0.992991 0.637624 1500 1500 1500 0.0443857 1500 1500 2.29517 0.0466174 0.0521753 0.767533 7.73713 1500 0.401003 1500 1.11234 
0.994104 0.573478 2.76911 1500 1500 0.0443857 1500 2.58014 1.14558 0.0466174 0.0521753 0.0618666 6.75012 1500 0.0896907 1500 2.20454 
0.990678 0.693288 1500 1500 1500 0.0443857 0.0965485 0.171413 0.128157 0.0466174 0.0521753 1500 7.73713 1500 0.0896907 1500 2.20454 
0.992372 0.659251 2.76911 1500 1500 0.0443857 1500 1.23135 2.29517 0.0466174 0.0521753 0.767533 1500 1500 0.401003 1500 1.11234 
0.993944 0.587177 1500 1500 1500 0.0443857 1500 1500 0.561406 0.0466174 0.0521753 0.185846 7.73713 1500 0.0896907 1500 2.20454 
0.992965 0.640394 1500 1500 1500 0.0443857 1500 12.3019 2.29517 0.0466174 0.133816 0.767533 7.73713 1500 0.401003 1500 1.11234 
0.990314 0.715636 1500 1500 1500 0.0443857 0.0546712 1500 0.77064 0.0466174 0.0521753 1500 7.73713 1500 0.401003 1500 2.20454 
0.990616 0.702092 3.69834 1500 1500 0.0443857 0.0476375 1500 0.561406 0.0466174 0.0521753 1500 7.73713 1500 0.0544296 1500 1500 
0.992992 0.637075 1500 1500 1500 0.0443857 1500 1.23135 1.96593 0.0466174 0.0521753 0.767533 7.73713 1500 0.401003 1500 1.11234 
0.994104 0.573353 2.76911 1500 1500 0.0443857 1500 2.58014 1.14558 0.0466174 0.0521753 0.0618666 7.73713 1500 0.0896907 1500 1500 
0.989771 0.724486 0.222354 1500 1500 0.0443857 0.112536 1.23135 2.29517 0.0466174 0.0521753 1500 7.73713 1500 0.401003 1500 2.20454 
0.990589 0.703528 1500 1500 1500 0.0443857 0.0546712 1500 0.561406 0.0466174 0.0521753 1500 7.73713 1500 0.082528 1500 2.20454 
0.992211 0.671632 1500 1500 1500 0.0443857 1500 1.23135 2.29517 0.0466174 2.64594 0.767533 1500 1500 0.0896907 1500 1500 
0.990736 0.69202 1500 1500 1500 0.0443857 0.0546712 1500 0.128157 0.0466174 0.0521753 1500 7.73713 1500 0.082528 1500 2.20454 
0.990733 0.692273 1500 1500 1500 0.0443857 0.0546712 1500 0.128157 0.0466174 0.0521753 1500 7.73713 1500 0.0896907 1500 1500 
0.9932 0.621218 2.76911 1500 1500 0.0443857 1500 1.23135 2.29517 0.0466174 0.0521753 0.190394 1500 1500 0.401003 1500 3.7782 
0.993195 0.636187 8.08136 1500 1500 0.0443857 1500 1.23135 2.29517 0.0466174 0.0521753 0.767533 7.73713 1500 0.0896907 1500 4.30017 
