0.394012 0.059472 294.636 0.123516 6.74396 
0.314837 0.391062 21.2034 0.0552582 1.29177 
0.398205 0.0277945 635.698 0.0514772 0.062084 
0.392223 0.0764797 217.925 0.053919 9.27528 
0.394245 0.0546751 285.038 0.048603 166.928 
0.396858 0.0335779 540.388 0.187888 0.0933611 
0.388476 0.101778 159.123 0.0905489 1.82335 
0.382552 0.140659 107.596 0.0838816 0.338599 
0.392197 0.0768402 218.399 0.0688593 7.52538 
0.398138 0.0285304 620.52 0.0587993 0.177795 
0.374374 0.189185 73.5297 0.0726419 3.24979 
0.388739 0.100175 159.47 0.0470194 4.01505 
0.396571 0.0419083 417.232 0.0602777 36.9199 
0.39299 0.0667519 255.957 0.117586 0.0683698 
0.39625 0.0448821 390.151 0.0590709 5.22471 
0.394729 0.052973 309.503 0.0448802 91.8846 
0.396699 0.0403575 436.503 0.0824057 1.03805 
0.39257 0.0672584 228.809 0.0608469 133.631 
0.38207 0.143861 104.884 0.0838309 1.24451 
0.390048 0.0882375 189.052 0.116406 2.71008 
0.395229 0.0487311 361.289 0.136939 0.0444897 
0.3896 0.0946481 169.696 0.0501589 0.0808371 
0.397385 0.0316112 572.716 0.152731 0.420445 
0.396799 0.0363773 485.106 0.134247 86.1663 
0.385316 0.117949 133.596 0.11797 15.2534 
0.398259 0.0277508 646.175 0.061592 41.7192 
0.3307 0.356351 26.5199 0.0628573 0.0498871 
0.400006 0.0122021 1500 0.0570995 4.59626 
0.399734 0.0127269 1500 0.188345 12.4487 
0.399935 0.0125146 1500 0.107938 34.1757 
0.399794 0.0126883 1500 0.167293 12.4487 
0.400006 0.0120647 1500 0.0587993 0.177795 
0.400006 0.0121417 1500 0.0596315 1.98858 
0.399563 0.0127577 1500 0.242503 8.91625 
0.399935 0.0125143 1500 0.107938 34.1757 
0.288473 0.436586 15.6487 0.0531757 0.3548 
0.238524 0.483486 9.95105 0.0614209 0.0474558 
0.400006 0.012055 1500 0.0562279 0.056997 
0.359379 0.25579 46.2806 0.0602777 8.91625 
0.399935 0.0125144 1500 0.107938 34.1757 
0.39996 0.0124486 1500 0.0947501 46.2512 
0.400006 0.0121419 1500 0.0596315 1.98858 
0.400006 0.0121772 1500 0.0552582 3.95578 
0.400006 0.0121163 1500 0.0602777 1.34133 
0.399935 0.0125145 1500 0.107938 34.1757 
0.399833 0.0126621 1500 0.152731 18.4267 
0.400006 0.0120516 1500 0.0556357 0.0676763 
0.330721 0.356347 26.5199 0.0628573 0.0498871 
0.209065 0.492683 8.04326 0.0814865 0.0479881 
0.400006 0.0122252 1500 0.0590709 5.22471 
0.341127 0.322618 31.7186 0.0494756 1.36218 
0.400006 0.0122579 1500 0.0570995 9.43954 
0.400006 0.0120647 1500 0.0587993 0.177795 
0.400006 0.0120671 1500 0.0555015 0.840317 
0.399793 0.0126883 1500 0.167293 12.4487 
0.400005 0.0122769 1500 0.0608469 8.98086 
0.400006 0.0121617 1500 0.0556357 3.24979 
0.354035 0.268634 44.3869 0.123516 1.13467 
0.400006 0.0122865 1500 0.0587993 13.5131 
0.399794 0.0126878 1500 0.167293 12.4487 
0.400006 0.0120866 1500 0.0552582 1.29177 
0.399902 0.0125772 1500 0.123516 18.4267 
0.361035 0.243 51.8679 0.116406 2.71008 
0.400006 0.01205 1500 0.0552582 0.062084 
0.284014 0.443931 15.0385 0.0721997 0.138883 
0.335304 0.341458 28.5272 0.0570995 2.07295 
0.400006 0.0123 1500 0.0590709 26.0325 
0.277707 0.446436 14.6193 0.10119 0.417163 
0.349294 0.294085 38.2064 0.0946053 0.066054 
0.248854 0.477462 10.8797 0.0696866 0.154755 
0.399982 0.0123906 1500 0.0824057 9.47029 
0.253341 0.47413 11.2413 0.0587225 0.115062 
0.399833 0.0126619 1500 0.152731 18.4267 
0.399995 0.0123681 1500 0.0721997 19.3116 
0.400006 0.012252 1500 0.0570995 8.60021 
0.400006 0.0120503 1500 0.0556357 0.3548 
0.399914 0.0125549 1500 0.11797 15.2534 
0.400006 0.0122069 1500 0.0555015 5.43466 
0.400006 0.0122252 1500 0.0590709 5.22471 
0.358343 0.264451 44.9369 0.0556357 0.3548 
0.400006 0.0120487 1500 0.0555015 0.162062 
0.400005 0.0123086 1500 0.0614209 34.1617 
0.400006 0.0122021 1500 0.0570995 4.59626 
0.400006 0.012232 1500 0.0590709 5.66517 
0.400006 0.0122252 1500 0.0590709 5.22471 
0.400006 0.0120503 1500 0.0556357 0.3548 
0.399969 0.0124416 1500 0.0896188 34.8573 
0.400006 0.0122103 1500 0.0555015 5.66517 
0.400006 0.0120648 1500 0.0587993 0.177795 
0.399997 0.012338 1500 0.0696866 46.2512 
0.400006 0.0120687 1500 0.0590709 0.0542763 
0.374365 0.189186 73.5297 0.0726419 3.24979 
0.400006 0.0120746 1500 0.0602777 0.0474558 
0.399902 0.012577 1500 0.123516 18.4267 
0.400005 0.0123054 1500 0.0608469 34.1757 
0.400006 0.0121417 1500 0.0596315 1.98858 
0.400006 0.0120648 1500 0.0587993 0.177795 
0.372349 0.200461 67.7002 0.0628573 2.27509 
0.364068 0.240177 52.1376 0.0555015 0.0445011 
0.400006 0.0122484 1500 0.0577762 7.6944 
0.399564 0.012767 1500 0.242503 11.6193 
0.400006 0.0120584 1500 0.0570995 0.0838413 
0.400006 0.0120676 1500 0.0587993 0.0501084 
0.400006 0.0120684 1500 0.0590709 0.0638232 
0.399794 0.0126877 1500 0.167293 12.4487 
0.399981 0.0124125 1500 0.0823615 32.4111 
0.400006 0.0120492 1500 0.0555015 0.138883 
0.302575 0.414779 18.2707 0.0628573 1.198 
0.400006 0.0120497 1500 0.0552582 0.0704631 
0.400006 0.0122252 1500 0.0590709 5.22471 
0.400006 0.0120866 1500 0.0552582 1.29177 
0.400006 0.0122351 1500 0.0556357 7.6944 
0.400006 0.0120767 1500 0.0587993 0.667962 
0.400006 0.0122305 1500 0.0587993 5.66984 
0.400005 0.0122245 1500 0.0555015 6.74396 
0.400006 0.0120476 1500 0.0552582 0.154755 
0.399915 0.012555 1500 0.11797 15.2534 
0.399833 0.0126624 1500 0.152731 18.4267 
0.399969 0.0124416 1500 0.0896188 34.8573 
0.379557 0.160438 90.439 0.0553015 0.943287 
0.399995 0.0123605 1500 0.0721997 37.4961 
0.400006 0.0122949 1500 0.0590709 34.8573 
0.400006 0.0121551 1500 0.0562279 2.90322 
0.332367 0.351544 27.1711 0.0570995 0.118996 
0.400005 0.0122462 1500 0.0602777 6.16489 
0.400005 0.0123064 1500 0.0608469 32.9101 
0.400006 0.0120504 1500 0.0552582 0.0511019 
0.399793 0.0126765 1500 0.167766 9.27528 
0.400006 0.0122866 1500 0.0587993 13.5131 
0.400006 0.0122662 1500 0.0590709 8.91625 
0.295109 0.428225 16.9181 0.0734312 0.106416 
0.400006 0.0121772 1500 0.0552582 3.95578 
0.399563 0.0127721 1500 0.242503 16.9915 
0.399902 0.0125772 1500 0.123516 18.4267 
0.399737 0.0127112 1500 0.187888 8.7486 
0.191513 0.492757 7.02974 0.0696866 0.154755 
0.399736 0.0127111 1500 0.188345 8.60021 
0.400006 0.0122021 1500 0.0570995 4.59626 
0.400006 0.0120567 1500 0.0570995 0.160465 
0.400006 0.0120518 1500 0.0555015 0.0479881 
0.332367 0.351828 27.1711 0.0587993 0.0501084 
0.400006 0.0122646 1500 0.0587993 8.91625 
0.400006 0.0120519 1500 0.0555015 0.0444897 
0.399961 0.0124462 1500 0.0946053 9.7321 
0.400006 0.0122251 1500 0.0590709 5.22471 
0.399981 0.0124125 1500 0.0823615 32.4111 
0.400006 0.0120651 1500 0.0556357 0.780043 
0.400006 0.0120691 1500 0.0590709 0.0459439 
0.400006 0.012258 1500 0.0570995 9.43954 
0.400006 0.0120662 1500 0.0587993 0.3548 
0.399944 0.0125037 1500 0.103328 17.5959 
0.400003 0.0123124 1500 0.0645761 11.6193 
0.37464 0.185208 74.5679 0.0470194 0.160465 
0.399903 0.0125575 1500 0.123516 9.95907 
0.328088 0.362443 25.4543 0.0555015 0.162062 
0.295941 0.427291 16.9181 0.0596315 0.177795 
0.400004 0.0123053 1500 0.0608469 34.1757 
0.400006 0.0120488 1500 0.0555015 0.162062 
0.399997 0.0123559 1500 0.0705982 34.1757 
0.371331 0.202399 67.3609 0.0896188 1.61549 
0.26114 0.467427 12.035 0.0555015 0.162062 
0.212343 0.490646 8.14853 0.0542364 0.0798964 
0.374357 0.189253 73.5297 0.0734312 2.71008 
0.400006 0.0120504 1500 0.0556357 0.3548 
0.373442 0.194695 70.328 0.0614209 0.496274 
0.329465 0.357072 26.2834 0.0734312 1.55196 
0.399793 0.0126879 1500 0.167293 12.4487 
0.400006 0.0120504 1500 0.0556357 0.3548 
0.399902 0.0125771 1500 0.123516 18.4267 
0.400006 0.0121489 1500 0.0562279 2.71008 
0.364065 0.240208 52.1376 0.0587993 0.969859 
0.341822 0.322168 31.9233 0.053919 1.61549 
0.400006 0.0120487 1500 0.0555015 0.172828 
0.400005 0.0122252 1500 0.0590709 5.22471 
0.366023 0.230687 55.6146 0.0705982 2.09643 
0.400006 0.0120488 1500 0.0555015 0.162062 
0.400006 0.0120974 1500 0.0587993 1.11142 
0.400006 0.0120503 1500 0.0552582 0.0551828 
0.399998 0.012338 1500 0.0696866 46.2512 
0.400006 0.012055 1500 0.0562279 0.056997 
0.400006 0.0122328 1500 0.0552582 7.6944 
0.400006 0.0120648 1500 0.0587225 0.298284 
0.375358 0.179281 78.7874 0.0947501 8.98086 
0.400006 0.0122687 1500 0.0590709 9.27528 
0.400006 0.012258 1500 0.0570995 9.43954 
0.399718 0.0127415 1500 0.194208 19.5254 
0.400007 0.0120597 1500 0.0570995 0.0444897 
0.399833 0.0126618 1500 0.152731 18.4267 
0.377117 0.170557 84.0461 0.0903076 9.59109 
0.400006 0.0120648 1500 0.0587993 0.177795 
0.400006 0.0122236 1500 0.0587993 5.22471 
0.400006 0.0120504 1500 0.0556357 0.3548 
0.400006 0.012066 1500 0.0590709 0.177795 
0.400006 0.012055 1500 0.0562279 0.056997 
0.400004 0.0123021 1500 0.061592 41.7192 
0.376032 0.179222 78.7874 0.0758822 6.82573 
0.399948 0.0124734 1500 0.10119 46.2512 
0.400006 0.0120512 1500 0.0555015 0.0638232 
0.370903 0.207418 64.6946 0.0696866 0.154755 
0.400006 0.0122332 1500 0.0556357 7.48864 
0.400006 0.0122251 1500 0.0590709 5.22471 
0.400006 0.0120867 1500 0.0552582 1.29177 
0.400006 0.0120651 1500 0.0556357 0.780043 
0.399935 0.0125145 1500 0.107938 34.1757 
0.400006 0.0120647 1500 0.0587993 0.177795 
0.400006 0.0120686 1500 0.0596315 0.182289 
0.400006 0.0120525 1500 0.0556357 0.0452615 
0.400003 0.0123234 1500 0.0645761 15.2534 
0.399981 0.0123906 1500 0.0824057 9.47029 
0.400006 0.0120488 1500 0.0555015 0.162062 
0.400006 0.0121217 1500 0.0555015 2.07295 
0.400006 0.0122021 1500 0.0570995 4.59626 
0.400006 0.0122737 1500 0.0602777 8.98086 
0.39985 0.0126176 1500 0.145623 8.60021 
0.399832 0.0126619 1500 0.152731 18.4267 
0.400006 0.0122646 1500 0.0587993 8.91625 
0.244812 0.478381 10.7419 0.0918723 0.0683698 
0.400006 0.0122321 1500 0.0590709 5.66517 
0.400006 0.0120647 1500 0.0587993 0.177795 
0.400006 0.0122462 1500 0.0602777 6.16489 
0.399969 0.0124416 1500 0.0896188 34.8573 
0.400006 0.01205 1500 0.0552582 0.062084 
0.399736 0.0127148 1500 0.188345 9.27528 
0.400004 0.0123163 1500 0.0628573 34.1757 
0.400006 0.0120691 1500 0.0590709 0.0459439 
0.400006 0.0120488 1500 0.0555015 0.162062 
0.399935 0.0125144 1500 0.107938 34.1757 
0.400006 0.0120639 1500 0.0552582 0.797698 
0.400006 0.0120518 1500 0.0555015 0.0479881 
0.400006 0.0122667 1500 0.0590709 8.98086 
0.400005 0.0122999 1500 0.0590709 26.5957 
0.400006 0.0120519 1500 0.0555015 0.0444897 
0.400006 0.0120483 1500 0.0552582 0.118996 
0.400006 0.0120504 1500 0.0556357 0.3548 
0.400006 0.0120647 1500 0.0587993 0.177795 
0.400006 0.0120867 1500 0.0552582 1.29177 
0.399981 0.0124124 1500 0.0823615 32.4111 
0.400006 0.0120519 1500 0.0556357 0.0619935 
0.400006 0.0122666 1500 0.0590709 8.98086 
0.400006 0.0120662 1500 0.0587993 0.3548 
0.399998 0.012338 1500 0.0696866 46.2512 
0.400006 0.0120515 1500 0.0555015 0.0542763 
0.400006 0.0120488 1500 0.0555015 0.162062 
0.400006 0.0122091 1500 0.0553015 5.66517 
0.302671 0.414239 18.2707 0.0577762 1.198 
0.332354 0.351832 27.1711 0.0587993 0.0501084 
0.400006 0.0122519 1500 0.0570995 8.60021 
0.366637 0.218972 60.4478 0.115473 0.162062 
0.400006 0.0122798 1500 0.0587993 11.6193 
0.400006 0.0122469 1500 0.0555015 9.27528 
0.400006 0.0120508 1500 0.0556357 0.0933611 
0.399795 0.0126755 1500 0.167293 9.27528 
0.400005 0.0122863 1500 0.0587993 42.0903 
0.400006 0.0122252 1500 0.0590709 5.22471 
0.400006 0.0121332 1500 0.0555015 2.38131 
0.400006 0.0120767 1500 0.0587993 0.667962 
0.370034 0.208049 63.6005 0.0461393 0.0471733 
0.399968 0.0124378 1500 0.0905489 11.6193 
0.400006 0.0122104 1500 0.0555015 5.66517 
0.400006 0.0120932 1500 0.0555015 1.40302 
0.400006 0.0120491 1500 0.0555015 0.138883 
0.399564 0.0127727 1500 0.242503 16.9915 
0.399817 0.0126643 1500 0.158573 34.1757 
0.400006 0.0122429 1500 0.0556357 8.60021 
0.399915 0.0125551 1500 0.11797 15.2534 
0.399915 0.0125486 1500 0.117586 34.1757 
0.400006 0.0121639 1500 0.0587993 2.71008 
0.371435 0.201747 67.7002 0.0905489 2.27509 
0.400006 0.012052 1500 0.0555015 0.0444897 
0.399878 0.0126113 1500 0.134247 18.4267 
0.400006 0.0120496 1500 0.0555015 0.115062 
0.399969 0.0124416 1500 0.0896188 34.8573 
0.400006 0.012245 1500 0.0555015 8.98086 
0.400006 0.0121026 1500 0.0555015 1.61455 
0.374453 0.189059 73.5297 0.0696866 2.27509 
0.400006 0.0122021 1500 0.0570995 4.59626 
0.400006 0.0122244 1500 0.0555015 6.74396 
0.400006 0.0122055 1500 0.0590709 4.19236 
0.399901 0.0125771 1500 0.123516 18.4267 
0.399935 0.0125145 1500 0.107938 34.1757 
0.400006 0.0120751 1500 0.0602777 0.427008 
0.399878 0.0125913 1500 0.134387 9.7321 
0.400006 0.0120649 1500 0.0587993 0.162534 
0.399997 0.012338 1500 0.0696866 46.2512 
0.400006 0.0121639 1500 0.0587993 2.71008 
0.400006 0.0120668 1500 0.0570995 0.638042 
0.400006 0.0120488 1500 0.0555015 0.162062 
0.400006 0.012258 1500 0.0570995 9.43954 
0.400006 0.0120504 1500 0.0556357 0.3548 
0.400006 0.0120653 1500 0.0587225 0.115062 
0.400006 0.0122483 1500 0.0577762 7.6944 
0.400006 0.0120678 1500 0.0587993 0.0452615 
0.399736 0.0127108 1500 0.187888 8.7486 
0.400006 0.0122305 1500 0.0587993 5.66984 
0.400006 0.012279 1500 0.0562279 34.1757 
0.400006 0.0122646 1500 0.0587993 8.91625 
0.400006 0.0121899 1500 0.0570995 4.01505 
0.399736 0.0127154 1500 0.187888 9.50318 
0.399961 0.0124645 1500 0.0947501 14.5388 
0.399735 0.0127268 1500 0.188345 12.4487 
0.400006 0.0120487 1500 0.0555015 0.172828 
0.378858 0.161947 90.439 0.0896188 0.943287 
0.328084 0.362514 25.4543 0.0555015 0.106416 
0.400006 0.0122243 1500 0.0555015 6.72945 
0.400006 0.0122622 1500 0.0587993 8.60021 
0.400006 0.012258 1500 0.0570995 9.43954 
0.400006 0.012069 1500 0.0590709 0.0459439 
0.400006 0.0120648 1500 0.0587993 0.177795 
0.400006 0.0122454 1500 0.0552582 9.27528 
0.400006 0.0120709 1500 0.0596315 0.0676763 
0.253813 0.473079 11.299 0.0539885 0.0516896 
0.400006 0.0122252 1500 0.0590709 5.22471 
0.400005 0.0122998 1500 0.0602777 36.9199 
0.400006 0.0120519 1500 0.0555015 0.0444897 
0.400006 0.0122021 1500 0.0570995 4.59626 
0.400006 0.0121463 1500 0.0590709 2.178 
0.400006 0.0120515 1500 0.0555015 0.0542763 
0.238525 0.483496 9.95105 0.0614209 0.0444897 
0.400006 0.0120693 1500 0.0596315 0.130543 
0.400006 0.0122733 1500 0.0602777 8.91625 
0.363199 0.241526 52.1376 0.0838816 0.338599 
0.400005 0.0123055 1500 0.0608469 34.1757 
0.400006 0.0122252 1500 0.0590709 5.22471 
0.400006 0.0120651 1500 0.0556357 0.780043 
0.400006 0.0120488 1500 0.0555015 0.162062 
0.399981 0.0124125 1500 0.0823615 32.4111 
0.400006 0.0121821 1500 0.0590709 3.24979 
0.400006 0.0120439 1500 0.0539885 0.0516896 
0.399961 0.0124463 1500 0.0946053 9.7321 
0.400006 0.0120591 1500 0.0570995 0.062084 
0.399993 0.0123697 1500 0.0734312 34.1757 
0.400005 0.0123054 1500 0.0608469 34.1757 
0.400006 0.0120647 1500 0.0587993 0.177795 
0.400006 0.0120519 1500 0.0555015 0.0444897 
0.400006 0.0120507 1500 0.0552582 0.0445011 
0.400006 0.01205 1500 0.0552582 0.062084 
0.399903 0.0125574 1500 0.123516 9.95907 
0.400006 0.0120659 1500 0.0587993 0.106416 
0.400006 0.0120504 1500 0.0556357 0.3548 
0.400006 0.01205 1500 0.0552582 0.062084 
0.399998 0.0123313 1500 0.0696866 9.93888 
0.400006 0.0120688 1500 0.0590709 0.0542763 
0.399902 0.0125747 1500 0.123516 27.8758 
0.399968 0.0124452 1500 0.0903076 34.1757 
0.399956 0.0124728 1500 0.0973159 13.5131 
0.400006 0.0120517 1500 0.0556357 0.0676763 
0.400006 0.0122068 1500 0.0555015 5.43466 
0.400006 0.012232 1500 0.0590709 5.66517 
0.400006 0.0122531 1500 0.0570995 8.7486 
0.400006 0.012055 1500 0.0562279 0.056997 
0.399736 0.012714 1500 0.187888 9.27528 
0.400006 0.0122021 1500 0.0570995 4.59626 
0.400006 0.0120647 1500 0.0587993 0.182289 
0.399874 0.0126148 1500 0.135461 18.4267 
0.189477 0.492962 6.93907 0.0726419 0.056997 
0.400006 0.0120647 1500 0.0587993 0.177795 
0.400006 0.0122446 1500 0.0587993 6.74396 
0.399794 0.0126827 1500 0.167293 34.1757 
0.400006 0.0120504 1500 0.0556357 0.3548 
0.400006 0.0120525 1500 0.0556357 0.0452615 
0.400006 0.0122432 1500 0.0570995 7.57408 
0.37464 0.185256 74.5679 0.0470194 0.0839684 
0.399902 0.0125772 1500 0.123516 18.4267 
0.400006 0.0120684 1500 0.0590709 0.0638232 
0.282975 0.44399 15.0385 0.0824057 0.138883 
0.400006 0.0120767 1500 0.0587993 0.667962 
0.400006 0.0120651 1500 0.0556357 0.780043 
0.400006 0.0122671 1500 0.0591573 8.98086 
0.399969 0.0124416 1500 0.0896188 34.8573 
0.400006 0.012069 1500 0.0590709 0.417163 
0.400006 0.0120567 1500 0.0570995 0.160465 
0.400006 0.0122252 1500 0.0590709 5.22471 
0.400005 0.0122632 1500 0.0556357 46.2512 
0.400006 0.0122236 1500 0.0587993 5.22471 
0.400006 0.0122866 1500 0.0587993 13.5131 
0.400006 0.0121617 1500 0.0556357 3.24979 
0.320907 0.374184 23.4032 0.0461393 0.130543 
0.372319 0.200568 67.7002 0.0645761 2.27509 
0.400006 0.0120488 1500 0.0555015 0.162062 
0.400006 0.0120584 1500 0.0570995 0.0808371 
0.400006 0.0122284 1500 0.0590709 5.42221 
0.400006 0.0120652 1500 0.0556357 0.780043 
0.399737 0.0127109 1500 0.187888 8.7486 
0.400006 0.0120707 1500 0.0553015 0.943287 
0.400006 0.0120617 1500 0.0556357 0.698025 
0.400006 0.0120506 1500 0.0552582 0.0473687 
0.400006 0.0122236 1500 0.0587993 5.22471 
0.400006 0.0121337 1500 0.0562279 2.27509 
0.400006 0.0120522 1500 0.0557011 0.062084 
0.284774 0.442841 15.0385 0.0556357 0.0511019 
0.400006 0.0120495 1500 0.0556357 0.298284 
0.400006 0.0120647 1500 0.0587993 0.177795 
0.399918 0.0125263 1500 0.116406 8.91625 
0.35718 0.265104 44.3869 0.0468676 0.420445 
0.400006 0.0120647 1500 0.0587993 0.177795 
0.400006 0.012067 1500 0.0590709 0.112978 
0.400006 0.0120867 1500 0.0552582 1.29177 
0.400006 0.0122252 1500 0.0590709 5.22471 
0.400006 0.0122424 1500 0.0608469 5.66517 
0.377647 0.169908 84.0461 0.0726419 9.59109 
0.400005 0.0122632 1500 0.0556357 46.2512 
0.307062 0.407872 19.2365 0.0539885 0.0516896 
0.400006 0.012049 1500 0.0552582 0.0924699 
0.400006 0.0120497 1500 0.0555015 0.3548 
0.400006 0.0120583 1500 0.0570995 0.0838413 
0.400005 0.0123086 1500 0.0614209 34.1617 
0.400006 0.0121417 1500 0.0596315 1.98858 
0.400006 0.0121418 1500 0.0596315 1.98858 
0.234663 0.484979 9.6489 0.0587993 0.056997 
0.400006 0.0120692 1500 0.0590709 0.423519 
0.400006 0.0120485 1500 0.0555015 0.249357 
0.400006 0.0120584 1500 0.0570995 0.0838413 
0.400006 0.0120593 1500 0.0570995 0.417163 
0.400006 0.0120665 1500 0.0590709 0.138883 
0.400006 0.0122446 1500 0.0587993 6.74396 
0.400006 0.0120521 1500 0.0556357 0.056997 
0.400006 0.0122671 1500 0.0587993 9.27528 
0.400006 0.0120483 1500 0.0552582 0.118996 
0.400006 0.0120519 1500 0.0555015 0.0444897 
0.209096 0.492668 8.04326 0.0814865 0.0479881 
0.400006 0.012069 1500 0.0590709 0.0459439 
0.400005 0.012294 1500 0.0587993 34.1757 
0.400006 0.0120648 1500 0.0587993 0.177795 
0.400006 0.0121038 1500 0.0587993 1.24451 
0.400006 0.0120662 1500 0.0587993 0.3548 
0.400005 0.0122969 1500 0.0590709 32.4111 
0.400006 0.0122662 1500 0.0590709 8.91625 
0.400006 0.0120512 1500 0.0555015 0.0638232 
0.400006 0.0122252 1500 0.0590709 5.22471 
0.400006 0.0120504 1500 0.0556357 0.3548 
0.400006 0.012057 1500 0.0570995 0.142101 
0.399877 0.0125912 1500 0.134387 9.7321 
0.399961 0.0124451 1500 0.0947501 9.43954 
0.400006 0.0122251 1500 0.0590709 5.22471 
0.400006 0.0122252 1500 0.0590709 5.22471 
0.400005 0.0122709 1500 0.0602777 8.60021 
0.400006 0.0120668 1500 0.0590709 0.123132 
0.400006 0.012202 1500 0.0570995 4.59626 
0.400006 0.0121027 1500 0.0555015 1.61549 
0.400006 0.012104 1500 0.0562279 1.55196 
0.399735 0.0127148 1500 0.188345 9.27528 
0.400006 0.0120504 1500 0.0556357 0.3548 
0.347883 0.303866 35.7294 0.0552582 0.062084 
0.399795 0.0126752 1500 0.167293 9.27528 
0.400006 0.0120518 1500 0.0555015 0.0471733 
0.400006 0.0121366 1500 0.0577762 2.11663 
0.400006 0.0120515 1500 0.0555015 0.0542763 
0.400006 0.0122236 1500 0.0587993 5.22471 
0.399969 0.0124452 1500 0.0896188 15.9552 
0.400006 0.0121772 1500 0.0552582 3.95578 
0.400005 0.0123086 1500 0.0614209 34.1617 
0.400005 0.0122429 1500 0.0552582 8.91625 
0.400006 0.0122243 1500 0.0555015 6.74396 
0.400006 0.0122481 1500 0.0555015 9.43954 
0.400006 0.0120477 1500 0.0552582 0.154755 
0.399998 0.012338 1500 0.0696866 46.2512 
0.400006 0.0120483 1500 0.0552582 0.115062 
0.400006 0.0122646 1500 0.0587993 8.91625 
0.400006 0.0122067 1500 0.0555015 5.43466 
0.400006 0.0120575 1500 0.0570995 0.1171 
0.400006 0.0120659 1500 0.0587993 0.338599 
0.400006 0.0122252 1500 0.0590709 5.22471 
0.400005 0.0122824 1500 0.0614209 9.27528 
0.399918 0.0125438 1500 0.116406 34.8573 
0.400006 0.0120504 1500 0.0556357 0.3548 
0.400006 0.0120488 1500 0.0555015 0.162062 
0.400006 0.012242 1500 0.0555015 8.60021 
0.399935 0.0125184 1500 0.107938 15.2534 
0.400006 0.0121418 1500 0.0596315 1.98858 
0.400007 0.0122053 1500 0.0570995 4.76456 
0.400006 0.0122939 1500 0.0587993 34.1757 
0.400006 0.0120511 1500 0.0555015 0.0638232 
0.400006 0.0120716 1500 0.0602777 0.23226 
0.400006 0.012055 1500 0.0562279 0.056997 
0.400006 0.0120504 1500 0.0552582 0.0511019 
0.400006 0.0121771 1500 0.0552582 3.95578 
0.400006 0.0121333 1500 0.0555015 2.38131 
0.400006 0.0122304 1500 0.0587993 5.66517 
0.400006 0.0120504 1500 0.0556357 0.3548 
0.400006 0.0121639 1500 0.0587993 2.71008 
0.400006 0.0122681 1500 0.0587993 9.43954 
0.400006 0.0122222 1500 0.0587993 5.14256 
0.400006 0.0122383 1500 0.0556357 8.03831 
0.320935 0.374181 23.4032 0.0461393 0.130543 
0.400006 0.012073 1500 0.0555015 0.969859 
0.400006 0.0120544 1500 0.0561675 0.066054 
0.399903 0.0125772 1500 0.123516 18.4267 
0.400006 0.0120488 1500 0.0555015 0.162062 
0.374623 0.188262 73.5297 0.0590709 4.19236 
0.400006 0.0120598 1500 0.0570995 0.0444897 
0.399976 0.0124299 1500 0.0853255 26.0325 
0.400006 0.0121418 1500 0.0596315 1.98858 
0.400006 0.0120639 1500 0.0552582 0.797698 
0.400006 0.0121057 1500 0.0587993 1.28213 
0.400006 0.0122321 1500 0.0590709 5.66517 
0.399918 0.0125459 1500 0.116406 13.5131 
0.400006 0.0120567 1500 0.0570995 0.160465 
0.400005 0.01227 1500 0.0552582 37.8657 
0.399961 0.0124463 1500 0.0946053 9.7321 
0.400006 0.0120767 1500 0.0587993 0.667962 
0.400006 0.0120517 1500 0.0556357 0.0676763 
0.39996 0.0124546 1500 0.0947501 41.7192 
0.400006 0.012208 1500 0.0602777 3.99093 
0.400006 0.0122687 1500 0.0590709 9.27528 
0.400006 0.0121368 1500 0.0587225 1.98858 
0.400006 0.0120571 1500 0.0570995 0.136682 
0.399877 0.0126113 1500 0.134247 18.4267 
0.400006 0.0120689 1500 0.0590709 0.0479881 
0.400005 0.0122737 1500 0.0602777 8.98086 
0.400006 0.0120668 1500 0.0570995 0.638042 
0.400006 0.0121217 1500 0.0555015 2.07295 
0.400006 0.0120554 1500 0.0555015 0.556504 
0.400006 0.0120709 1500 0.0596315 0.0676763 
0.400006 0.012252 1500 0.0570995 8.60021 
0.400006 0.0120595 1500 0.0555015 0.662187 
0.400006 0.0122884 1500 0.0602777 11.6193 
0.359386 0.255789 46.2806 0.0602777 8.91625 
0.368551 0.214212 61.1331 0.0838309 9.43954 
0.400006 0.0120525 1500 0.0556357 0.0474558 
0.400006 0.0122547 1500 0.0570995 8.98086 
0.400006 0.0122332 1500 0.0556357 7.48864 
0.400006 0.0122457 1500 0.0587993 6.84077 
0.400006 0.0121217 1500 0.0555015 2.07295 
0.400006 0.0120709 1500 0.0596315 0.0676763 
0.325295 0.364114 25.4543 0.0973159 0.106416 
0.400006 0.0120669 1500 0.0590709 0.115062 
0.400006 0.0120596 1500 0.0570995 0.0498871 
0.400006 0.0120751 1500 0.0602777 0.427008 
0.399902 0.0125772 1500 0.123516 18.4267 
0.400006 0.0121872 1500 0.0587993 3.49626 
0.400006 0.0122104 1500 0.0555015 5.66517 
0.400006 0.0121772 1500 0.0552582 3.95578 
0.400006 0.0120647 1500 0.0587993 0.177795 
0.400006 0.0120906 1500 0.0587993 0.969859 
0.399981 0.0123906 1500 0.0824057 9.47029 
0.400006 0.0122422 1500 0.0587993 6.53204 
0.400005 0.0123077 1500 0.0608469 18.4267 
0.399997 0.012338 1500 0.0696866 46.2512 
0.400006 0.0120676 1500 0.0587993 0.0501084 
0.400006 0.0121216 1500 0.0555015 2.07295 
0.400006 0.0120676 1500 0.0587993 0.0501084 
0.33079 0.355985 26.5199 0.0587993 0.0498871 
0.400006 0.0121549 1500 0.0562279 2.90322 
0.400006 0.0122579 1500 0.0570995 9.43954 
0.353708 0.282784 40.3544 0.0555015 0.162062 
0.399935 0.0125144 1500 0.107938 34.1757 
0.400006 0.0122102 1500 0.0555015 5.66517 
0.400006 0.0120761 1500 0.0555015 1.03805 
0.400006 0.0120503 1500 0.0552582 0.0551828 
0.400006 0.0120515 1500 0.0555015 0.0542763 
0.399995 0.0123681 1500 0.0721997 19.3116 
0.375299 0.180526 78.7874 0.0973159 1.73846 
0.400006 0.0122629 1500 0.0590709 8.48054 
0.400006 0.0120647 1500 0.0587993 0.177795 
0.400006 0.0121445 1500 0.0555015 2.71008 
0.400006 0.0122663 1500 0.0556357 13.1485 
0.400006 0.0120868 1500 0.0608469 0.667962 
0.400006 0.012069 1500 0.0590709 0.417163 
0.400006 0.0120667 1500 0.0590709 0.123132 
0.399935 0.0125144 1500 0.107938 34.1757 
0.400006 0.0120662 1500 0.0587993 0.3548 
0.400005 0.0122949 1500 0.0590709 34.8573 
0.400006 0.0122798 1500 0.0587993 11.6193 
0.374644 0.185208 74.5679 0.0470194 0.160465 
0.400006 0.0121418 1500 0.0596315 1.98858 
0.400006 0.0120662 1500 0.0587993 0.3548 
0.400006 0.0122055 1500 0.0590709 4.19236 
0.400006 0.0122088 1500 0.0552582 5.66517 
0.370035 0.208044 63.6005 0.0461393 0.0471733 
0.400006 0.0120488 1500 0.0555015 0.162062 
0.324521 0.366288 24.5196 0.0469898 0.539935 
0.400006 0.0120702 1500 0.0596315 0.3548 
0.400006 0.0120783 1500 0.0552582 1.11142 
0.399736 0.0127176 1500 0.187888 34.1757 
0.400006 0.012055 1500 0.0562279 0.056997 
0.399949 0.0124932 1500 0.10119 15.9552 
0.399903 0.0125575 1500 0.123516 9.95907 
0.400006 0.0121418 1500 0.0596315 1.98858 
0.400006 0.012265 1500 0.0587993 8.98086 
0.400006 0.0120662 1500 0.0590709 0.162534 
0.400006 0.0122252 1500 0.0590709 5.22471 
0.400006 0.0122462 1500 0.0602777 6.16489 
0.400006 0.0120519 1500 0.0555015 0.0452615 
0.400006 0.0120517 1500 0.0556357 0.0676763 
0.400006 0.0120649 1500 0.0587993 0.162062 
0.400003 0.0123125 1500 0.0645761 11.6193 
0.400006 0.0120583 1500 0.0570995 0.0838413 
0.400006 0.0120685 1500 0.0590709 0.0619935 
0.376398 0.178475 78.7874 0.0556357 0.780043 
0.374367 0.189185 73.5297 0.0726419 3.24979 
0.400006 0.012252 1500 0.0570995 8.60021 
0.36978 0.20836 64.6946 0.0973159 0.154755 
0.400006 0.0121085 1500 0.0587993 1.34133 
0.400006 0.0120652 1500 0.0556357 0.780043 
0.400006 0.0120652 1500 0.0587225 0.115062 
0.378216 0.168201 85.0953 0.0556357 0.3548 
0.400006 0.0122104 1500 0.0555015 5.66517 
0.400005 0.0122959 1500 0.0587993 18.4267 
0.400006 0.0120488 1500 0.0555015 0.163259 
0.400006 0.0122613 1500 0.0602777 7.48864 
0.400006 0.0120675 1500 0.0590709 0.3548 
0.400006 0.012271 1500 0.0555015 15.2534 
0.399736 0.0127148 1500 0.188345 9.27528 
0.400006 0.0120725 1500 0.0556357 0.943287 
0.400006 0.012066 1500 0.0556357 0.800454 
0.400006 0.0121191 1500 0.0556357 1.98858 
0.22604 0.487285 9.03008 0.0542364 0.115062 
0.400006 0.0122569 1500 0.0570995 9.27528 
0.400006 0.0120639 1500 0.0552582 0.797698 
0.399878 0.0125871 1500 0.134387 8.98086 
0.400006 0.0120673 1500 0.0587993 0.056997 
0.400006 0.0122016 1500 0.0590709 4.01505 
0.400006 0.0120638 1500 0.0552582 0.797698 
0.400006 0.0120674 1500 0.0587225 0.0444897 
0.399995 0.0123576 1500 0.0726419 12.4487 
0.400006 0.0120691 1500 0.0590709 0.0459439 
0.400006 0.0122975 1500 0.0590709 18.4267 
0.399832 0.0126619 1500 0.152731 18.4267 
0.400006 0.0121279 1500 0.0552582 2.27509 
0.301161 0.419059 17.9348 0.0587993 0.0516896 
0.400006 0.0120662 1500 0.0587993 0.3548 
0.400006 0.0122672 1500 0.0591573 8.98086 
0.400006 0.0120647 1500 0.0587993 0.182289 
0.371989 0.201623 67.3609 0.0726419 0.056997 
0.399918 0.0125264 1500 0.116406 8.91625 
0.400006 0.0120707 1500 0.0553015 0.943287 
0.400006 0.0120677 1500 0.0590709 0.086126 
0.400006 0.0120496 1500 0.0555015 0.115062 
0.400006 0.0120768 1500 0.0556357 1.03399 
0.399737 0.0127154 1500 0.187888 9.50318 
0.400005 0.0122744 1500 0.0552582 32.4111 
0.399997 0.012338 1500 0.0696866 46.2512 
0.399833 0.0126516 1500 0.152731 11.6193 
0.399839 0.0126451 1500 0.149683 32.4111 
0.400006 0.0122252 1500 0.0590709 5.22471 
0.400006 0.0122645 1500 0.0587993 8.91625 
0.399736 0.012711 1500 0.187888 8.7486 
0.400006 0.0122612 1500 0.0570995 9.95907 
0.302675 0.414235 18.2707 0.0577762 1.198 
0.341477 0.322466 31.7186 0.0555015 2.90322 
0.400006 0.0122702 1500 0.0590709 9.50318 
0.399997 0.0123514 1500 0.0696866 34.1757 
0.400006 0.0120647 1500 0.0587993 0.185526 
0.400006 0.0122582 1500 0.0552582 11.6193 
0.400006 0.012066 1500 0.0590709 0.177795 
0.400006 0.0120504 1500 0.0556357 0.3548 
0.400006 0.0122447 1500 0.0587993 6.74396 
0.400006 0.0120503 1500 0.0556357 0.115062 
0.400006 0.0122543 1500 0.0556357 10.347 
0.400006 0.0121257 1500 0.0555015 2.178 
0.400006 0.0122021 1500 0.0570995 4.59626 
0.400006 0.0120692 1500 0.0596315 0.130543 
0.400006 0.0120691 1500 0.0590709 0.0459439 
0.400006 0.0122235 1500 0.0587993 5.22471 
0.400006 0.0120651 1500 0.0556357 0.780043 
0.400006 0.0122068 1500 0.0555015 5.43466 
0.400006 0.012067 1500 0.0590709 0.112978 
0.400006 0.0120651 1500 0.0556357 0.780043 
0.400006 0.0120817 1500 0.0587993 0.780043 
0.400006 0.0120526 1500 0.0556357 0.0452615 
0.400006 0.0122465 1500 0.0552582 9.43954 
0.400006 0.0120501 1500 0.0555015 0.0983451 
0.400005 0.0122801 1500 0.0587993 47.3638 
0.400006 0.0122171 1500 0.0596315 4.59626 
0.400006 0.012202 1500 0.0570995 4.59626 
0.400006 0.0122352 1500 0.0556357 7.6944 
0.400006 0.0122421 1500 0.0555015 8.60021 
0.399902 0.0125575 1500 0.123516 9.95907 
0.400006 0.0120616 1500 0.0556357 0.698025 
0.400005 0.0122956 1500 0.0596315 37.4961 
0.249407 0.476198 10.8797 0.0556357 0.154755 
0.400006 0.0120585 1500 0.0570995 0.0808371 
0.400006 0.0120651 1500 0.0556357 0.780043 
0.400006 0.0122566 1500 0.0608469 6.74396 
0.400006 0.0120887 1500 0.0596315 0.840317 
0.399563 0.0127722 1500 0.242503 16.9915 
0.400006 0.0122764 1500 0.0570995 13.5131 
0.400006 0.0120662 1500 0.0587993 0.3548 
0.400006 0.0122768 1500 0.0602777 9.43954 
0.400006 0.0120512 1500 0.0556357 0.0838413 
0.366033 0.230684 55.6146 0.0705982 2.09643 
0.400006 0.0120687 1500 0.0590709 0.056997 
0.301175 0.418823 17.9348 0.0587993 0.177795 
0.400006 0.0120648 1500 0.0587993 0.177795 
0.400006 0.0120497 1500 0.0555015 0.3548 
0.234639 0.485299 9.6489 0.061592 0.0516896 
0.400006 0.0122021 1500 0.0570995 4.59626 
0.400006 0.0120998 1500 0.0555015 1.55196 
0.399877 0.0126111 1500 0.134247 18.4267 
0.400006 0.0120653 1500 0.0587225 0.115062 
0.399902 0.0125575 1500 0.123516 9.95907 
0.400006 0.0120688 1500 0.0590709 0.0542763 
0.400006 0.0120522 1500 0.0557011 0.062084 
0.400006 0.0120947 1500 0.0570995 1.24451 
0.302681 0.414236 18.2707 0.0577762 1.198 
0.400006 0.0120496 1500 0.0555015 0.115062 
0.400006 0.0122733 1500 0.0602777 8.91625 
0.400006 0.0122762 1500 0.0555015 18.4267 
0.400006 0.0121378 1500 0.0587993 2.00378 
0.400006 0.0120963 1500 0.0587993 1.08875 
0.400006 0.0120688 1500 0.0596315 0.162062 
0.400006 0.0120648 1500 0.0587993 0.177795 
0.400006 0.0120504 1500 0.0556357 0.3548 
0.400006 0.0122732 1500 0.0552582 34.1757 
0.400006 0.0122454 1500 0.0552582 9.27528 
0.400006 0.0122444 1500 0.0555015 8.91625 
0.400006 0.0120651 1500 0.0556357 0.780043 
0.400006 0.0120504 1500 0.0556357 0.3548 
0.364063 0.240208 52.1376 0.0587993 0.969859 
0.400006 0.0122969 1500 0.0590709 32.4111 
0.400006 0.0120649 1500 0.0587993 0.160465 
0.400006 0.0120662 1500 0.0587993 0.3548 
0.400006 0.012055 1500 0.0562279 0.056997 
0.400006 0.0122638 1500 0.0590709 8.60021 
0.400006 0.0120504 1500 0.0556357 0.3548 
0.400006 0.0120497 1500 0.0555015 0.3548 
0.400006 0.0120519 1500 0.0555015 0.0444897 
0.400006 0.0122924 1500 0.0587993 15.9552 
0.400006 0.0120504 1500 0.0556357 0.3548 
0.400006 0.0120743 1500 0.0602777 0.056997 
0.400006 0.0122103 1500 0.0555015 5.66517 
0.400006 0.0120553 1500 0.0562279 0.0498871 
0.400006 0.0120518 1500 0.0555015 0.440676 
0.399877 0.0125837 1500 0.134247 46.2512 
0.399998 0.012338 1500 0.0696866 46.2512 
0.399918 0.0125267 1500 0.116406 8.98086 
0.400006 0.0120495 1500 0.0556357 0.162062 
0.400006 0.0121027 1500 0.0555015 1.61549 
0.400006 0.0120493 1500 0.0555015 0.130543 
0.400006 0.0120504 1500 0.0556357 0.3548 
0.400006 0.0120695 1500 0.0596315 0.115062 
0.220544 0.489465 8.6541 0.0562279 0.0516896 
0.399903 0.0125574 1500 0.123516 9.95907 
0.399918 0.0125265 1500 0.116406 8.91625 
0.400006 0.0120487 1500 0.0555015 0.172828 
0.400006 0.0120487 1500 0.0555015 0.162062 
0.399794 0.012688 1500 0.167293 12.4487 
0.400006 0.0122579 1500 0.0570995 9.43954 
0.400006 0.0122514 1500 0.0562279 9.27528 
0.400006 0.0120796 1500 0.0555015 1.11142 
0.399902 0.0125703 1500 0.123516 32.4111 
0.400006 0.012291 1500 0.0587993 15.2534 
0.400006 0.0120488 1500 0.0555015 0.162062 
0.37886 0.161943 90.439 0.0896188 0.943287 
0.400006 0.0120519 1500 0.0555015 0.0452615 
0.400006 0.0120647 1500 0.0587993 0.177795 
0.400005 0.0122799 1500 0.0556357 25.3103 
0.400006 0.0120498 1500 0.0556357 0.138883 
0.400006 0.0120668 1500 0.0570995 0.638042 
0.37788 0.16917 84.0461 0.0587993 9.59109 
0.400006 0.0120672 1500 0.0587993 0.062084 
0.400006 0.0122688 1500 0.0590709 9.27528 
0.400006 0.012069 1500 0.0590709 0.417163 
0.399736 0.0127112 1500 0.188345 8.60021 
0.400006 0.0120648 1500 0.0587993 0.177795 
0.400006 0.0120651 1500 0.0556357 0.780043 
0.400006 0.0120648 1500 0.0587993 0.177795 
0.400006 0.0120488 1500 0.0555015 0.162062 
0.364006 0.240563 52.1376 0.0628573 0.338599 
0.210653 0.491262 8.04326 0.0556357 0.056997 
0.400006 0.0122865 1500 0.0587993 13.5131 
0.400006 0.012055 1500 0.0562279 0.056997 
0.400006 0.0120499 1500 0.0556357 0.130543 
0.399915 0.012555 1500 0.11797 15.2534 
0.399981 0.0124125 1500 0.0823615 32.4111 
0.231329 0.485365 9.6489 0.0939147 0.0516896 
0.400005 0.0122769 1500 0.0552582 27.8758 
0.400006 0.0122321 1500 0.0590709 5.66517 
0.400006 0.0122498 1500 0.0552582 9.95907 
0.400006 0.0121639 1500 0.0587993 2.71008 
0.400006 0.0120483 1500 0.0552582 0.118996 
0.400006 0.0120663 1500 0.0590709 0.149972 
0.399961 0.0124644 1500 0.0947501 14.5388 
0.400005 0.0122461 1500 0.0602777 6.16489 
0.400006 0.0122579 1500 0.0570995 9.43954 
0.372373 0.199769 67.7002 0.0539885 2.27509 
0.400005 0.0122863 1500 0.0587993 42.0903 
0.400006 0.0122508 1500 0.0556357 9.7321 
0.400006 0.0120684 1500 0.0590709 0.0638232 
0.400006 0.012103 1500 0.0590709 1.198 
0.400006 0.0120647 1500 0.0587993 0.177795 
0.400006 0.0122453 1500 0.0552582 9.27528 
0.400006 0.0120519 1500 0.0555015 0.0444897 
0.399935 0.0125145 1500 0.107938 34.1757 
0.400006 0.0120476 1500 0.0552582 0.154755 
0.400006 0.0122483 1500 0.0577762 7.6944 
0.400006 0.012182 1500 0.0590709 3.24979 
0.400006 0.0120616 1500 0.0556357 0.698025 
0.399981 0.0124125 1500 0.0823615 32.4111 
0.31513 0.38945 21.4902 0.0726419 1.98858 
0.400006 0.0122682 1500 0.0587993 9.43954 
0.400006 0.0122493 1500 0.0556357 9.50318 
0.400006 0.0122453 1500 0.0552582 9.27528 
0.226016 0.487642 9.03008 0.061592 0.354399 
0.399914 0.012555 1500 0.11797 15.2534 
0.400005 0.0122733 1500 0.0602777 8.91625 
0.400006 0.0120596 1500 0.0570995 0.0479881 
0.400006 0.0120516 1500 0.0555015 0.0511019 
0.400006 0.0120504 1500 0.0556357 0.3548 
0.400006 0.0120647 1500 0.0587993 0.177795 
0.400006 0.0122544 1500 0.0570995 8.91625 
0.399949 0.012472 1500 0.10119 9.50318 
0.400006 0.0122671 1500 0.0587993 9.27528 
0.399998 0.0123379 1500 0.0696866 46.2512 
0.400006 0.0120493 1500 0.0552582 0.0839684 
0.400006 0.0122235 1500 0.0587993 5.22471 
0.400006 0.0120476 1500 0.0552582 0.154755 
0.400006 0.012057 1500 0.0570995 0.142101 
0.400006 0.0120487 1500 0.0555015 0.172828 
0.400006 0.0120702 1500 0.0596315 0.3548 
0.400006 0.0120521 1500 0.0556357 0.056997 
0.400006 0.0120767 1500 0.0587993 0.667962 
0.400006 0.0122021 1500 0.0570995 4.59626 
0.221585 0.488106 8.7312 0.0556357 0.3548 
0.400006 0.0122252 1500 0.0590709 5.22471 
0.400006 0.0120652 1500 0.0556357 0.780043 
0.399736 0.0127161 1500 0.187888 9.7321 
0.399903 0.0125576 1500 0.123516 9.95907 
0.400006 0.0122053 1500 0.0570995 4.76456 
0.400006 0.012066 1500 0.0590709 0.177795 
0.400006 0.0122021 1500 0.0570995 4.59626 
0.400006 0.0122139 1500 0.0590709 4.59626 
0.400005 0.0122847 1500 0.0590709 12.4487 
0.400006 0.0120503 1500 0.0556357 0.110216 
0.400006 0.0120584 1500 0.0570995 0.0808371 
0.400006 0.0120662 1500 0.0587993 0.3548 
0.400006 0.0122321 1500 0.0590709 5.66517 
0.358282 0.265044 44.9369 0.0628573 0.3548 
0.400006 0.0120691 1500 0.0596315 0.138883 
0.400006 0.0120521 1500 0.0556357 0.056997 
0.400006 0.0120776 1500 0.0570995 0.881951 
0.400006 0.0120509 1500 0.0556357 0.0933611 
0.400006 0.0120648 1500 0.0587993 0.177795 
0.400006 0.0122138 1500 0.0590709 4.59626 
0.400006 0.0121639 1500 0.0587993 2.71008 
0.400006 0.0122671 1500 0.0587993 9.27528 
0.400006 0.0120504 1500 0.0556357 0.3548 
0.400006 0.0122251 1500 0.0590709 5.22471 
0.400006 0.0120475 1500 0.0552582 0.160465 
0.400006 0.0121419 1500 0.0596315 1.98858 
0.400006 0.0122747 1500 0.0555015 34.1617 
0.400005 0.0122999 1500 0.0590709 26.5957 
0.400006 0.0120578 1500 0.0570995 0.3548 
0.400006 0.0121241 1500 0.0587993 1.68122 
0.220635 0.488814 8.66854 0.0539885 0.0934039 
0.400006 0.0120499 1500 0.0552582 0.066054 
0.341152 0.322615 31.7186 0.0494756 1.36218 
0.358335 0.264484 44.9369 0.0556357 0.281309 
0.400006 0.0120671 1500 0.0555015 0.840317 
0.400005 0.0122684 1500 0.0556357 41.7192 
0.400006 0.0121651 1500 0.0587993 2.74706 
0.400006 0.0120488 1500 0.0555015 0.162062 
0.400006 0.0120488 1500 0.0555015 0.162062 
0.400006 0.0120781 1500 0.0590709 0.667962 
0.400006 0.0120767 1500 0.0587993 0.667962 
0.400006 0.0121617 1500 0.0556357 3.24979 
0.400006 0.0120684 1500 0.0590709 0.0638232 
0.400006 0.0122284 1500 0.0596315 5.22471 
0.400006 0.0120565 1500 0.0570995 0.177795 
0.400006 0.0120647 1500 0.0587993 0.177795 
0.400006 0.0122548 1500 0.0570995 8.98086 
0.400006 0.0120676 1500 0.0587993 0.0501084 
0.400006 0.0122339 1500 0.0570995 6.71179 
0.400006 0.0120489 1500 0.0552582 0.0924699 
0.400006 0.0120487 1500 0.0553015 0.3548 
0.399736 0.012711 1500 0.187888 8.7486 
0.400006 0.0122229 1500 0.0552582 6.74396 
0.399995 0.0123577 1500 0.0726419 12.4487 
0.400006 0.0121016 1500 0.0587993 1.198 
0.400006 0.0121418 1500 0.0596315 1.98858 
0.400005 0.0122999 1500 0.0590709 26.5957 
0.400006 0.0120729 1500 0.0602777 0.338599 
0.400006 0.0120648 1500 0.0587993 0.177795 
0.400006 0.0120648 1500 0.0587993 0.177795 
0.400005 0.0122666 1500 0.0590709 8.98086 
0.320946 0.374171 23.4032 0.0461393 0.130543 
0.400006 0.0122252 1500 0.0590709 5.22471 
0.400006 0.0120691 1500 0.0590709 0.0459439 
0.39985 0.0126171 1500 0.145623 8.60021 
0.400006 0.0122021 1500 0.0570995 4.59626 
0.400006 0.0122693 1500 0.0570995 48.2535 
0.400006 0.0122662 1500 0.0590709 8.91625 
0.400006 0.0122252 1500 0.0590709 5.22471 
0.39985 0.0126171 1500 0.145623 8.60021 
0.400006 0.0122251 1500 0.0590709 5.22471 
0.400006 0.0121372 1500 0.0587993 1.98858 
0.400006 0.0120662 1500 0.0590709 0.162062 
0.400005 0.0122732 1500 0.0602777 8.91625 
0.400006 0.0120502 1500 0.0555015 0.0924699 
0.400006 0.0120684 1500 0.0590709 0.0638232 
0.400005 0.012295 1500 0.0590709 34.8573 
0.400006 0.0122244 1500 0.0555015 6.74396 
0.400006 0.012088 1500 0.0555015 1.29177 
0.400006 0.0121038 1500 0.0587993 1.24451 
0.399903 0.012577 1500 0.123516 18.4267 
0.400006 0.0122103 1500 0.0555015 5.66517 
0.400006 0.0121639 1500 0.0587993 2.71008 
0.400006 0.0120521 1500 0.0556357 0.056997 
0.399902 0.0125574 1500 0.123516 9.95907 
0.400006 0.0122243 1500 0.0555015 6.72945 
0.400006 0.0120661 1500 0.0587993 0.0933611 
0.400006 0.0120487 1500 0.0555015 0.162062 
0.399969 0.0124416 1500 0.0896188 34.8573 
0.315669 0.383996 21.4902 0.0570995 4.59626 
0.399563 0.0127726 1500 0.242503 16.9915 
0.400006 0.0120596 1500 0.0570995 0.0498871 
0.400006 0.0120678 1500 0.0587993 0.0452615 
0.400006 0.012256 1500 0.0590709 7.6944 
0.400006 0.0121898 1500 0.0570995 4.01505 
0.399994 0.0123696 1500 0.0734312 34.1757 
0.400006 0.0120692 1500 0.0590709 0.0444897 
0.400006 0.0120647 1500 0.0587993 0.177795 
0.353829 0.280296 41.3404 0.0823615 0.0444897 
0.400006 0.012063 1500 0.0577762 0.0444897 
0.400006 0.0120667 1500 0.0590709 0.123132 
0.400006 0.0122173 1500 0.0555015 6.16489 
0.400006 0.0120597 1500 0.0570995 0.0473687 
0.400006 0.0122623 1500 0.0587993 8.60021 
0.400006 0.0120767 1500 0.0587993 0.667962 
0.400005 0.0122949 1500 0.0587993 32.9101 
0.399956 0.0124727 1500 0.0973159 13.5131 
0.400006 0.0122035 1500 0.0555015 5.22471 
0.400006 0.0122646 1500 0.0587993 8.91625 
0.400006 0.0120476 1500 0.0552582 0.154755 
0.400006 0.0120724 1500 0.0556357 0.943287 
0.400006 0.0120516 1500 0.0555015 0.0511019 
0.400005 0.0122478 1500 0.0556357 9.27528 
0.400006 0.0120691 1500 0.0590709 0.0452615 
0.400006 0.0122305 1500 0.0587993 5.66517 
0.400006 0.0120574 1500 0.0570995 0.118996 
0.277701 0.446569 14.6193 0.10119 0.3548 
0.400006 0.0120488 1500 0.0555015 0.162062 
0.400006 0.0121899 1500 0.0570995 4.01505 
0.400006 0.0120555 1500 0.0555015 0.561442 
0.399736 0.0127139 1500 0.187888 9.27528 
0.399832 0.0126622 1500 0.152731 18.4267 
0.400006 0.0122866 1500 0.0587993 13.5131 
0.400006 0.0120817 1500 0.0587993 0.780043 
0.400006 0.0120669 1500 0.0590709 0.115062 
0.400006 0.0120665 1500 0.0590709 0.138883 
0.400006 0.012294 1500 0.0587993 34.1757 
0.400006 0.012131 1500 0.0570995 2.07295 
0.400006 0.0120486 1500 0.0555015 0.176059 
0.339297 0.328816 30.5309 0.0570995 3.24979 
0.400006 0.0120647 1500 0.0587993 0.177795 
0.400006 0.0121616 1500 0.0556357 3.24979 
0.400006 0.0120685 1500 0.0590709 0.062084 
0.400006 0.0122461 1500 0.0602777 6.16489 
0.399563 0.0127523 1500 0.242503 34.1757 
0.400006 0.0120488 1500 0.0555015 0.162062 
0.400006 0.0120708 1500 0.0596315 0.0676763 
0.400006 0.0122708 1500 0.0587993 9.86399 
0.400006 0.0120503 1500 0.0556357 0.3548 
0.400006 0.0120584 1500 0.0570995 0.0838413 
0.400006 0.0120512 1500 0.0555015 0.0638232 
0.29106 0.434519 16.052 0.0590709 0.162062 
0.400006 0.0122175 1500 0.0577762 5.22471 
0.400006 0.0121342 1500 0.0555015 2.40715 
0.400006 0.0120505 1500 0.0556357 0.3548 
0.400006 0.0122799 1500 0.0556357 25.1737 
0.400006 0.0121796 1500 0.0556357 3.95578 
0.400006 0.0120767 1500 0.0587993 0.667962 
0.399794 0.0126881 1500 0.167293 12.4487 
0.400006 0.0120658 1500 0.0587993 0.106416 
0.400006 0.0121506 1500 0.0555015 2.90322 
0.399915 0.0125549 1500 0.11797 15.2534 
0.400006 0.0122416 1500 0.0552582 8.7486 
0.400006 0.0121302 1500 0.0587993 1.82335 
0.400006 0.0120504 1500 0.0556357 0.3548 
0.400006 0.0122666 1500 0.0555015 13.5131 
0.400006 0.0120496 1500 0.0555015 0.115062 
0.400006 0.0120677 1500 0.0587993 0.417163 
0.400006 0.0122053 1500 0.0570995 4.76456 
0.400006 0.0120665 1500 0.0590709 0.138883 
0.400006 0.0120507 1500 0.0552582 0.0445011 
0.400006 0.0122483 1500 0.0577762 7.6944 
0.400006 0.0122431 1500 0.0570995 7.57408 
0.400006 0.0120688 1500 0.0596315 0.162534 
0.400006 0.0122426 1500 0.0570995 7.52538 
0.400006 0.0120521 1500 0.0556357 0.056997 
0.400006 0.0120523 1500 0.0562279 0.177795 
0.400006 0.0122614 1500 0.0552582 12.4487 
0.400006 0.0120567 1500 0.0570995 0.160465 
0.400006 0.0120668 1500 0.0590709 0.123132 
0.400006 0.0120507 1500 0.0552582 0.0445011 
0.400006 0.0120496 1500 0.0555015 0.1171 
0.400006 0.0120647 1500 0.0587993 0.177795 
0.399935 0.0125144 1500 0.107938 34.1757 
0.400006 0.0122035 1500 0.0555015 5.22471 
0.400006 0.0122235 1500 0.0587993 5.22471 
0.379536 0.160809 90.439 0.0590709 5.22471 
0.400006 0.012049 1500 0.0552582 0.0924699 
0.399961 0.0124462 1500 0.0946053 9.7321 
0.400006 0.0122732 1500 0.0602777 8.91625 
0.400006 0.0120499 1500 0.0552582 0.420445 
0.400006 0.0120503 1500 0.0552582 0.0551828 
0.400006 0.0122683 1500 0.0587993 9.43954 
0.400006 0.0122466 1500 0.0552582 9.43954 
0.400006 0.0120648 1500 0.0587993 0.177795 
0.400006 0.0122443 1500 0.0570995 7.6944 
