0.361799 0.121101 1500 8.1504 1500 
0.273933 0.418442 1500 2.80124 1500 
0.249026 0.466407 1500 2.30644 1500 
0.220665 0.503636 1500 1.87475 1500 
0.239141 0.481395 1500 2.143 1500 
0.191879 0.52519 1500 1.53001 1500 
0.286162 0.389702 1500 3.10255 1500 
0.251391 0.462437 1500 2.34794 1500 
0.212115 0.511595 1500 1.76422 1500 
0.212115 0.511727 1500 1.76422 1500 
0.286367 0.389132 1500 3.10796 1500 
0.220319 0.503958 1500 1.87013 1500 
0.257008 0.452615 1500 2.45069 1500 
0.366447 0.0831714 1500 10.2375 1500 
0.305178 0.337215 1500 3.68455 1500 
0.257008 0.452626 1500 2.45069 1500 
0.257008 0.452715 1500 2.45069 1500 
0.222948 0.5013 1500 1.90561 1500 
0.20403 0.517947 1500 1.66638 1500 
0.20403 0.517949 1500 1.66638 1500 
0.22032 0.503987 1500 1.87013 1500 
0.25983 0.447459 1500 2.50466 1500 
0.2086 0.514578 1500 1.72093 1500 
0.220319 0.504027 1500 1.87013 1500 
0.333951 0.240706 1500 5.02909 1500 
0.286538 0.38873 1500 3.11259 1500 
0.212115 0.511637 1500 1.76422 1500 
0.362333 0.118067 1500 8.28354 1500 
0.191878 0.525193 1500 1.53001 1500 
0.242898 0.475861 1500 2.20329 1500 
0.220319 0.503967 1500 1.87013 1500 
0.251391 0.462599 1500 2.34794 1500 
0.212115 0.511643 1500 1.76422 1500 
0.307392 0.330374 1500 3.76386 1500 
0.349332 0.179917 1500 6.26051 1500 
0.212115 0.511681 1500 1.76422 1500 
0.220319 0.504066 1500 1.87013 1500 
0.28654 0.388479 1500 3.11259 1500 
0.257008 0.452615 1500 2.45069 1500 
0.220319 0.504024 1500 1.87013 1500 
0.20403 0.517955 1500 1.66638 1500 
0.322065 0.282849 1500 4.37733 1500 
0.366441 0.0832145 1500 10.2375 1500 
0.301112 0.349176 1500 3.54558 1500 
0.240493 0.479404 1500 2.16445 1500 
0.22032 0.504147 1500 1.87013 1500 
0.257008 0.452781 1500 2.45069 1500 
0.341272 0.212583 1500 5.54041 1500 
0.366474 0.0827734 1500 10.2645 1500 
0.169319 0.531911 1500 1.30511 1500 
0.191878 0.525205 1500 1.53001 1500 
0.220319 0.504042 1500 1.87013 1500 
0.213227 0.510725 1500 1.77817 1500 
0.173169 0.531298 1500 1.34122 1500 
0.249026 0.466418 1500 2.30644 1500 
0.293131 0.371418 1500 3.29737 1500 
0.179845 0.529841 1500 1.40593 1500 
0.362343 0.117822 1500 8.28354 1500 
0.290316 0.378885 1500 3.21632 1500 
0.186232 0.527609 1500 1.47053 1500 
0.20403 0.517953 1500 1.66638 1500 
0.213227 0.510693 1500 1.77817 1500 
0.25983 0.447456 1500 2.50466 1500 
0.249026 0.466409 1500 2.30644 1500 
0.307393 0.33051 1500 3.76386 1500 
0.25139 0.462485 1500 2.34794 1500 
0.352001 0.168653 1500 6.55546 1500 
0.2086 0.514571 1500 1.72093 1500 
0.179844 0.529783 1500 1.40593 1500 
0.307392 0.330266 1500 3.76386 1500 
0.239141 0.481285 1500 2.143 1500 
0.257007 0.452769 1500 2.45069 1500 
0.159645 0.532288 1500 1.21797 1500 
0.179845 0.529814 1500 1.40593 1500 
0.22032 0.504113 1500 1.87013 1500 
0.256028 0.454354 1500 2.43232 1500 
0.212115 0.511646 1500 1.76422 1500 
0.361788 0.121131 1500 8.1504 1500 
0.366449 0.0828686 1500 10.2645 1500 
0.183848 0.528506 1500 1.4461 1500 
0.212115 0.511694 1500 1.76422 1500 
0.186232 0.527628 1500 1.47053 1500 
0.273932 0.418422 1500 2.80124 1500 
0.286537 0.388861 1500 3.11259 1500 
0.362006 0.119815 1500 8.19888 1500 
0.191879 0.525175 1500 1.53001 1500 
0.340592 0.215244 1500 5.4879 1500 
0.20403 0.517976 1500 1.66638 1500 
0.179845 0.529836 1500 1.40593 1500 
0.307392 0.330437 1500 3.76386 1500 
0.179845 0.529829 1500 1.40593 1500 
0.277372 0.410907 1500 2.88139 1500 
0.220319 0.504026 1500 1.87013 1500 
0.286163 0.389648 1500 3.10255 1500 
0.212115 0.511711 1500 1.76422 1500 
0.191878 0.525198 1500 1.53001 1500 
0.286162 0.38952 1500 3.10255 1500 
0.18844 0.526729 1500 1.49351 1500 
0.169319 0.53194 1500 1.30511 1500 
0.234551 0.487361 1500 2.07217 1500 
0.351115 0.172439 1500 6.45478 1500 
0.306493 0.333119 1500 3.73131 1500 
0.330282 0.25386 1500 4.8082 1500 
0.23914 0.48142 1500 2.143 1500 
0.243771 0.474678 1500 2.21762 1500 
0.212115 0.511583 1500 1.76422 1500 
0.23914 0.481397 1500 2.143 1500 
0.36413 0.106461 1500 8.82829 1500 
0.2086 0.514565 1500 1.72093 1500 
0.290317 0.378857 1500 3.21632 1500 
0.351997 0.168675 1500 6.55546 1500 
0.25983 0.447557 1500 2.50466 1500 
0.220319 0.503873 1500 1.87013 1500 
0.16932 0.531914 1500 1.30511 1500 
0.220664 0.503709 1500 1.87475 1500 
0.220319 0.504078 1500 1.87013 1500 
0.212115 0.511714 1500 1.76422 1500 
0.186232 0.527642 1500 1.47053 1500 
0.222947 0.501349 1500 1.90561 1500 
0.340591 0.215236 1500 5.4879 1500 
0.239141 0.48121 1500 2.143 1500 
0.239141 0.481185 1500 2.143 1500 
0.257008 0.452656 1500 2.45069 1500 
0.305184 0.336992 1500 3.68455 1500 
0.257007 0.452834 1500 2.45069 1500 
0.276816 0.412048 1500 2.86815 1500 
0.22032 0.504081 1500 1.87013 1500 
0.18844 0.526762 1500 1.49351 1500 
0.249027 0.46627 1500 2.30644 1500 
0.25139 0.462472 1500 2.34794 1500 
0.179845 0.529775 1500 1.40593 1500 
0.220319 0.50409 1500 1.87013 1500 
0.183848 0.528482 1500 1.4461 1500 
0.249026 0.466372 1500 2.30644 1500 
0.277372 0.410965 1500 2.88139 1500 
0.366055 0.0890521 1500 9.83301 1500 
0.231346 0.491602 1500 2.02445 1500 
0.2086 0.514566 1500 1.72093 1500 
0.179845 0.529789 1500 1.40593 1500 
0.257007 0.452659 1500 2.45069 1500 
0.273933 0.418673 1500 2.80124 1500 
0.276041 0.413993 1500 2.84999 1500 
0.179845 0.52978 1500 1.40593 1500 
0.276042 0.413933 1500 2.84999 1500 
0.204029 0.517954 1500 1.66638 1500 
0.212115 0.511551 1500 1.76422 1500 
0.220319 0.504024 1500 1.87013 1500 
0.276816 0.412135 1500 2.86815 1500 
0.220319 0.504049 1500 1.87013 1500 
0.179845 0.529802 1500 1.40593 1500 
0.307395 0.330171 1500 3.76386 1500 
0.179845 0.529862 1500 1.40593 1500 
0.25139 0.462588 1500 2.34794 1500 
0.23914 0.481394 1500 2.143 1500 
0.25983 0.447471 1500 2.50466 1500 
0.293134 0.371382 1500 3.29737 1500 
0.256027 0.454451 1500 2.43232 1500 
0.286541 0.388457 1500 3.11259 1500 
0.341045 0.213601 1500 5.52319 1500 
0.3637 0.109438 1500 8.6854 1500 
0.20403 0.517977 1500 1.66638 1500 
0.273932 0.418589 1500 2.80124 1500 
0.25139 0.462571 1500 2.34794 1500 
0.191879 0.525129 1500 1.53001 1500 
0.180111 0.529703 1500 1.40857 1500 
0.191879 0.525127 1500 1.53001 1500 
0.212114 0.511678 1500 1.76422 1500 
0.179845 0.529796 1500 1.40593 1500 
0.204029 0.517986 1500 1.66638 1500 
0.326734 0.266681 1500 4.61258 1500 
0.25983 0.447494 1500 2.50466 1500 
0.186232 0.527671 1500 1.47053 1500 
0.191878 0.52516 1500 1.53001 1500 
0.201831 0.519443 1500 1.6408 1500 
0.186232 0.527631 1500 1.47053 1500 
0.159645 0.532317 1500 1.21797 1500 
0.245252 0.472222 1500 2.24218 1500 
0.259831 0.447368 1500 2.50466 1500 
0.361821 0.120921 1500 8.1504 1500 
0.179845 0.529799 1500 1.40593 1500 
0.22032 0.504098 1500 1.87013 1500 
0.212115 0.511679 1500 1.76422 1500 
0.220319 0.504059 1500 1.87013 1500 
0.191879 0.525164 1500 1.53001 1500 
0.255808 0.454882 1500 2.42825 1500 
0.179845 0.529789 1500 1.40593 1500 
0.212115 0.511643 1500 1.76422 1500 
0.361794 0.121109 1500 8.1504 1500 
0.251391 0.462545 1500 2.34794 1500 
0.322064 0.282905 1500 4.37733 1500 
0.186232 0.527659 1500 1.47053 1500 
0.220319 0.504106 1500 1.87013 1500 
0.23914 0.48137 1500 2.143 1500 
0.249026 0.466485 1500 2.30644 1500 
0.249026 0.466385 1500 2.30644 1500 
0.16932 0.531892 1500 1.30511 1500 
0.220319 0.503943 1500 1.87013 1500 
0.22032 0.50402 1500 1.87013 1500 
0.251391 0.462472 1500 2.34794 1500 
0.212115 0.511669 1500 1.76422 1500 
0.2086 0.514487 1500 1.72093 1500 
0.220665 0.503553 1500 1.87475 1500 
0.244033 0.474141 1500 2.22192 1500 
0.242898 0.475881 1500 2.20329 1500 
0.307392 0.330386 1500 3.76386 1500 
0.179845 0.529826 1500 1.40593 1500 
0.256027 0.454375 1500 2.43232 1500 
0.305183 0.337044 1500 3.68455 1500 
0.361805 0.121094 1500 8.1504 1500 
0.2086 0.514512 1500 1.72093 1500 
0.332564 0.245506 1500 4.94349 1500 
0.251392 0.462387 1500 2.34794 1500 
0.220319 0.504113 1500 1.87013 1500 
0.25983 0.447436 1500 2.50466 1500 
0.204029 0.517995 1500 1.66638 1500 
0.234551 0.487537 1500 2.07217 1500 
0.179844 0.529815 1500 1.40593 1500 
0.179844 0.529778 1500 1.40593 1500 
0.340585 0.215415 1500 5.4879 1500 
0.341053 0.213525 1500 5.52319 1500 
0.2086 0.514613 1500 1.72093 1500 
0.20403 0.517927 1500 1.66638 1500 
0.18844 0.526771 1500 1.49351 1500 
0.18844 0.526717 1500 1.49351 1500 
0.351279 0.171729 1500 6.47113 1500 
0.341055 0.213504 1500 5.52319 1500 
0.35201 0.168603 1500 6.55546 1500 
0.286162 0.389616 1500 3.10255 1500 
0.34106 0.21342 1500 5.52319 1500 
0.286163 0.389544 1500 3.10255 1500 
0.319713 0.29094 1500 4.26726 1500 
0.179845 0.529797 1500 1.40593 1500 
0.186232 0.527603 1500 1.47053 1500 
0.290314 0.378903 1500 3.21632 1500 
0.251391 0.462512 1500 2.34794 1500 
0.257008 0.452743 1500 2.45069 1500 
0.179844 0.529811 1500 1.40593 1500 
0.319709 0.291024 1500 4.26726 1500 
0.20403 0.517973 1500 1.66638 1500 
0.179844 0.529828 1500 1.40593 1500 
0.288911 0.382369 1500 3.1771 1500 
0.307392 0.330227 1500 3.76386 1500 
0.179845 0.529783 1500 1.40593 1500 
0.239141 0.48142 1500 2.143 1500 
0.322064 0.282669 1500 4.37733 1500 
0.213227 0.510638 1500 1.77817 1500 
0.257008 0.452705 1500 2.45069 1500 
0.212115 0.511653 1500 1.76422 1500 
0.2086 0.514539 1500 1.72093 1500 
0.257008 0.452806 1500 2.45069 1500 
0.20403 0.517972 1500 1.66638 1500 
0.16932 0.531905 1500 1.30511 1500 
0.212115 0.511746 1500 1.76422 1500 
0.220319 0.504141 1500 1.87013 1500 
0.179845 0.529837 1500 1.40593 1500 
0.305184 0.33684 1500 3.68455 1500 
0.251855 0.461702 1500 2.35621 1500 
0.25139 0.462566 1500 2.34794 1500 
0.249026 0.466394 1500 2.30644 1500 
0.220665 0.503664 1500 1.87475 1500 
0.243772 0.474525 1500 2.21762 1500 
0.2086 0.514546 1500 1.72093 1500 
0.179844 0.529817 1500 1.40593 1500 
0.213227 0.510642 1500 1.77817 1500 
0.220665 0.503628 1500 1.87475 1500 
0.256028 0.454466 1500 2.43232 1500 
0.273932 0.418581 1500 2.80124 1500 
0.212115 0.51167 1500 1.76422 1500 
0.186232 0.52757 1500 1.47053 1500 
0.179845 0.529793 1500 1.40593 1500 
0.169392 0.531852 1500 1.30579 1500 
0.220319 0.503981 1500 1.87013 1500 
0.244032 0.474265 1500 2.22192 1500 
0.257008 0.452591 1500 2.45069 1500 
0.159645 0.532259 1500 1.21797 1500 
0.297832 0.358542 1500 3.44005 1500 
0.306492 0.333268 1500 3.73131 1500 
0.220319 0.504034 1500 1.87013 1500 
0.242898 0.475819 1500 2.20329 1500 
0.249026 0.466382 1500 2.30644 1500 
0.183848 0.528566 1500 1.4461 1500 
0.286539 0.388737 1500 3.11259 1500 
0.202068 0.519323 1500 1.64353 1500 
0.159645 0.532302 1500 1.21797 1500 
0.20403 0.517993 1500 1.66638 1500 
0.20403 0.517924 1500 1.66638 1500 
0.239141 0.48115 1500 2.143 1500 
0.307392 0.330297 1500 3.76386 1500 
0.240494 0.479292 1500 2.16445 1500 
0.212115 0.511709 1500 1.76422 1500 
0.276043 0.413689 1500 2.84999 1500 
0.18844 0.526725 1500 1.49351 1500 
0.2086 0.514489 1500 1.72093 1500 
0.257008 0.45265 1500 2.45069 1500 
0.257009 0.452463 1500 2.45069 1500 
0.257008 0.452763 1500 2.45069 1500 
0.179845 0.529806 1500 1.40593 1500 
0.318973 0.293397 1500 4.23379 1500 
0.212114 0.511723 1500 1.76422 1500 
0.220319 0.504124 1500 1.87013 1500 
0.220665 0.503702 1500 1.87475 1500 
0.316237 0.302435 1500 4.11361 1500 
0.212115 0.511738 1500 1.76422 1500 
0.179845 0.529774 1500 1.40593 1500 
0.212115 0.511677 1500 1.76422 1500 
0.204029 0.517999 1500 1.66638 1500 
0.2086 0.514573 1500 1.72093 1500 
0.257009 0.452646 1500 2.45069 1500 
0.276043 0.413939 1500 2.84999 1500 
0.220319 0.503968 1500 1.87013 1500 
0.234551 0.487604 1500 2.07217 1500 
0.212115 0.511621 1500 1.76422 1500 
0.20403 0.518016 1500 1.66638 1500 
0.361806 0.121086 1500 8.1504 1500 
0.276041 0.414005 1500 2.84999 1500 
0.249026 0.466458 1500 2.30644 1500 
0.2086 0.514518 1500 1.72093 1500 
0.20403 0.517968 1500 1.66638 1500 
0.191879 0.525108 1500 1.53001 1500 
0.35156 0.170395 1500 6.50667 1500 
0.32467 0.273835 1500 4.50551 1500 
0.191878 0.525132 1500 1.53001 1500 
0.180111 0.529711 1500 1.40857 1500 
0.220665 0.503512 1500 1.87475 1500 
0.340588 0.215328 1500 5.4879 1500 
0.244033 0.474169 1500 2.22192 1500 
0.18844 0.526732 1500 1.49351 1500 
0.20403 0.517951 1500 1.66638 1500 
0.220319 0.503983 1500 1.87013 1500 
0.20403 0.518018 1500 1.66638 1500 
0.341034 0.213705 1500 5.52319 1500 
0.20403 0.517989 1500 1.66638 1500 
0.179844 0.529791 1500 1.40593 1500 
0.361985 0.119866 1500 8.19888 1500 
0.286163 0.389592 1500 3.10255 1500 
0.220665 0.503602 1500 1.87475 1500 
0.179845 0.529816 1500 1.40593 1500 
0.286163 0.389614 1500 3.10255 1500 
0.173169 0.531341 1500 1.34122 1500 
0.259832 0.447349 1500 2.50466 1500 
0.36648 0.0825108 1500 10.2908 1500 
0.340591 0.215284 1500 5.4879 1500 
0.364985 0.099834 1500 9.17982 1500 
0.22032 0.504092 1500 1.87013 1500 
0.18844 0.526677 1500 1.49351 1500 
0.212115 0.511695 1500 1.76422 1500 
0.231346 0.49163 1500 2.02445 1500 
0.20403 0.518007 1500 1.66638 1500 
0.220665 0.503624 1500 1.87475 1500 
0.239141 0.481313 1500 2.143 1500 
0.319713 0.291014 1500 4.26726 1500 
0.340906 0.21418 1500 5.51156 1500 
0.2086 0.51446 1500 1.72093 1500 
0.286539 0.38873 1500 3.11259 1500 
0.191878 0.525173 1500 1.53001 1500 
0.220319 0.504052 1500 1.87013 1500 
0.277374 0.410907 1500 2.88139 1500 
0.220319 0.504059 1500 1.87013 1500 
0.16932 0.531896 1500 1.30511 1500 
0.276817 0.412045 1500 2.86815 1500 
0.220665 0.503701 1500 1.87475 1500 
0.20403 0.518007 1500 1.66638 1500 
0.22032 0.503942 1500 1.87013 1500 
0.286163 0.389503 1500 3.10255 1500 
0.18844 0.526764 1500 1.49351 1500 
0.255808 0.454721 1500 2.42825 1500 
0.20403 0.517939 1500 1.66638 1500 
0.220319 0.504069 1500 1.87013 1500 
0.179845 0.529798 1500 1.40593 1500 
0.220319 0.504003 1500 1.87013 1500 
0.2086 0.514544 1500 1.72093 1500 
0.212114 0.511618 1500 1.76422 1500 
0.212115 0.511736 1500 1.76422 1500 
0.22032 0.504032 1500 1.87013 1500 
0.212115 0.511695 1500 1.76422 1500 
0.212115 0.511671 1500 1.76422 1500 
0.361996 0.119859 1500 8.19888 1500 
0.183848 0.5285 1500 1.4461 1500 
0.191879 0.52519 1500 1.53001 1500 
0.179844 0.529787 1500 1.40593 1500 
0.28616 0.389795 1500 3.10255 1500 
0.191879 0.525153 1500 1.53001 1500 
0.255808 0.454854 1500 2.42825 1500 
0.20403 0.517945 1500 1.66638 1500 
0.204029 0.517975 1500 1.66638 1500 
0.186232 0.52759 1500 1.47053 1500 
0.242897 0.475961 1500 2.20329 1500 
0.22032 0.504024 1500 1.87013 1500 
0.249026 0.466313 1500 2.30644 1500 
0.212115 0.511761 1500 1.76422 1500 
0.20403 0.517934 1500 1.66638 1500 
0.2086 0.514598 1500 1.72093 1500 
0.159645 0.532288 1500 1.21797 1500 
0.201832 0.519457 1500 1.6408 1500 
0.159645 0.532334 1500 1.21797 1500 
0.220319 0.504075 1500 1.87013 1500 
0.351588 0.170318 1500 6.50667 1500 
0.18844 0.526726 1500 1.49351 1500 
0.20403 0.517907 1500 1.66638 1500 
0.239141 0.481361 1500 2.143 1500 
0.326728 0.26674 1500 4.61258 1500 
0.212115 0.51159 1500 1.76422 1500 
0.16932 0.5319 1500 1.30511 1500 
0.179844 0.529775 1500 1.40593 1500 
0.340584 0.215332 1500 5.4879 1500 
0.276043 0.413701 1500 2.84999 1500 
0.22032 0.503971 1500 1.87013 1500 
0.212115 0.511654 1500 1.76422 1500 
0.277372 0.410907 1500 2.88139 1500 
0.220319 0.504068 1500 1.87013 1500 
0.159645 0.532312 1500 1.21797 1500 
0.244032 0.474282 1500 2.22192 1500 
0.303154 0.343224 1500 3.61448 1500 
0.220665 0.503601 1500 1.87475 1500 
0.212115 0.511723 1500 1.76422 1500 
0.212115 0.511653 1500 1.76422 1500 
0.183848 0.52853 1500 1.4461 1500 
0.191879 0.525169 1500 1.53001 1500 
0.305183 0.337141 1500 3.68455 1500 
0.179844 0.529793 1500 1.40593 1500 
0.183848 0.528585 1500 1.4461 1500 
0.247724 0.468454 1500 2.28402 1500 
0.179845 0.529791 1500 1.40593 1500 
0.191879 0.525117 1500 1.53001 1500 
0.213228 0.510748 1500 1.77817 1500 
0.324371 0.274918 1500 4.49067 1500 
0.23914 0.481351 1500 2.143 1500 
0.179844 0.529777 1500 1.40593 1500 
0.220319 0.504125 1500 1.87013 1500 
0.276815 0.412112 1500 2.86815 1500 
0.286164 0.389468 1500 3.10255 1500 
0.2086 0.51444 1500 1.72093 1500 
0.212115 0.511698 1500 1.76422 1500 
0.239141 0.481378 1500 2.143 1500 
0.257008 0.452809 1500 2.45069 1500 
0.179845 0.529778 1500 1.40593 1500 
0.220319 0.504072 1500 1.87013 1500 
0.276043 0.413818 1500 2.84999 1500 
0.213227 0.510676 1500 1.77817 1500 
0.251391 0.462548 1500 2.34794 1500 
0.220319 0.504064 1500 1.87013 1500 
0.239141 0.481254 1500 2.143 1500 
0.2086 0.514596 1500 1.72093 1500 
0.179845 0.529782 1500 1.40593 1500 
0.276043 0.413736 1500 2.84999 1500 
0.276043 0.413696 1500 2.84999 1500 
0.239141 0.481414 1500 2.143 1500 
0.290045 0.379505 1500 3.20873 1500 
0.257008 0.452705 1500 2.45069 1500 
0.365907 0.0914085 1500 9.68525 1500 
0.16932 0.531941 1500 1.30511 1500 
0.23914 0.48135 1500 2.143 1500 
0.212115 0.511711 1500 1.76422 1500 
0.23914 0.481228 1500 2.143 1500 
0.351587 0.170388 1500 6.50667 1500 
0.213227 0.510653 1500 1.77817 1500 
0.191879 0.525195 1500 1.53001 1500 
0.351273 0.171732 1500 6.47113 1500 
0.22032 0.504009 1500 1.87013 1500 
0.360819 0.126594 1500 7.92433 1500 
0.179845 0.529776 1500 1.40593 1500 
0.159645 0.532323 1500 1.21797 1500 
0.212115 0.511642 1500 1.76422 1500 
0.239141 0.481331 1500 2.143 1500 
0.16932 0.531887 1500 1.30511 1500 
0.179844 0.529799 1500 1.40593 1500 
0.179844 0.529796 1500 1.40593 1500 
0.251392 0.462426 1500 2.34794 1500 
0.179844 0.529793 1500 1.40593 1500 
0.239141 0.481328 1500 2.143 1500 
0.191879 0.525059 1500 1.53001 1500 
0.212115 0.511643 1500 1.76422 1500 
0.341473 0.211732 1500 5.55552 1500 
0.2086 0.514467 1500 1.72093 1500 
0.2086 0.51455 1500 1.72093 1500 
0.18844 0.526778 1500 1.49351 1500 
0.191878 0.525173 1500 1.53001 1500 
0.220665 0.50374 1500 1.87475 1500 
0.212115 0.511739 1500 1.76422 1500 
0.258944 0.449039 1500 2.48754 1500 
0.186232 0.527568 1500 1.47053 1500 
0.244033 0.474209 1500 2.22192 1500 
0.286539 0.38865 1500 3.11259 1500 
0.220319 0.503994 1500 1.87013 1500 
0.249027 0.466417 1500 2.30644 1500 
0.20403 0.517923 1500 1.66638 1500 
0.249026 0.466327 1500 2.30644 1500 
0.305184 0.337141 1500 3.68455 1500 
0.186232 0.527617 1500 1.47053 1500 
0.20403 0.51796 1500 1.66638 1500 
0.212115 0.511665 1500 1.76422 1500 
0.276816 0.412073 1500 2.86815 1500 
0.234551 0.487588 1500 2.07217 1500 
0.222948 0.501349 1500 1.90561 1500 
0.306492 0.333294 1500 3.73131 1500 
0.324668 0.274016 1500 4.50551 1500 
0.257008 0.452477 1500 2.45069 1500 
0.361987 0.119867 1500 8.19888 1500 
0.179844 0.529791 1500 1.40593 1500 
0.324667 0.273996 1500 4.50551 1500 
0.220319 0.504088 1500 1.87013 1500 
0.202068 0.519371 1500 1.64353 1500 
0.322063 0.283038 1500 4.37733 1500 
0.220665 0.503689 1500 1.87475 1500 
0.30518 0.337204 1500 3.68455 1500 
0.324669 0.273845 1500 4.50551 1500 
0.179844 0.529789 1500 1.40593 1500 
0.273933 0.418525 1500 2.80124 1500 
0.220319 0.504067 1500 1.87013 1500 
0.20403 0.517901 1500 1.66638 1500 
0.351262 0.171739 1500 6.47113 1500 
0.220319 0.503966 1500 1.87013 1500 
0.239141 0.481415 1500 2.143 1500 
0.220319 0.504062 1500 1.87013 1500 
0.2086 0.51451 1500 1.72093 1500 
0.179844 0.529787 1500 1.40593 1500 
0.293137 0.371366 1500 3.29737 1500 
0.245232 0.472528 1500 2.24187 1500 
0.23455 0.487676 1500 2.07217 1500 
0.20403 0.51794 1500 1.66638 1500 
0.257008 0.452551 1500 2.45069 1500 
0.179844 0.529799 1500 1.40593 1500 
0.212115 0.511677 1500 1.76422 1500 
0.249027 0.466332 1500 2.30644 1500 
0.244033 0.474253 1500 2.22192 1500 
0.242898 0.475897 1500 2.20329 1500 
0.220319 0.504076 1500 1.87013 1500 
0.191879 0.525154 1500 1.53001 1500 
0.20403 0.517895 1500 1.66638 1500 
0.212115 0.511586 1500 1.76422 1500 
0.244032 0.474277 1500 2.22192 1500 
0.2086 0.514509 1500 1.72093 1500 
0.220665 0.50371 1500 1.87475 1500 
0.20403 0.51797 1500 1.66638 1500 
0.2086 0.514565 1500 1.72093 1500 
0.191879 0.525209 1500 1.53001 1500 
0.318977 0.293264 1500 4.23379 1500 
0.212115 0.511717 1500 1.76422 1500 
0.222948 0.501304 1500 1.90561 1500 
0.180111 0.529625 1500 1.40857 1500 
0.20403 0.517978 1500 1.66638 1500 
0.251391 0.462431 1500 2.34794 1500 
0.366568 0.0794087 1500 10.5197 1500 
0.191878 0.525136 1500 1.53001 1500 
0.186232 0.527571 1500 1.47053 1500 
0.244033 0.474224 1500 2.22192 1500 
0.179845 0.529829 1500 1.40593 1500 
0.179845 0.529807 1500 1.40593 1500 
0.18844 0.526714 1500 1.49351 1500 
0.2086 0.514481 1500 1.72093 1500 
0.18844 0.526694 1500 1.49351 1500 
0.317938 0.296787 1500 4.18757 1500 
0.286539 0.388742 1500 3.11259 1500 
0.297832 0.358445 1500 3.44005 1500 
0.182419 0.529007 1500 1.43164 1500 
0.361822 0.120944 1500 8.1504 1500 
0.2086 0.514536 1500 1.72093 1500 
0.220665 0.50367 1500 1.87475 1500 
0.359508 0.133545 1500 7.65921 1500 
0.20403 0.517928 1500 1.66638 1500 
0.179844 0.52978 1500 1.40593 1500 
0.297831 0.358547 1500 3.44005 1500 
0.173169 0.531336 1500 1.34122 1500 
0.222948 0.501325 1500 1.90561 1500 
0.16932 0.531897 1500 1.30511 1500 
0.249027 0.466413 1500 2.30644 1500 
0.20403 0.517974 1500 1.66638 1500 
0.220665 0.503697 1500 1.87475 1500 
0.183848 0.528516 1500 1.4461 1500 
0.179845 0.529791 1500 1.40593 1500 
0.242898 0.475957 1500 2.20329 1500 
0.36414 0.106359 1500 8.82829 1500 
0.286161 0.38971 1500 3.10255 1500 
0.239141 0.481214 1500 2.143 1500 
0.204029 0.517954 1500 1.66638 1500 
0.20403 0.51801 1500 1.66638 1500 
0.23455 0.48753 1500 2.07217 1500 
0.20403 0.517858 1500 1.66638 1500 
0.239141 0.48134 1500 2.143 1500 
0.249026 0.466501 1500 2.30644 1500 
0.249026 0.466408 1500 2.30644 1500 
0.249026 0.466125 1500 2.30644 1500 
0.25139 0.462483 1500 2.34794 1500 
0.191879 0.525164 1500 1.53001 1500 
0.23914 0.4813 1500 2.143 1500 
0.242899 0.475898 1500 2.20329 1500 
0.286164 0.389498 1500 3.10255 1500 
0.213226 0.510815 1500 1.77817 1500 
0.159645 0.532325 1500 1.21797 1500 
0.256028 0.454235 1500 2.43232 1500 
0.20403 0.517958 1500 1.66638 1500 
0.179845 0.529781 1500 1.40593 1500 
0.250391 0.464079 1500 2.33029 1500 
0.173169 0.531324 1500 1.34122 1500 
0.20403 0.517982 1500 1.66638 1500 
0.366073 0.089032 1500 9.83301 1500 
0.2086 0.514582 1500 1.72093 1500 
0.243771 0.474544 1500 2.21762 1500 
0.366422 0.0832164 1500 10.2375 1500 
0.221886 0.502496 1500 1.89119 1500 
0.234551 0.487413 1500 2.07217 1500 
0.29637 0.362764 1500 3.39455 1500 
0.256027 0.454366 1500 2.43232 1500 
0.362312 0.11807 1500 8.28354 1500 
0.212115 0.511667 1500 1.76422 1500 
0.2086 0.514553 1500 1.72093 1500 
0.16932 0.531877 1500 1.30511 1500 
0.179844 0.529785 1500 1.40593 1500 
0.256025 0.454525 1500 2.43232 1500 
0.2086 0.514576 1500 1.72093 1500 
0.286538 0.38858 1500 3.11259 1500 
0.239141 0.481349 1500 2.143 1500 
0.179845 0.529817 1500 1.40593 1500 
0.159645 0.532308 1500 1.21797 1500 
0.22032 0.504031 1500 1.87013 1500 
0.179844 0.529824 1500 1.40593 1500 
0.179845 0.529784 1500 1.40593 1500 
0.191878 0.525201 1500 1.53001 1500 
0.286163 0.389574 1500 3.10255 1500 
0.179845 0.529797 1500 1.40593 1500 
0.212115 0.51173 1500 1.76422 1500 
0.293132 0.371434 1500 3.29737 1500 
0.16932 0.531917 1500 1.30511 1500 
0.179845 0.529815 1500 1.40593 1500 
0.212115 0.511605 1500 1.76422 1500 
0.341056 0.213428 1500 5.52319 1500 
0.20403 0.517889 1500 1.66638 1500 
0.319716 0.290916 1500 4.26726 1500 
0.212116 0.511608 1500 1.76422 1500 
0.2086 0.514541 1500 1.72093 1500 
0.332559 0.245669 1500 4.94349 1500 
0.212115 0.51173 1500 1.76422 1500 
0.2086 0.514531 1500 1.72093 1500 
0.244205 0.473884 1500 2.22475 1500 
0.169319 0.5319 1500 1.30511 1500 
0.173169 0.531326 1500 1.34122 1500 
0.35158 0.17039 1500 6.50667 1500 
0.234158 0.488077 1500 2.06625 1500 
0.179845 0.529808 1500 1.40593 1500 
0.20403 0.517962 1500 1.66638 1500 
0.220665 0.50374 1500 1.87475 1500 
0.249026 0.466438 1500 2.30644 1500 
0.273932 0.418447 1500 2.80124 1500 
0.186232 0.527616 1500 1.47053 1500 
0.20403 0.517978 1500 1.66638 1500 
0.363725 0.109379 1500 8.6854 1500 
0.242897 0.475944 1500 2.20329 1500 
0.179845 0.529817 1500 1.40593 1500 
0.212115 0.511754 1500 1.76422 1500 
0.191878 0.525196 1500 1.53001 1500 
0.273932 0.418702 1500 2.80124 1500 
0.186232 0.527606 1500 1.47053 1500 
0.186232 0.527603 1500 1.47053 1500 
0.2086 0.514504 1500 1.72093 1500 
0.276042 0.413681 1500 2.84999 1500 
0.222948 0.501322 1500 1.90561 1500 
0.243771 0.474556 1500 2.21762 1500 
0.212115 0.511695 1500 1.76422 1500 
0.176262 0.530641 1500 1.37085 1500 
0.179845 0.529785 1500 1.40593 1500 
0.159645 0.532293 1500 1.21797 1500 
0.220319 0.504068 1500 1.87013 1500 
0.212115 0.511682 1500 1.76422 1500 
0.316237 0.302302 1500 4.11361 1500 
0.202068 0.519252 1500 1.64353 1500 
0.20403 0.517889 1500 1.66638 1500 
0.288908 0.382456 1500 3.1771 1500 
0.239141 0.481349 1500 2.143 1500 
0.179845 0.529797 1500 1.40593 1500 
0.239141 0.481416 1500 2.143 1500 
0.204029 0.517934 1500 1.66638 1500 
0.186232 0.527598 1500 1.47053 1500 
0.239141 0.481301 1500 2.143 1500 
0.239141 0.481283 1500 2.143 1500 
0.212115 0.511692 1500 1.76422 1500 
0.36221 0.118676 1500 8.25085 1500 
0.212115 0.511705 1500 1.76422 1500 
0.18844 0.526751 1500 1.49351 1500 
0.180111 0.529737 1500 1.40857 1500 
0.18844 0.526677 1500 1.49351 1500 
0.191878 0.525174 1500 1.53001 1500 
0.220665 0.503739 1500 1.87475 1500 
0.239141 0.481395 1500 2.143 1500 
0.296371 0.362498 1500 3.39455 1500 
0.179844 0.529814 1500 1.40593 1500 
0.179845 0.529805 1500 1.40593 1500 
0.212115 0.511757 1500 1.76422 1500 
0.212115 0.511722 1500 1.76422 1500 
0.349313 0.179921 1500 6.26051 1500 
0.212115 0.511653 1500 1.76422 1500 
0.20403 0.518006 1500 1.66638 1500 
0.2086 0.514552 1500 1.72093 1500 
0.293134 0.37138 1500 3.29737 1500 
0.20403 0.517956 1500 1.66638 1500 
0.249027 0.466302 1500 2.30644 1500 
0.220665 0.503607 1500 1.87475 1500 
0.212115 0.5117 1500 1.76422 1500 
0.220319 0.504053 1500 1.87013 1500 
0.212115 0.511706 1500 1.76422 1500 
0.220665 0.503648 1500 1.87475 1500 
0.212115 0.511658 1500 1.76422 1500 
0.16932 0.531935 1500 1.30511 1500 
0.179844 0.529823 1500 1.40593 1500 
0.204029 0.517919 1500 1.66638 1500 
0.319721 0.290866 1500 4.26726 1500 
0.361787 0.121122 1500 8.1504 1500 
0.2086 0.514599 1500 1.72093 1500 
0.29031 0.379081 1500 3.21632 1500 
0.239141 0.48134 1500 2.143 1500 
0.288907 0.382472 1500 3.1771 1500 
0.220319 0.504039 1500 1.87013 1500 
0.183848 0.528525 1500 1.4461 1500 
0.179845 0.529807 1500 1.40593 1500 
0.20403 0.517967 1500 1.66638 1500 
0.249026 0.466422 1500 2.30644 1500 
0.212115 0.511658 1500 1.76422 1500 
0.273932 0.418471 1500 2.80124 1500 
0.220319 0.504047 1500 1.87013 1500 
0.25983 0.447357 1500 2.50466 1500 
0.179845 0.529799 1500 1.40593 1500 
0.212115 0.511677 1500 1.76422 1500 
0.179845 0.529837 1500 1.40593 1500 
0.286164 0.389474 1500 3.10255 1500 
0.212115 0.511749 1500 1.76422 1500 
0.296371 0.362481 1500 3.39455 1500 
0.179845 0.529784 1500 1.40593 1500 
0.239141 0.481349 1500 2.143 1500 
0.212114 0.511619 1500 1.76422 1500 
0.251391 0.462394 1500 2.34794 1500 
0.20403 0.517969 1500 1.66638 1500 
0.179845 0.52983 1500 1.40593 1500 
0.20403 0.517917 1500 1.66638 1500 
0.249027 0.466405 1500 2.30644 1500 
0.251391 0.462489 1500 2.34794 1500 
0.16932 0.531851 1500 1.30511 1500 
0.2086 0.514583 1500 1.72093 1500 
0.249026 0.466403 1500 2.30644 1500 
0.240493 0.479498 1500 2.16445 1500 
0.280471 0.403635 1500 2.9565 1500 
0.220319 0.50406 1500 1.87013 1500 
0.180112 0.529736 1500 1.40857 1500 
0.212115 0.511698 1500 1.76422 1500 
0.179845 0.529803 1500 1.40593 1500 
0.179845 0.529814 1500 1.40593 1500 
0.20403 0.518036 1500 1.66638 1500 
0.191879 0.525186 1500 1.53001 1500 
0.286367 0.389003 1500 3.10796 1500 
0.351114 0.172276 1500 6.45478 1500 
0.173169 0.531374 1500 1.34122 1500 
0.280704 0.402675 1500 2.96233 1500 
0.180111 0.529775 1500 1.40857 1500 
0.2086 0.514532 1500 1.72093 1500 
0.366266 0.0865511 1500 9.99923 1500 
0.220319 0.503962 1500 1.87013 1500 
0.362339 0.117942 1500 8.28354 1500 
0.332884 0.244483 1500 4.96318 1500 
0.286164 0.389315 1500 3.10255 1500 
0.22032 0.504027 1500 1.87013 1500 
0.212115 0.511688 1500 1.76422 1500 
0.213227 0.510802 1500 1.77817 1500 
0.18844 0.526739 1500 1.49351 1500 
0.201831 0.519537 1500 1.6408 1500 
0.186232 0.527658 1500 1.47053 1500 
0.212115 0.511671 1500 1.76422 1500 
0.20403 0.517976 1500 1.66638 1500 
0.20403 0.517911 1500 1.66638 1500 
0.257008 0.452573 1500 2.45069 1500 
0.212115 0.511635 1500 1.76422 1500 
0.212115 0.511671 1500 1.76422 1500 
0.222948 0.501235 1500 1.90561 1500 
0.234551 0.48768 1500 2.07217 1500 
0.169319 0.531912 1500 1.30511 1500 
0.198538 0.521549 1500 1.60326 1500 
0.212115 0.511784 1500 1.76422 1500 
0.290312 0.378939 1500 3.21632 1500 
0.2086 0.51443 1500 1.72093 1500 
0.25983 0.447491 1500 2.50466 1500 
0.18844 0.526753 1500 1.49351 1500 
0.191879 0.525204 1500 1.53001 1500 
0.212115 0.511635 1500 1.76422 1500 
0.2086 0.514623 1500 1.72093 1500 
0.20403 0.517919 1500 1.66638 1500 
0.271741 0.423235 1500 2.75197 1500 
0.201831 0.519448 1500 1.6408 1500 
0.361812 0.121072 1500 8.1504 1500 
0.286163 0.389474 1500 3.10255 1500 
0.220665 0.50372 1500 1.87475 1500 
0.220665 0.503506 1500 1.87475 1500 
0.212115 0.511599 1500 1.76422 1500 
0.297833 0.35844 1500 3.44005 1500 
0.159645 0.532299 1500 1.21797 1500 
0.249027 0.466308 1500 2.30644 1500 
0.20403 0.517995 1500 1.66638 1500 
0.186232 0.527663 1500 1.47053 1500 
0.249025 0.466484 1500 2.30644 1500 
0.249026 0.46636 1500 2.30644 1500 
0.220665 0.503728 1500 1.87475 1500 
0.186232 0.527677 1500 1.47053 1500 
0.213227 0.510733 1500 1.77817 1500 
0.239141 0.481438 1500 2.143 1500 
0.20403 0.518045 1500 1.66638 1500 
0.220319 0.504 1500 1.87013 1500 
0.280471 0.403434 1500 2.9565 1500 
0.22032 0.503968 1500 1.87013 1500 
0.286367 0.389257 1500 3.10796 1500 
0.231347 0.49146 1500 2.02445 1500 
0.240492 0.479427 1500 2.16445 1500 
0.191879 0.525123 1500 1.53001 1500 
0.307392 0.330309 1500 3.76386 1500 
0.213227 0.510698 1500 1.77817 1500 
0.316237 0.302468 1500 4.11361 1500 
0.18844 0.526687 1500 1.49351 1500 
0.245251 0.472284 1500 2.24218 1500 
0.16932 0.531901 1500 1.30511 1500 
0.326219 0.26847 1500 4.58561 1500 
0.247727 0.468416 1500 2.28402 1500 
0.179844 0.529817 1500 1.40593 1500 
0.358351 0.139273 1500 7.45073 1500 
0.303159 0.343084 1500 3.61448 1500 
0.249027 0.466355 1500 2.30644 1500 
0.179844 0.52978 1500 1.40593 1500 
0.191879 0.52515 1500 1.53001 1500 
0.2086 0.514562 1500 1.72093 1500 
0.212115 0.511711 1500 1.76422 1500 
0.290045 0.379613 1500 3.20873 1500 
0.288908 0.382615 1500 3.1771 1500 
0.212115 0.511733 1500 1.76422 1500 
0.220319 0.503948 1500 1.87013 1500 
0.179845 0.529826 1500 1.40593 1500 
0.245251 0.472291 1500 2.24218 1500 
0.212115 0.511747 1500 1.76422 1500 
0.179844 0.529792 1500 1.40593 1500 
0.220319 0.503931 1500 1.87013 1500 
0.191879 0.525153 1500 1.53001 1500 
0.220319 0.504113 1500 1.87013 1500 
0.179845 0.529857 1500 1.40593 1500 
0.212115 0.511653 1500 1.76422 1500 
0.20403 0.517934 1500 1.66638 1500 
0.179844 0.52984 1500 1.40593 1500 
0.222947 0.501305 1500 1.90561 1500 
0.220319 0.504115 1500 1.87013 1500 
0.240493 0.479448 1500 2.16445 1500 
0.255807 0.454911 1500 2.42825 1500 
0.361978 0.119943 1500 8.19888 1500 
0.242898 0.475944 1500 2.20329 1500 
0.322065 0.282705 1500 4.37733 1500 
0.18844 0.526769 1500 1.49351 1500 
0.186232 0.527671 1500 1.47053 1500 
0.18844 0.526751 1500 1.49351 1500 
0.2086 0.514549 1500 1.72093 1500 
0.257007 0.452815 1500 2.45069 1500 
0.286539 0.388616 1500 3.11259 1500 
0.20403 0.517953 1500 1.66638 1500 
0.220665 0.503624 1500 1.87475 1500 
0.286539 0.388574 1500 3.11259 1500 
0.212115 0.511681 1500 1.76422 1500 
0.212114 0.511694 1500 1.76422 1500 
0.16932 0.531907 1500 1.30511 1500 
0.257008 0.452746 1500 2.45069 1500 
0.159645 0.532254 1500 1.21797 1500 
0.213227 0.51079 1500 1.77817 1500 
0.208601 0.514643 1500 1.72093 1500 
0.220665 0.503702 1500 1.87475 1500 
0.290046 0.379619 1500 3.20873 1500 
0.2086 0.514565 1500 1.72093 1500 
0.239141 0.48139 1500 2.143 1500 
0.212115 0.51161 1500 1.76422 1500 
0.179845 0.529809 1500 1.40593 1500 
0.2086 0.51452 1500 1.72093 1500 
0.234551 0.487569 1500 2.07217 1500 
0.220319 0.50401 1500 1.87013 1500 
0.239141 0.481304 1500 2.143 1500 
0.2086 0.51451 1500 1.72093 1500 
0.257008 0.452587 1500 2.45069 1500 
0.179845 0.529818 1500 1.40593 1500 
0.255808 0.454607 1500 2.42825 1500 
0.249027 0.466214 1500 2.30644 1500 
0.22032 0.503982 1500 1.87013 1500 
0.220665 0.503622 1500 1.87475 1500 
0.22032 0.503863 1500 1.87013 1500 
0.361975 0.11997 1500 8.19888 1500 
0.286163 0.389522 1500 3.10255 1500 
0.204029 0.517992 1500 1.66638 1500 
0.212115 0.51167 1500 1.76422 1500 
0.330271 0.254083 1500 4.8082 1500 
0.169319 0.531885 1500 1.30511 1500 
0.201188 0.519892 1500 1.63339 1500 
0.286367 0.389087 1500 3.10796 1500 
0.212115 0.511729 1500 1.76422 1500 
0.257008 0.452746 1500 2.45069 1500 
0.2086 0.514576 1500 1.72093 1500 
0.159645 0.532325 1500 1.21797 1500 
0.212115 0.511651 1500 1.76422 1500 
0.213227 0.510632 1500 1.77817 1500 
0.32467 0.273715 1500 4.50551 1500 
0.257008 0.452641 1500 2.45069 1500 
0.222948 0.501265 1500 1.90561 1500 
0.212115 0.511747 1500 1.76422 1500 
0.18844 0.526721 1500 1.49351 1500 
0.159645 0.532298 1500 1.21797 1500 
0.212115 0.511634 1500 1.76422 1500 
0.212115 0.511684 1500 1.76422 1500 
0.18844 0.526691 1500 1.49351 1500 
0.20403 0.517983 1500 1.66638 1500 
0.186232 0.52761 1500 1.47053 1500 
0.191879 0.525153 1500 1.53001 1500 
0.222948 0.501276 1500 1.90561 1500 
0.179845 0.529808 1500 1.40593 1500 
0.212115 0.51159 1500 1.76422 1500 
0.249027 0.466161 1500 2.30644 1500 
0.212115 0.511543 1500 1.76422 1500 
0.212115 0.511717 1500 1.76422 1500 
0.22032 0.504006 1500 1.87013 1500 
0.235879 0.485819 1500 2.09237 1500 
0.18844 0.526713 1500 1.49351 1500 
0.242674 0.476294 1500 2.19964 1500 
0.361783 0.121132 1500 8.1504 1500 
0.220319 0.503977 1500 1.87013 1500 
0.186232 0.527612 1500 1.47053 1500 
0.220319 0.504115 1500 1.87013 1500 
0.245251 0.472489 1500 2.24218 1500 
0.276814 0.41222 1500 2.86815 1500 
0.179845 0.529796 1500 1.40593 1500 
0.212115 0.511704 1500 1.76422 1500 
0.220319 0.504069 1500 1.87013 1500 
0.277375 0.410866 1500 2.88139 1500 
0.220319 0.504013 1500 1.87013 1500 
0.191879 0.525157 1500 1.53001 1500 
0.212115 0.511631 1500 1.76422 1500 
0.191879 0.525205 1500 1.53001 1500 
0.239141 0.481318 1500 2.143 1500 
0.18844 0.526705 1500 1.49351 1500 
0.18844 0.52672 1500 1.49351 1500 
0.239141 0.481293 1500 2.143 1500 
0.180111 0.529704 1500 1.40857 1500 
0.201831 0.519528 1500 1.6408 1500 
0.212115 0.511724 1500 1.76422 1500 
0.2086 0.514541 1500 1.72093 1500 
0.242898 0.475903 1500 2.20329 1500 
0.220319 0.504087 1500 1.87013 1500 
0.220319 0.504043 1500 1.87013 1500 
0.16932 0.53189 1500 1.30511 1500 
0.159645 0.532272 1500 1.21797 1500 
0.20403 0.517975 1500 1.66638 1500 
0.249026 0.466279 1500 2.30644 1500 
0.2086 0.514522 1500 1.72093 1500 
0.213227 0.51069 1500 1.77817 1500 
0.22032 0.504033 1500 1.87013 1500 
0.20403 0.517967 1500 1.66638 1500 
0.330272 0.253935 1500 4.8082 1500 
0.306493 0.332997 1500 3.73131 1500 
0.220319 0.503993 1500 1.87013 1500 
0.179844 0.529816 1500 1.40593 1500 
0.213227 0.510625 1500 1.77817 1500 
0.220319 0.50398 1500 1.87013 1500 
0.220319 0.503997 1500 1.87013 1500 
0.214778 0.50934 1500 1.79784 1500 
0.179845 0.529809 1500 1.40593 1500 
0.179844 0.5298 1500 1.40593 1500 
0.2086 0.514521 1500 1.72093 1500 
0.220665 0.503565 1500 1.87475 1500 
0.249026 0.466277 1500 2.30644 1500 
0.191878 0.52516 1500 1.53001 1500 
0.220665 0.503608 1500 1.87475 1500 
0.240493 0.47929 1500 2.16445 1500 
0.212115 0.511655 1500 1.76422 1500 
0.234551 0.487613 1500 2.07217 1500 
0.169392 0.53183 1500 1.30579 1500 
0.341264 0.212678 1500 5.54041 1500 
0.18844 0.526711 1500 1.49351 1500 
0.2086 0.514585 1500 1.72093 1500 
0.212115 0.511705 1500 1.76422 1500 
0.159645 0.532267 1500 1.21797 1500 
0.159645 0.532314 1500 1.21797 1500 
0.173169 0.53135 1500 1.34122 1500 
0.22032 0.504015 1500 1.87013 1500 
0.220319 0.503868 1500 1.87013 1500 
0.239141 0.481116 1500 2.143 1500 
0.249025 0.466504 1500 2.30644 1500 
0.255808 0.45489 1500 2.42825 1500 
0.273932 0.41859 1500 2.80124 1500 
0.191879 0.525164 1500 1.53001 1500 
0.179845 0.529779 1500 1.40593 1500 
0.2086 0.514539 1500 1.72093 1500 
0.20403 0.517978 1500 1.66638 1500 
0.180111 0.529723 1500 1.40857 1500 
0.277374 0.410876 1500 2.88139 1500 
0.22032 0.50396 1500 1.87013 1500 
0.341459 0.211853 1500 5.55552 1500 
0.220319 0.504082 1500 1.87013 1500 
0.257008 0.452536 1500 2.45069 1500 
0.204029 0.518005 1500 1.66638 1500 
0.183848 0.528461 1500 1.4461 1500 
0.191879 0.525058 1500 1.53001 1500 
0.159645 0.532334 1500 1.21797 1500 
0.244034 0.47421 1500 2.22192 1500 
0.16932 0.531883 1500 1.30511 1500 
0.191879 0.525165 1500 1.53001 1500 
0.220665 0.503586 1500 1.87475 1500 
0.212115 0.511707 1500 1.76422 1500 
