0.997685 0.799955 420.694 100000 100000 
0.962624 1.25177 100000 35.5871 648.925 
0.996988 1.00169 201.18 100000 100000 
0.967123 1.25084 100000 36.625 100000 
0.979593 1.24486 23.6475 100000 100000 
0.993491 1.16573 77.9035 100000 100000 
0.980682 1.24342 25.0225 100000 100000 
0.980303 1.24395 24.5261 100000 100000 
0.99767 0.825609 386.749 100000 100000 
0.993009 1.17452 72.1231 100000 100000 
0.929669 1.25591 726.494 24.678 389.446 
0.993056 1.17371 72.6494 100000 100000 
0.996985 1.00207 200.852 100000 100000 
0.997336 0.948192 250.225 100000 100000 
0.995424 1.11057 115.681 100000 100000 
0.952019 1.25587 100000 24.678 100000 
0.980682 1.24342 25.0225 100000 100000 
0.995496 1.10753 117.85 100000 100000 
0.996873 1.01494 189.824 100000 100000 
0.979593 1.24486 23.6475 100000 100000 
0.995799 1.09339 128.098 100000 100000 
0.99765 0.844378 363.243 100000 100000 
0.996873 1.01494 189.824 100000 100000 
0.99711 0.985728 215.255 100000 100000 
0.99765 0.844378 363.243 100000 100000 
0.983391 1.23845 29.2334 100000 100000 
0.996288 1.06482 149.568 100000 100000 
0.996988 1.00169 201.18 100000 100000 
0.974492 1.24871 18.7884 100000 100000 
0.997258 0.962604 236.475 100000 100000 
0.980303 1.24395 24.5261 100000 100000 
0.997686 0.790918 433.185 100000 100000 
0.995398 1.11163 114.925 100000 100000 
0.995002 1.12652 104.455 100000 100000 
0.996029 1.08094 137.32 100000 100000 
0.997309 0.953345 245.261 100000 100000 
0.98787 1.22288 40.4351 100000 100000 
0.980303 1.24395 24.5261 100000 100000 
0.993491 1.16573 77.9035 100000 100000 
0.953778 1.25578 100000 25.6631 100000 
0.966204 1.25152 100000 35.5871 100000 
0.995424 1.11057 115.681 100000 100000 
0.996985 1.00207 200.852 100000 100000 
0.997336 0.948192 250.225 100000 100000 
0.983391 1.23845 29.2334 100000 100000 
0.993056 1.17371 72.6494 100000 100000 
0.983391 1.23845 29.2334 100000 100000 
0.997685 0.799955 420.694 100000 100000 
0.946703 1.2559 100000 24.678 434.881 
0.997665 0.831434 379.339 100000 100000 
0.980303 1.24395 24.5261 100000 100000 
0.996566 1.04399 165.924 100000 100000 
0.995496 1.10753 117.85 100000 100000 
0.979593 1.24486 23.6475 100000 100000 
0.979593 1.24486 23.6475 100000 100000 
0.997309 0.953345 245.261 100000 100000 
0.997205 0.971406 228.279 100000 100000 
0.993056 1.17371 72.6494 100000 100000 
0.993491 1.16573 77.9035 100000 100000 
0.99765 0.844378 363.243 100000 100000 
0.995002 1.12652 104.455 100000 100000 
0.997685 0.799955 420.694 100000 100000 
0.997258 0.962604 236.475 100000 100000 
0.979593 1.24486 23.6475 100000 100000 
0.997258 0.962604 236.475 100000 100000 
0.976209 1.24784 20.1896 100000 100000 
0.979593 1.24486 23.6475 100000 100000 
0.972207 1.24937 17.1946 100000 100000 
0.99767 0.825609 386.749 100000 100000 
0.99765 0.844378 363.243 100000 100000 
0.997336 0.948192 250.225 100000 100000 
0.995398 1.11163 114.925 100000 100000 
0.997309 0.953345 245.261 100000 100000 
0.997336 0.948192 250.225 100000 100000 
0.997336 0.948192 250.225 100000 100000 
0.983391 1.23845 29.2334 100000 100000 
0.996988 1.00169 201.18 100000 100000 
0.976413 1.24772 20.3689 100000 100000 
0.997309 0.953345 245.261 100000 100000 
0.974492 1.24871 18.7884 100000 100000 
0.995627 1.10167 122.066 100000 100000 
0.997336 0.948192 250.225 100000 100000 
0.995799 1.09339 128.098 100000 100000 
0.952019 1.25587 100000 24.678 100000 
0.997336 0.948192 250.225 100000 100000 
0.997685 0.799955 420.694 100000 100000 
0.997563 0.887733 312.795 100000 100000 
0.988238 1.22094 41.7453 100000 100000 
0.993009 1.17452 72.1231 100000 100000 
0.974492 1.24871 18.7884 100000 100000 
0.997562 0.888368 312.094 100000 100000 
0.983391 1.23845 29.2334 100000 100000 
0.997336 0.948192 250.225 100000 100000 
0.985214 1.23355 32.9553 100000 100000 
0.994918 1.12937 102.475 100000 100000 
0.994918 1.12937 102.475 100000 100000 
0.994923 1.1292 102.592 100000 100000 
0.952019 1.25587 100000 24.678 100000 
0.997354 0.944488 253.826 100000 100000 
0.99767 0.825609 386.749 100000 100000 
0.993491 1.16573 77.9035 100000 100000 
0.997309 0.953345 245.261 100000 100000 
0.953778 1.25578 100000 25.6631 100000 
0.997507 0.90663 292.334 100000 100000 
0.997686 0.790918 433.185 100000 100000 
0.997507 0.90663 292.334 100000 100000 
0.99765 0.844378 363.243 100000 100000 
0.992757 1.17862 69.4384 100000 100000 
0.997258 0.962604 236.475 100000 100000 
0.981589 1.24201 26.2915 100000 100000 
0.98787 1.22288 40.4351 100000 100000 
0.997605 0.870035 332.773 100000 100000 
0.995002 1.12652 104.455 100000 100000 
0.997309 0.953345 245.261 100000 100000 
0.997336 0.948192 250.225 100000 100000 
0.997507 0.90663 292.334 100000 100000 
0.979593 1.24486 23.6475 100000 100000 
0.997336 0.948192 250.225 100000 100000 
0.996653 1.03652 171.946 100000 100000 
0.979593 1.24486 23.6475 100000 100000 
0.995496 1.10753 117.85 100000 100000 
0.974492 1.24871 18.7884 100000 100000 
0.974906 1.24854 19.1083 100000 100000 
0.966204 1.25152 100000 35.5871 100000 
0.997685 0.799955 420.694 100000 100000 
0.952019 1.25587 100000 24.678 100000 
0.993491 1.16573 77.9035 100000 100000 
0.993056 1.17371 72.6494 100000 100000 
0.972207 1.24937 17.1946 100000 100000 
0.997685 0.799955 420.694 100000 100000 
0.976209 1.24784 20.1896 100000 100000 
0.996985 1.00207 200.852 100000 100000 
0.993009 1.17452 72.1231 100000 100000 
0.997685 0.799955 420.694 100000 100000 
0.996873 1.01494 189.824 100000 100000 
0.976209 1.24784 20.1896 100000 100000 
0.995799 1.09339 128.098 100000 100000 
0.996985 1.00207 200.852 100000 100000 
0.997309 0.953345 245.261 100000 100000 
0.946703 1.2559 100000 24.678 434.881 
0.979593 1.24486 23.6475 100000 100000 
0.997685 0.799955 420.694 100000 100000 
0.99765 0.844378 363.243 100000 100000 
0.979593 1.24486 23.6475 100000 100000 
0.996959 1.00519 198.147 100000 100000 
0.979593 1.24486 23.6475 100000 100000 
0.997685 0.799955 420.694 100000 100000 
0.997685 0.799955 420.694 100000 100000 
0.995424 1.11057 115.681 100000 100000 
0.974812 1.24858 19.0348 100000 100000 
0.993056 1.17371 72.6494 100000 100000 
0.997563 0.887733 312.795 100000 100000 
0.995002 1.12652 104.455 100000 100000 
0.985519 1.23257 33.6711 100000 100000 
0.980682 1.24342 25.0225 100000 100000 
0.997507 0.90663 292.334 100000 100000 
0.996873 1.01494 189.824 100000 100000 
0.996988 1.00169 201.18 100000 100000 
0.997336 0.948192 250.225 100000 100000 
0.99767 0.825609 386.749 100000 100000 
0.953778 1.25578 100000 25.6631 100000 
0.979593 1.24486 23.6475 100000 100000 
0.98563 1.2322 33.9383 100000 100000 
0.953778 1.25578 100000 25.6631 100000 
0.99765 0.844378 363.243 100000 100000 
0.983391 1.23845 29.2334 100000 100000 
0.997336 0.948192 250.225 100000 100000 
0.997354 0.944488 253.826 100000 100000 
0.996851 1.01724 187.884 100000 100000 
0.991189 1.19862 56.4193 100000 100000 
0.997563 0.887733 312.795 100000 100000 
0.997258 0.962604 236.475 100000 100000 
0.997685 0.799955 420.694 100000 100000 
0.997258 0.962604 236.475 100000 100000 
0.993491 1.16573 77.9035 100000 100000 
0.993615 1.16326 79.5419 100000 100000 
0.979593 1.24486 23.6475 100000 100000 
0.983391 1.23845 29.2334 100000 100000 
0.997258 0.962604 236.475 100000 100000 
0.997012 0.998804 203.689 100000 100000 
0.997686 0.790918 433.185 100000 100000 
0.995567 1.10439 120.107 100000 100000 
0.996988 1.00169 201.18 100000 100000 
0.996873 1.01494 189.824 100000 100000 
0.997685 0.799955 420.694 100000 100000 
0.98787 1.22288 40.4351 100000 100000 
0.989647 1.21204 47.6614 100000 100000 
0.946143 1.2559 100000 24.678 389.446 
0.995409 1.1112 115.229 100000 100000 
0.993491 1.16573 77.9035 100000 100000 
0.997258 0.962604 236.475 100000 100000 
0.993056 1.17371 72.6494 100000 100000 
0.997309 0.953345 245.261 100000 100000 
0.997258 0.962604 236.475 100000 100000 
0.996985 1.00207 200.852 100000 100000 
0.979593 1.24486 23.6475 100000 100000 
0.996988 1.00169 201.18 100000 100000 
0.979593 1.24486 23.6475 100000 100000 
0.997258 0.962604 236.475 100000 100000 
0.99768 0.812101 404.351 100000 100000 
0.997258 0.962604 236.475 100000 100000 
0.996985 1.00207 200.852 100000 100000 
0.997309 0.953345 245.261 100000 100000 
0.997012 0.998804 203.689 100000 100000 
0.997258 0.962604 236.475 100000 100000 
0.997336 0.948192 250.225 100000 100000 
0.997336 0.948192 250.225 100000 100000 
0.996873 1.01494 189.824 100000 100000 
0.952019 1.25587 100000 24.678 100000 
0.95638 1.25546 100000 27.268 100000 
0.997599 0.87284 329.553 100000 100000 
0.974492 1.24871 18.7884 100000 100000 
0.997605 0.870035 332.773 100000 100000 
0.9936 1.16356 79.34 100000 100000 
0.996873 1.01494 189.824 100000 100000 
0.995424 1.11057 115.681 100000 100000 
0.996873 1.01494 189.824 100000 100000 
0.99767 0.825609 386.749 100000 100000 
0.997354 0.944488 253.826 100000 100000 
0.997336 0.948192 250.225 100000 100000 
0.997507 0.90663 292.334 100000 100000 
0.952019 1.25587 100000 24.678 100000 
0.933771 1.25591 726.494 24.678 100000 
0.994203 1.14995 88.4262 100000 100000 
0.9956 1.1029 121.181 100000 100000 
0.983391 1.23845 29.2334 100000 100000 
0.980303 1.24395 24.5261 100000 100000 
0.997601 0.871956 330.565 100000 100000 
0.993491 1.16573 77.9035 100000 100000 
0.980682 1.24342 25.0225 100000 100000 
0.995424 1.11057 115.681 100000 100000 
0.979593 1.24486 23.6475 100000 100000 
0.997258 0.962604 236.475 100000 100000 
0.993568 1.1642 78.9184 100000 100000 
0.995732 1.09671 125.672 100000 100000 
0.997309 0.953345 245.261 100000 100000 
0.994115 1.15211 86.9744 100000 100000 
0.993056 1.17371 72.6494 100000 100000 
0.983387 1.23846 29.2263 100000 100000 
0.993009 1.17452 72.1231 100000 100000 
0.994918 1.12937 102.475 100000 100000 
0.993491 1.16573 77.9035 100000 100000 
0.997685 0.799955 420.694 100000 100000 
0.997336 0.948192 250.225 100000 100000 
0.995002 1.12652 104.455 100000 100000 
0.979593 1.24486 23.6475 100000 100000 
0.991189 1.19862 56.4193 100000 100000 
0.996851 1.01724 187.884 100000 100000 
0.997685 0.799955 420.694 100000 100000 
0.997665 0.831434 379.339 100000 100000 
0.997309 0.953345 245.261 100000 100000 
0.997685 0.799955 420.694 100000 100000 
0.953778 1.25578 100000 25.6631 100000 
0.995627 1.10167 122.066 100000 100000 
0.979593 1.24486 23.6475 100000 100000 
0.995424 1.11057 115.681 100000 100000 
0.996873 1.01494 189.824 100000 100000 
0.996988 1.00169 201.18 100000 100000 
0.997563 0.887733 312.795 100000 100000 
0.997419 0.93022 267.969 100000 100000 
0.996851 1.01724 187.884 100000 100000 
0.980682 1.24342 25.0225 100000 100000 
0.997309 0.953345 245.261 100000 100000 
0.996873 1.01494 189.824 100000 100000 
0.996873 1.01494 189.824 100000 100000 
0.995177 1.12028 108.811 100000 100000 
0.997507 0.90663 292.334 100000 100000 
0.974492 1.24871 18.7884 100000 100000 
0.997309 0.953345 245.261 100000 100000 
0.979593 1.24486 23.6475 100000 100000 
0.997309 0.953345 245.261 100000 100000 
0.997336 0.948192 250.225 100000 100000 
0.995799 1.09339 128.098 100000 100000 
0.976209 1.24784 20.1896 100000 100000 
0.979593 1.24486 23.6475 100000 100000 
0.996699 1.03232 175.371 100000 100000 
0.952019 1.25587 100000 24.678 100000 
0.996653 1.03652 171.946 100000 100000 
0.996851 1.01724 187.884 100000 100000 
0.997617 0.864336 339.383 100000 100000 
0.997685 0.799955 420.694 100000 100000 
0.99765 0.844378 363.243 100000 100000 
0.993491 1.16573 77.9035 100000 100000 
0.997258 0.962604 236.475 100000 100000 
0.99767 0.825609 386.749 100000 100000 
0.993491 1.16573 77.9035 100000 100000 
0.997497 0.909701 289.09 100000 100000 
0.997562 0.888368 312.094 100000 100000 
0.953778 1.25578 100000 25.6631 100000 
0.997684 0.802334 417.453 100000 100000 
0.997605 0.870035 332.773 100000 100000 
0.997258 0.962604 236.475 100000 100000 
0.979593 1.24486 23.6475 100000 100000 
0.980303 1.24395 24.5261 100000 100000 
0.996873 1.01494 189.824 100000 100000 
0.993056 1.17371 72.6494 100000 100000 
0.997686 0.790918 433.185 100000 100000 
0.996988 1.00169 201.18 100000 100000 
0.997258 0.962604 236.475 100000 100000 
0.997397 0.935269 262.915 100000 100000 
0.996851 1.01724 187.884 100000 100000 
0.979593 1.24486 23.6475 100000 100000 
0.997258 0.962604 236.475 100000 100000 
0.993491 1.16573 77.9035 100000 100000 
0.979593 1.24486 23.6475 100000 100000 
0.997258 0.962604 236.475 100000 100000 
0.979593 1.24486 23.6475 100000 100000 
0.995799 1.09339 128.098 100000 100000 
0.972207 1.24937 17.1946 100000 100000 
0.997258 0.962604 236.475 100000 100000 
0.997685 0.799955 420.694 100000 100000 
0.997563 0.887733 312.795 100000 100000 
0.997685 0.799955 420.694 100000 100000 
0.996653 1.03652 171.946 100000 100000 
0.997336 0.948192 250.225 100000 100000 
0.980303 1.24395 24.5261 100000 100000 
0.993615 1.16326 79.5419 100000 100000 
0.997507 0.90663 292.334 100000 100000 
0.995424 1.11057 115.681 100000 100000 
0.979593 1.24486 23.6475 100000 100000 
0.953778 1.25578 100000 25.6631 100000 
0.988238 1.22094 41.7453 100000 100000 
0.996995 1.00086 201.896 100000 100000 
0.9956 1.1029 121.181 100000 100000 
0.979593 1.24486 23.6475 100000 100000 
0.997309 0.953345 245.261 100000 100000 
0.99768 0.812101 404.351 100000 100000 
0.979593 1.24486 23.6475 100000 100000 
0.995424 1.11057 115.681 100000 100000 
0.996988 1.00169 201.18 100000 100000 
0.980303 1.24395 24.5261 100000 100000 
0.996988 1.00169 201.18 100000 100000 
0.971879 1.24943 16.9872 100000 100000 
0.997336 0.948192 250.225 100000 100000 
0.993129 1.17246 73.4737 100000 100000 
0.997686 0.790918 433.185 100000 100000 
0.997336 0.948192 250.225 100000 100000 
0.996566 1.04399 165.924 100000 100000 
0.997685 0.799955 420.694 100000 100000 
0.952019 1.25587 100000 24.678 100000 
0.997354 0.944488 253.826 100000 100000 
0.979593 1.24486 23.6475 100000 100000 
0.997617 0.864336 339.383 100000 100000 
0.974906 1.24854 19.1083 100000 100000 
0.979593 1.24486 23.6475 100000 100000 
0.997049 0.994002 207.901 100000 100000 
0.997205 0.971406 228.279 100000 100000 
0.98787 1.22288 40.4351 100000 100000 
0.983391 1.23845 29.2334 100000 100000 
0.99767 0.825609 386.749 100000 100000 
0.976413 1.24772 20.3689 100000 100000 
0.997563 0.887733 312.795 100000 100000 
0.997507 0.90663 292.334 100000 100000 
0.996988 1.00169 201.18 100000 100000 
0.99768 0.812101 404.351 100000 100000 
0.996851 1.01724 187.884 100000 100000 
0.997258 0.962604 236.475 100000 100000 
0.997685 0.799955 420.694 100000 100000 
0.995398 1.11163 114.925 100000 100000 
0.996429 1.05476 157.389 100000 100000 
0.981589 1.24201 26.2915 100000 100000 
0.979593 1.24486 23.6475 100000 100000 
0.997612 0.866631 336.711 100000 100000 
0.996851 1.01724 187.884 100000 100000 
0.997258 0.962604 236.475 100000 100000 
0.995815 1.09255 128.716 100000 100000 
0.997563 0.887733 312.795 100000 100000 
0.971879 1.24943 16.9872 100000 100000 
0.997258 0.962604 236.475 100000 100000 
0.997012 0.998804 203.689 100000 100000 
0.993056 1.17371 72.6494 100000 100000 
0.997336 0.948192 250.225 100000 100000 
0.997258 0.962604 236.475 100000 100000 
0.997336 0.948192 250.225 100000 100000 
0.996995 1.00086 201.896 100000 100000 
0.995002 1.12652 104.455 100000 100000 
0.995002 1.12652 104.455 100000 100000 
0.99767 0.825609 386.749 100000 100000 
0.997258 0.962604 236.475 100000 100000 
0.994918 1.12937 102.475 100000 100000 
0.992757 1.17862 69.4384 100000 100000 
0.997563 0.887733 312.795 100000 100000 
0.979593 1.24486 23.6475 100000 100000 
0.996988 1.00169 201.18 100000 100000 
0.99767 0.825609 386.749 100000 100000 
0.996851 1.01724 187.884 100000 100000 
0.975914 1.24802 19.9339 100000 100000 
0.979593 1.24486 23.6475 100000 100000 
0.996851 1.01724 187.884 100000 100000 
0.953778 1.25578 100000 25.6631 100000 
0.997336 0.948192 250.225 100000 100000 
0.997336 0.948192 250.225 100000 100000 
0.997309 0.953345 245.261 100000 100000 
0.997258 0.962604 236.475 100000 100000 
0.997309 0.953345 245.261 100000 100000 
0.997654 0.840722 367.739 100000 100000 
0.997258 0.962604 236.475 100000 100000 
0.979593 1.24486 23.6475 100000 100000 
0.996995 1.00086 201.896 100000 100000 
0.98787 1.22288 40.4351 100000 100000 
0.9936 1.16356 79.34 100000 100000 
0.997507 0.90663 292.334 100000 100000 
0.952019 1.25587 100000 24.678 100000 
0.952019 1.25587 100000 24.678 100000 
0.997258 0.962604 236.475 100000 100000 
0.979593 1.24486 23.6475 100000 100000 
0.997258 0.962604 236.475 100000 100000 
0.9956 1.1029 121.181 100000 100000 
0.993491 1.16573 77.9035 100000 100000 
0.9956 1.1029 121.181 100000 100000 
0.993056 1.17371 72.6494 100000 100000 
0.993491 1.16573 77.9035 100000 100000 
0.996988 1.00169 201.18 100000 100000 
0.997205 0.971406 228.279 100000 100000 
0.976209 1.24784 20.1896 100000 100000 
0.997365 0.942222 256.043 100000 100000 
0.971879 1.24943 16.9872 100000 100000 
0.995799 1.09339 128.098 100000 100000 
0.966204 1.25152 100000 35.5871 100000 
0.993009 1.17452 72.1231 100000 100000 
0.997336 0.948192 250.225 100000 100000 
0.979593 1.24486 23.6475 100000 100000 
0.997309 0.953345 245.261 100000 100000 
0.966204 1.25152 100000 35.5871 100000 
0.996988 1.00169 201.18 100000 100000 
0.997336 0.948192 250.225 100000 100000 
0.979593 1.24486 23.6475 100000 100000 
0.997336 0.948192 250.225 100000 100000 
0.983391 1.23845 29.2334 100000 100000 
0.996985 1.00207 200.852 100000 100000 
0.99767 0.825609 386.749 100000 100000 
0.979593 1.24486 23.6475 100000 100000 
0.997336 0.948192 250.225 100000 100000 
0.99768 0.812101 404.351 100000 100000 
0.997685 0.799955 420.694 100000 100000 
0.997563 0.887733 312.795 100000 100000 
0.993009 1.17452 72.1231 100000 100000 
0.993009 1.17452 72.1231 100000 100000 
0.997685 0.799955 420.694 100000 100000 
0.980682 1.24342 25.0225 100000 100000 
0.997685 0.799955 420.694 100000 100000 
0.997654 0.840722 367.739 100000 100000 
0.997012 0.998804 203.689 100000 100000 
0.997686 0.790918 433.185 100000 100000 
0.952019 1.25587 100000 24.678 100000 
0.985519 1.23257 33.6711 100000 100000 
0.99767 0.825609 386.749 100000 100000 
0.995799 1.09339 128.098 100000 100000 
0.993056 1.17371 72.6494 100000 100000 
0.952019 1.25587 100000 24.678 100000 
0.979593 1.24486 23.6475 100000 100000 
0.997507 0.90663 292.334 100000 100000 
0.996873 1.01494 189.824 100000 100000 
0.996985 1.00207 200.852 100000 100000 
0.98787 1.22288 40.4351 100000 100000 
0.996156 1.07334 143.049 100000 100000 
0.996985 1.00207 200.852 100000 100000 
0.997258 0.962604 236.475 100000 100000 
0.997309 0.953345 245.261 100000 100000 
0.997685 0.799955 420.694 100000 100000 
0.993056 1.17371 72.6494 100000 100000 
0.997258 0.962604 236.475 100000 100000 
0.99767 0.825609 386.749 100000 100000 
0.98787 1.22288 40.4351 100000 100000 
0.996988 1.00169 201.18 100000 100000 
0.983391 1.23845 29.2334 100000 100000 
0.997685 0.799955 420.694 100000 100000 
0.997507 0.90663 292.334 100000 100000 
0.997258 0.962604 236.475 100000 100000 
0.979593 1.24486 23.6475 100000 100000 
0.986704 1.2282 36.7739 100000 100000 
0.953778 1.25578 100000 25.6631 100000 
0.997336 0.948192 250.225 100000 100000 
0.991189 1.19862 56.4193 100000 100000 
0.997309 0.953345 245.261 100000 100000 
0.997258 0.962604 236.475 100000 100000 
0.997336 0.948192 250.225 100000 100000 
0.997564 0.88771 312.821 100000 100000 
0.997258 0.962604 236.475 100000 100000 
0.993491 1.16573 77.9035 100000 100000 
0.996453 1.05294 158.818 100000 100000 
0.979593 1.24486 23.6475 100000 100000 
0.99765 0.844378 363.243 100000 100000 
0.997309 0.953345 245.261 100000 100000 
0.979593 1.24486 23.6475 100000 100000 
0.996851 1.01724 187.884 100000 100000 
0.997397 0.935269 262.915 100000 100000 
0.997507 0.90663 292.334 100000 100000 
0.997646 0.846678 360.435 100000 100000 
0.997336 0.948192 250.225 100000 100000 
0.997685 0.799955 420.694 100000 100000 
0.983006 1.2393 28.5515 100000 100000 
0.997336 0.948192 250.225 100000 100000 
0.996995 1.00086 201.896 100000 100000 
0.997685 0.799955 420.694 100000 100000 
0.967123 1.25084 100000 36.625 100000 
0.996851 1.01724 187.884 100000 100000 
0.995002 1.12652 104.455 100000 100000 
0.997309 0.953345 245.261 100000 100000 
0.997507 0.90663 292.334 100000 100000 
0.995496 1.10753 117.85 100000 100000 
0.993056 1.17371 72.6494 100000 100000 
0.996873 1.01494 189.824 100000 100000 
0.985011 1.23417 32.4946 100000 100000 
0.995002 1.12652 104.455 100000 100000 
0.974492 1.24871 18.7884 100000 100000 
0.997258 0.962604 236.475 100000 100000 
0.993056 1.17371 72.6494 100000 100000 
0.979593 1.24486 23.6475 100000 100000 
0.953778 1.25578 100000 25.6631 100000 
0.996873 1.01494 189.824 100000 100000 
0.997685 0.799955 420.694 100000 100000 
0.996988 1.00169 201.18 100000 100000 
0.974812 1.24858 19.0348 100000 100000 
0.983391 1.23845 29.2334 100000 100000 
0.997258 0.962604 236.475 100000 100000 
0.994203 1.14995 88.4262 100000 100000 
0.979593 1.24486 23.6475 100000 100000 
0.933771 1.25591 726.494 24.678 100000 
0.993056 1.17371 72.6494 100000 100000 
0.993056 1.17371 72.6494 100000 100000 
0.980303 1.24395 24.5261 100000 100000 
0.983387 1.23846 29.2263 100000 100000 
0.997258 0.962604 236.475 100000 100000 
0.997258 0.962604 236.475 100000 100000 
0.989647 1.21204 47.6614 100000 100000 
0.974492 1.24871 18.7884 100000 100000 
0.991189 1.19862 56.4193 100000 100000 
0.997336 0.948192 250.225 100000 100000 
0.993009 1.17452 72.1231 100000 100000 
0.997309 0.953345 245.261 100000 100000 
0.996873 1.01494 189.824 100000 100000 
0.983391 1.23845 29.2334 100000 100000 
0.952019 1.25587 100000 24.678 100000 
0.995398 1.11163 114.925 100000 100000 
0.996394 1.05732 155.384 100000 100000 
0.997686 0.790918 433.185 100000 100000 
0.997258 0.962604 236.475 100000 100000 
0.971879 1.24943 16.9872 100000 100000 
0.997258 0.962604 236.475 100000 100000 
0.995496 1.10753 117.85 100000 100000 
0.996566 1.04399 165.924 100000 100000 
0.946143 1.2559 100000 24.678 389.446 
0.995424 1.11057 115.681 100000 100000 
0.980682 1.24342 25.0225 100000 100000 
0.996873 1.01494 189.824 100000 100000 
0.997336 0.948192 250.225 100000 100000 
0.980682 1.24342 25.0225 100000 100000 
0.997258 0.962604 236.475 100000 100000 
0.983391 1.23845 29.2334 100000 100000 
0.995799 1.09339 128.098 100000 100000 
0.997685 0.799955 420.694 100000 100000 
0.997665 0.830896 380.019 100000 100000 
0.997685 0.799955 420.694 100000 100000 
0.997012 0.998804 203.689 100000 100000 
0.997336 0.948192 250.225 100000 100000 
0.997309 0.953345 245.261 100000 100000 
0.98787 1.22288 40.4351 100000 100000 
0.997507 0.906697 292.263 100000 100000 
0.995424 1.11057 115.681 100000 100000 
0.995567 1.10439 120.107 100000 100000 
0.993056 1.17371 72.6494 100000 100000 
0.993491 1.16573 77.9035 100000 100000 
0.979593 1.24486 23.6475 100000 100000 
0.996995 1.00086 201.896 100000 100000 
0.996873 1.01494 189.824 100000 100000 
0.996985 1.00207 200.852 100000 100000 
0.997309 0.953345 245.261 100000 100000 
0.979593 1.24486 23.6475 100000 100000 
0.997685 0.799955 420.694 100000 100000 
0.997685 0.799955 420.694 100000 100000 
0.995409 1.1112 115.229 100000 100000 
0.997258 0.962604 236.475 100000 100000 
0.996985 1.00207 200.852 100000 100000 
0.953778 1.25578 100000 25.6631 100000 
0.997336 0.948192 250.225 100000 100000 
0.99767 0.825609 386.749 100000 100000 
0.997665 0.831434 379.339 100000 100000 
0.997685 0.799955 420.694 100000 100000 
0.991189 1.19862 56.4193 100000 100000 
0.997336 0.948192 250.225 100000 100000 
0.993491 1.16573 77.9035 100000 100000 
0.98787 1.22288 40.4351 100000 100000 
0.979593 1.24486 23.6475 100000 100000 
0.997258 0.962604 236.475 100000 100000 
0.997258 0.962604 236.475 100000 100000 
0.980303 1.24395 24.5261 100000 100000 
0.996887 1.01345 191.083 100000 100000 
0.997685 0.799955 420.694 100000 100000 
0.997507 0.90663 292.334 100000 100000 
0.967123 1.25084 100000 36.625 100000 
0.979593 1.24486 23.6475 100000 100000 
0.997309 0.953345 245.261 100000 100000 
0.996985 1.00207 200.852 100000 100000 
0.997686 0.790918 433.185 100000 100000 
0.99765 0.844378 363.243 100000 100000 
0.993491 1.16573 77.9035 100000 100000 
0.99765 0.844378 363.243 100000 100000 
0.994923 1.1292 102.592 100000 100000 
0.993056 1.17371 72.6494 100000 100000 
0.996879 1.01432 190.348 100000 100000 
0.989647 1.21204 47.6614 100000 100000 
0.997685 0.799955 420.694 100000 100000 
0.993056 1.17371 72.6494 100000 100000 
0.997686 0.790918 433.185 100000 100000 
0.993009 1.17452 72.1231 100000 100000 
0.997686 0.790918 433.185 100000 100000 
0.996429 1.05476 157.389 100000 100000 
0.997258 0.962604 236.475 100000 100000 
0.997605 0.870035 332.773 100000 100000 
0.974812 1.24858 19.0348 100000 100000 
0.997507 0.90663 292.334 100000 100000 
0.997617 0.864336 339.383 100000 100000 
0.992757 1.17862 69.4384 100000 100000 
0.991189 1.19862 56.4193 100000 100000 
0.99765 0.844378 363.243 100000 100000 
0.997336 0.948192 250.225 100000 100000 
0.980682 1.24342 25.0225 100000 100000 
0.993491 1.16573 77.9035 100000 100000 
0.997563 0.887733 312.795 100000 100000 
0.996873 1.01494 189.824 100000 100000 
0.997336 0.948192 250.225 100000 100000 
0.997665 0.831434 379.339 100000 100000 
0.997309 0.953345 245.261 100000 100000 
0.996851 1.01724 187.884 100000 100000 
0.997684 0.802334 417.453 100000 100000 
0.991189 1.19862 56.4193 100000 100000 
0.976209 1.24784 20.1896 100000 100000 
0.996851 1.01724 187.884 100000 100000 
0.994918 1.12937 102.475 100000 100000 
0.997617 0.864336 339.383 100000 100000 
0.996699 1.03232 175.371 100000 100000 
0.997336 0.948192 250.225 100000 100000 
0.997336 0.948192 250.225 100000 100000 
0.997507 0.90663 292.334 100000 100000 
0.997507 0.90663 292.334 100000 100000 
0.910257 1.25595 250.225 25.6631 100000 
0.979593 1.24486 23.6475 100000 100000 
0.997309 0.953345 245.261 100000 100000 
0.99767 0.825609 386.749 100000 100000 
0.99768 0.812101 404.351 100000 100000 
0.979593 1.24486 23.6475 100000 100000 
0.996873 1.01494 189.824 100000 100000 
0.997336 0.948192 250.225 100000 100000 
0.979593 1.24486 23.6475 100000 100000 
0.997309 0.953345 245.261 100000 100000 
0.996988 1.00169 201.18 100000 100000 
0.997685 0.799955 420.694 100000 100000 
0.997309 0.953345 245.261 100000 100000 
0.997684 0.802334 417.453 100000 100000 
0.997612 0.866631 336.711 100000 100000 
0.997563 0.887733 312.795 100000 100000 
0.996873 1.01494 189.824 100000 100000 
0.985519 1.23257 33.6711 100000 100000 
0.997685 0.799955 420.694 100000 100000 
0.996851 1.01724 187.884 100000 100000 
0.996851 1.01724 187.884 100000 100000 
0.997336 0.948192 250.225 100000 100000 
0.997012 0.998804 203.689 100000 100000 
0.974906 1.24854 19.1083 100000 100000 
0.993491 1.16573 77.9035 100000 100000 
0.996624 1.03908 169.872 100000 100000 
0.997309 0.953345 245.261 100000 100000 
0.988238 1.22094 41.7453 100000 100000 
0.934862 1.25591 779.035 24.678 100000 
0.997258 0.962604 236.475 100000 100000 
0.996988 1.00169 201.18 100000 100000 
0.993491 1.16573 77.9035 100000 100000 
0.997507 0.90663 292.334 100000 100000 
0.997336 0.948192 250.225 100000 100000 
0.996873 1.01494 189.824 100000 100000 
0.997605 0.870035 332.773 100000 100000 
0.979593 1.24486 23.6475 100000 100000 
0.997258 0.962604 236.475 100000 100000 
0.997599 0.87284 329.553 100000 100000 
0.99767 0.825609 386.749 100000 100000 
0.980682 1.24342 25.0225 100000 100000 
0.980303 1.24395 24.5261 100000 100000 
0.996873 1.01494 189.824 100000 100000 
0.99768 0.812101 404.351 100000 100000 
0.979593 1.24486 23.6475 100000 100000 
0.996851 1.01724 187.884 100000 100000 
0.997336 0.948192 250.225 100000 100000 
0.996873 1.01494 189.824 100000 100000 
0.993615 1.16326 79.5419 100000 100000 
0.996851 1.01724 187.884 100000 100000 
0.997309 0.953345 245.261 100000 100000 
0.997309 0.953345 245.261 100000 100000 
0.980303 1.24395 24.5261 100000 100000 
0.996995 1.00086 201.896 100000 100000 
0.976413 1.24772 20.3689 100000 100000 
0.996566 1.04399 165.924 100000 100000 
0.979593 1.24486 23.6475 100000 100000 
0.99765 0.844378 363.243 100000 100000 
0.997654 0.841193 367.157 100000 100000 
0.997685 0.799955 420.694 100000 100000 
0.995002 1.12652 104.455 100000 100000 
0.975914 1.24802 19.9339 100000 100000 
0.983391 1.23845 29.2334 100000 100000 
0.983391 1.23845 29.2334 100000 100000 
0.979593 1.24486 23.6475 100000 100000 
0.99765 0.844378 363.243 100000 100000 
0.997336 0.948192 250.225 100000 100000 
0.968105 1.24949 14.9098 100000 100000 
0.996985 1.00207 200.852 100000 100000 
0.994195 1.15016 88.2906 100000 100000 
0.993491 1.16573 77.9035 100000 100000 
0.996988 1.00169 201.18 100000 100000 
0.997563 0.887733 312.795 100000 100000 
0.980303 1.24395 24.5261 100000 100000 
0.997258 0.962604 236.475 100000 100000 
0.997309 0.953345 245.261 100000 100000 
0.99765 0.844378 363.243 100000 100000 
0.953778 1.25578 100000 25.6631 100000 
0.997686 0.790918 433.185 100000 100000 
0.997507 0.90663 292.334 100000 100000 
0.979593 1.24486 23.6475 100000 100000 
0.993056 1.17371 72.6494 100000 100000 
0.997354 0.944488 253.826 100000 100000 
0.983391 1.23845 29.2334 100000 100000 
0.997258 0.962604 236.475 100000 100000 
0.996851 1.01724 187.884 100000 100000 
0.98787 1.22288 40.4351 100000 100000 
0.997258 0.962604 236.475 100000 100000 
0.995424 1.11057 115.681 100000 100000 
0.997309 0.953345 245.261 100000 100000 
0.996029 1.08094 137.32 100000 100000 
0.99765 0.844378 363.243 100000 100000 
0.996988 1.00169 201.18 100000 100000 
0.995424 1.11057 115.681 100000 100000 
0.997354 0.944488 253.826 100000 100000 
0.996988 1.00169 201.18 100000 100000 
0.983391 1.23845 29.2334 100000 100000 
0.997258 0.962604 236.475 100000 100000 
0.997258 0.962604 236.475 100000 100000 
0.996985 1.00207 200.852 100000 100000 
0.997258 0.962604 236.475 100000 100000 
0.997336 0.948192 250.225 100000 100000 
0.996959 1.00519 198.147 100000 100000 
0.993056 1.17371 72.6494 100000 100000 
0.99767 0.825609 386.749 100000 100000 
0.980303 1.24395 24.5261 100000 100000 
0.980303 1.24395 24.5261 100000 100000 
0.997665 0.831434 379.339 100000 100000 
0.974492 1.24871 18.7884 100000 100000 
0.980303 1.24395 24.5261 100000 100000 
0.994203 1.14995 88.4262 100000 100000 
0.979593 1.24486 23.6475 100000 100000 
0.997258 0.962604 236.475 100000 100000 
0.997562 0.888368 312.094 100000 100000 
0.979593 1.24486 23.6475 100000 100000 
0.979593 1.24486 23.6475 100000 100000 
0.980682 1.24342 25.0225 100000 100000 
0.996851 1.01724 187.884 100000 100000 
0.997665 0.831434 379.339 100000 100000 
0.99768 0.812101 404.351 100000 100000 
0.995799 1.09339 128.098 100000 100000 
0.997507 0.90663 292.334 100000 100000 
0.979593 1.24486 23.6475 100000 100000 
0.997507 0.90663 292.334 100000 100000 
0.993056 1.17371 72.6494 100000 100000 
0.997685 0.799955 420.694 100000 100000 
0.997336 0.948192 250.225 100000 100000 
0.996959 1.00519 198.147 100000 100000 
0.98787 1.22288 40.4351 100000 100000 
0.997507 0.90663 292.334 100000 100000 
0.997686 0.790918 433.185 100000 100000 
0.997309 0.953345 245.261 100000 100000 
0.979593 1.24486 23.6475 100000 100000 
0.974906 1.24854 19.1083 100000 100000 
0.972207 1.24937 17.1946 100000 100000 
0.980303 1.24395 24.5261 100000 100000 
0.997563 0.887733 312.795 100000 100000 
0.995409 1.1112 115.229 100000 100000 
0.997258 0.962604 236.475 100000 100000 
0.997563 0.887733 312.795 100000 100000 
0.996566 1.04399 165.924 100000 100000 
0.996429 1.05476 157.389 100000 100000 
0.992757 1.17862 69.4384 100000 100000 
0.993056 1.17371 72.6494 100000 100000 
0.996988 1.00169 201.18 100000 100000 
0.953778 1.25578 100000 25.6631 100000 
0.996988 1.00169 201.18 100000 100000 
0.996851 1.01724 187.884 100000 100000 
0.99711 0.985728 215.255 100000 100000 
0.993129 1.17246 73.4737 100000 100000 
0.996653 1.03652 171.946 100000 100000 
0.997122 0.984029 216.78 100000 100000 
0.997354 0.944488 253.826 100000 100000 
0.995627 1.10167 122.066 100000 100000 
0.99768 0.812101 404.351 100000 100000 
0.953778 1.25578 100000 25.6631 100000 
0.997309 0.953345 245.261 100000 100000 
0.9956 1.1029 121.181 100000 100000 
0.997497 0.909701 289.09 100000 100000 
0.996873 1.01494 189.824 100000 100000 
0.962624 1.25177 100000 35.5871 648.925 
0.972207 1.24937 17.1946 100000 100000 
0.996873 1.01494 189.824 100000 100000 
0.995496 1.10753 117.85 100000 100000 
0.997336 0.948192 250.225 100000 100000 
0.996971 1.00381 199.339 100000 100000 
0.993056 1.17371 72.6494 100000 100000 
0.980682 1.24342 25.0225 100000 100000 
0.995424 1.11057 115.681 100000 100000 
0.979593 1.24486 23.6475 100000 100000 
0.997685 0.799955 420.694 100000 100000 
0.997686 0.790918 433.185 100000 100000 
0.997309 0.953345 245.261 100000 100000 
0.995799 1.09339 128.098 100000 100000 
0.997336 0.948192 250.225 100000 100000 
0.997336 0.948192 250.225 100000 100000 
0.996873 1.01494 189.824 100000 100000 
0.993491 1.16573 77.9035 100000 100000 
0.997012 0.998804 203.689 100000 100000 
0.995424 1.11057 115.681 100000 100000 
0.997685 0.799955 420.694 100000 100000 
0.997309 0.953345 245.261 100000 100000 
0.993835 1.15859 82.6443 100000 100000 
0.993056 1.17371 72.6494 100000 100000 
0.99768 0.812101 404.351 100000 100000 
0.99767 0.825609 386.749 100000 100000 
0.967123 1.25084 100000 36.625 100000 
0.997336 0.948192 250.225 100000 100000 
0.993615 1.16326 79.5419 100000 100000 
0.979593 1.24486 23.6475 100000 100000 
0.979593 1.24486 23.6475 100000 100000 
0.997258 0.962604 236.475 100000 100000 
0.993056 1.17371 72.6494 100000 100000 
0.996985 1.00207 200.852 100000 100000 
0.997685 0.799955 420.694 100000 100000 
0.997258 0.962604 236.475 100000 100000 
0.996591 1.04187 167.624 100000 100000 
0.997497 0.909701 289.09 100000 100000 
0.993491 1.16573 77.9035 100000 100000 
0.997258 0.962604 236.475 100000 100000 
0.997336 0.948192 250.225 100000 100000 
0.985214 1.23355 32.9553 100000 100000 
0.995002 1.12652 104.455 100000 100000 
0.997354 0.944488 253.826 100000 100000 
0.997309 0.953345 245.261 100000 100000 
0.997397 0.935269 262.915 100000 100000 
0.987578 1.22432 39.4517 100000 100000 
0.962624 1.25177 100000 35.5871 648.925 
0.993491 1.16573 77.9035 100000 100000 
0.996988 1.00169 201.18 100000 100000 
0.972207 1.24937 17.1946 100000 100000 
0.971879 1.24943 16.9872 100000 100000 
0.996429 1.05476 157.389 100000 100000 
0.980303 1.24395 24.5261 100000 100000 
0.974749 1.24861 18.9862 100000 100000 
0.997012 0.998804 203.689 100000 100000 
0.997336 0.948192 250.225 100000 100000 
0.99767 0.825609 386.749 100000 100000 
0.996995 1.00086 201.896 100000 100000 
0.997507 0.90663 292.334 100000 100000 
0.997258 0.962604 236.475 100000 100000 
0.953778 1.25578 100000 25.6631 100000 
0.997336 0.948192 250.225 100000 100000 
0.996653 1.03652 171.946 100000 100000 
0.997258 0.962604 236.475 100000 100000 
0.997617 0.864336 339.383 100000 100000 
0.997507 0.90663 292.334 100000 100000 
0.996851 1.01724 187.884 100000 100000 
0.997685 0.799955 420.694 100000 100000 
0.997309 0.953345 245.261 100000 100000 
0.952019 1.25587 100000 24.678 100000 
0.996851 1.01724 187.884 100000 100000 
0.993056 1.17371 72.6494 100000 100000 
0.952019 1.25587 100000 24.678 100000 
0.997309 0.953345 245.261 100000 100000 
0.997258 0.962604 236.475 100000 100000 
0.980682 1.24342 25.0225 100000 100000 
0.997258 0.962604 236.475 100000 100000 
0.996566 1.04399 165.924 100000 100000 
0.979593 1.24486 23.6475 100000 100000 
0.997336 0.948192 250.225 100000 100000 
0.996995 1.00086 201.896 100000 100000 
0.997612 0.866631 336.711 100000 100000 
0.997336 0.948192 250.225 100000 100000 
0.980303 1.24395 24.5261 100000 100000 
0.997685 0.799955 420.694 100000 100000 
0.993491 1.16573 77.9035 100000 100000 
0.997685 0.799955 420.694 100000 100000 
0.997685 0.799955 420.694 100000 100000 
0.975914 1.24802 19.9339 100000 100000 
0.997309 0.953345 245.261 100000 100000 
0.997612 0.866631 336.711 100000 100000 
0.997258 0.962604 236.475 100000 100000 
0.99767 0.825609 386.749 100000 100000 
0.997336 0.948192 250.225 100000 100000 
0.995424 1.11057 115.681 100000 100000 
0.983391 1.23845 29.2334 100000 100000 
0.995398 1.11163 114.925 100000 100000 
0.99767 0.825609 386.749 100000 100000 
0.993615 1.16326 79.5419 100000 100000 
0.996985 1.00207 200.852 100000 100000 
0.997507 0.90663 292.334 100000 100000 
0.980303 1.24395 24.5261 100000 100000 
0.997507 0.90663 292.334 100000 100000 
0.997258 0.962604 236.475 100000 100000 
0.971879 1.24943 16.9872 100000 100000 
0.993009 1.17452 72.1231 100000 100000 
0.980303 1.24395 24.5261 100000 100000 
0.953778 1.25578 100000 25.6631 100000 
0.997354 0.944488 253.826 100000 100000 
0.993491 1.16573 77.9035 100000 100000 
0.997336 0.948192 250.225 100000 100000 
0.974492 1.24871 18.7884 100000 100000 
0.993009 1.17452 72.1231 100000 100000 
0.983391 1.23845 29.2334 100000 100000 
0.996985 1.00207 200.852 100000 100000 
0.979593 1.24486 23.6475 100000 100000 
0.997685 0.799955 420.694 100000 100000 
0.997012 0.998804 203.689 100000 100000 
0.997336 0.948192 250.225 100000 100000 
0.997685 0.799955 420.694 100000 100000 
0.979593 1.24486 23.6475 100000 100000 
0.994923 1.1292 102.592 100000 100000 
0.979593 1.24486 23.6475 100000 100000 
0.996995 1.00086 201.896 100000 100000 
0.996988 1.00169 201.18 100000 100000 
0.971879 1.24943 16.9872 100000 100000 
0.980682 1.24342 25.0225 100000 100000 
0.997617 0.864336 339.383 100000 100000 
0.997684 0.802334 417.453 100000 100000 
0.997309 0.953345 245.261 100000 100000 
0.997258 0.962604 236.475 100000 100000 
0.995424 1.11057 115.681 100000 100000 
0.997562 0.888368 312.094 100000 100000 
0.983391 1.23845 29.2334 100000 100000 
0.997507 0.90663 292.334 100000 100000 
0.996851 1.01724 187.884 100000 100000 
0.934862 1.25591 779.035 24.678 100000 
0.997205 0.971406 228.279 100000 100000 
0.997563 0.887733 312.795 100000 100000 
0.996995 1.00086 201.896 100000 100000 
0.997605 0.870035 332.773 100000 100000 
0.997664 0.832065 378.542 100000 100000 
0.993491 1.16573 77.9035 100000 100000 
0.99765 0.844378 363.243 100000 100000 
0.979593 1.24486 23.6475 100000 100000 
0.997685 0.799955 420.694 100000 100000 
0.997507 0.90663 292.334 100000 100000 
0.967123 1.25084 100000 36.625 100000 
0.976209 1.24784 20.1896 100000 100000 
0.997685 0.799955 420.694 100000 100000 
0.996653 1.03652 171.946 100000 100000 
0.997563 0.887733 312.795 100000 100000 
0.9956 1.1029 121.181 100000 100000 
0.99768 0.812101 404.351 100000 100000 
0.995799 1.09339 128.098 100000 100000 
0.993056 1.17371 72.6494 100000 100000 
0.996851 1.01724 187.884 100000 100000 
0.997336 0.948192 250.225 100000 100000 
0.995424 1.11057 115.681 100000 100000 
0.997563 0.887733 312.795 100000 100000 
0.99768 0.812101 404.351 100000 100000 
0.997258 0.962604 236.475 100000 100000 
0.993491 1.16573 77.9035 100000 100000 
0.979593 1.24486 23.6475 100000 100000 
0.997685 0.799955 420.694 100000 100000 
0.997336 0.948192 250.225 100000 100000 
0.993009 1.17452 72.1231 100000 100000 
0.976209 1.24784 20.1896 100000 100000 
0.997309 0.953345 245.261 100000 100000 
0.952019 1.25587 100000 24.678 100000 
0.997258 0.962604 236.475 100000 100000 
0.997562 0.888368 312.094 100000 100000 
0.996653 1.03652 171.946 100000 100000 
0.9956 1.1029 121.181 100000 100000 
0.979593 1.24486 23.6475 100000 100000 
0.979593 1.24486 23.6475 100000 100000 
0.997419 0.93022 267.969 100000 100000 
0.99768 0.812101 404.351 100000 100000 
0.997258 0.962604 236.475 100000 100000 
0.976413 1.24772 20.3689 100000 100000 
0.994923 1.1292 102.592 100000 100000 
0.997309 0.953345 245.261 100000 100000 
0.997258 0.962604 236.475 100000 100000 
0.997258 0.962604 236.475 100000 100000 
0.953778 1.25578 100000 25.6631 100000 
0.99767 0.825609 386.749 100000 100000 
0.99768 0.812101 404.351 100000 100000 
0.997258 0.962604 236.475 100000 100000 
0.995732 1.09671 125.672 100000 100000 
0.997336 0.948192 250.225 100000 100000 
0.993491 1.16573 77.9035 100000 100000 
0.997309 0.953345 245.261 100000 100000 
0.99751 0.905759 293.258 100000 100000 
0.99768 0.812101 404.351 100000 100000 
0.997336 0.948192 250.225 100000 100000 
0.997012 0.998804 203.689 100000 100000 
0.996429 1.05476 157.389 100000 100000 
0.997686 0.790918 433.185 100000 100000 
0.980682 1.24342 25.0225 100000 100000 
0.997617 0.864336 339.383 100000 100000 
0.994115 1.15211 86.9744 100000 100000 
0.992533 1.18203 67.2107 100000 100000 
0.996988 1.00169 201.18 100000 100000 
