0.720436 0.0305068 300.2 1.28173 0.165854 
0.561045 0.0698032 637.053 0.262373 0.140462 
0.952566 1.53344e-08 1000 1000 3.58751 
0.731665 0.0144656 323.611 1.4864 0.1 
0.879841 0.000373981 1000 29.1278 0.1 
0.561045 0.0792494 637.053 0.262373 0.140462 
0.952566 4.87116e-13 1000 1000 1000 
0.952566 8.93269e-07 1000 1000 0.1 
0.952566 7.04046e-09 1000 1000 3.58751 
0.923842 0.000121683 696.851 163.738 0.146742 
0.855893 0.000557681 69.6851 14.7253 0.146742 
0.409189 0.331164 1000 0.1 0.1 
0.952566 8.96219e-13 1000 1000 1000 
0.409189 0.3878 300.2 0.1 0.1 
0.855893 0.000459129 300.2 14.7253 0.146742 
0.822888 0.00756571 1000 6.82743 0.1 
0.561045 0.170659 1000 0.262373 0.1 
0.561045 0.0844416 637.053 0.262373 0.140462 
0.952566 2.30298e-08 1000 1000 0.1 
0.561045 0.0970302 1000 0.262373 0.140462 
0.471588 0.286433 5.96546 0.14195 0.1 
0.561045 0.103426 637.053 0.262373 0.1 
0.952566 5.43162e-09 1000 1000 7.33282 
0.952566 1.94548e-07 1000 1000 0.1 
0.952566 3.50245e-06 1000 1000 0.1 
0.952566 1.79176e-08 1000 1000 3.58751 
0.471588 0.2748 1000 0.14195 0.1 
0.952566 8.55508e-09 1000 1000 3.58751 
0.952566 7.95302e-07 1000 1000 0.1 
0.952566 2.04294e-06 1000 1000 0.146742 
0.952566 2.01322e-06 1000 1000 0.165854 
0.952566 3.59121e-13 1000 1000 1000 
0.742266 0.00923515 1000 1.72032 0.1 
0.822888 0.000728571 696.851 6.82743 0.1 
0.561045 0.0777566 637.053 0.262373 0.146742 
0.952566 4.25112e-14 1000 1000 1000 
0.952566 8.64865e-08 1000 1000 0.165854 
0.952566 3.80131e-08 1000 1000 2.49785 
0.561045 0.0684979 637.053 0.262373 0.140462 
0.952566 3.32923e-08 1000 1000 2.49785 
0.561045 0.0958687 637.053 0.262373 0.140462 
0.561045 0.117271 1000 0.262373 0.1 
0.952566 3.21683e-07 1000 1000 0.140462 
0.952566 4.37008e-07 1000 1000 0.1 
0.952566 1.21164e-06 1000 1000 0.1 
0.561045 0.113839 1000 0.262373 0.1 
0.561045 0.0934355 69.6851 0.262373 0.140462 
0.561045 0.0694611 300.2 0.262373 0.1 
0.561045 0.0965547 1000 0.262373 0.1 
0.952566 3.50245e-06 1000 1000 0.1 
0.952566 8.67108e-10 1000 1000 7.33282 
0.952566 2.9724e-09 1000 1000 3.58751 
0.561045 0.147457 1000 0.262373 0.140462 
0.952566 3.59121e-13 1000 1000 1000 
0.561045 0.103164 1000 0.262373 0.1 
0.952566 9.51776e-08 1000 1000 0.1 
0.952566 2.80658e-07 1000 1000 0.146742 
0.409189 0.331164 435.946 0.1 0.1 
0.952566 2.20504e-06 1000 1000 0.1 
0.561045 0.081895 1000 0.262373 0.1 
0.561045 0.0807595 1000 0.262373 0.140462 
0.822888 0.00125208 379.446 6.82743 0.1 
0.561045 0.100144 1000 0.262373 0.1 
0.952566 2.58215e-06 1000 1000 0.1 
0.561045 0.158195 1000 0.262373 0.140462 
0.952566 6.06518e-08 1000 1000 3.58751 
0.561045 0.244379 637.053 0.262373 0.1 
0.694874 0.057203 1000 0.935944 0.1 
0.952566 1.05403e-07 1000 1000 0.146742 
0.952566 6.24793e-07 1000 1000 0.1 
0.952566 2.25347e-07 1000 1000 0.1 
0.952566 2.64758e-13 1000 1000 1000 
0.934524 4.20349e-05 1000 291.278 0.1 
0.952566 2.44977e-06 1000 1000 0.1 
0.952566 3.59121e-13 1000 1000 1000 
0.952566 8.29259e-06 1000 1000 0.1 
0.952566 1.43429e-07 1000 1000 0.1 
0.561045 0.0882915 1000 0.262373 0.140462 
0.952566 1.34872e-06 1000 1000 0.146742 
0.952566 1.95191e-13 1000 1000 1000 
0.561045 0.107271 1000 0.262373 0.1 
0.952566 1.45872e-06 1000 1000 0.140462 
0.952566 4.87116e-13 1000 1000 1000 
0.952566 1.90366e-06 1000 1000 0.1 
0.952566 5.33544e-07 1000 1000 0.1 
0.561045 0.10215 1000 0.262373 0.140462 
0.952566 6.14459e-09 1000 1000 3.58751 
0.561045 0.115973 1000 0.262373 0.140462 
0.742266 0.00883241 1000 1.72032 0.1 
0.952566 6.86604e-07 1000 1000 0.1 
0.952566 1.35476e-09 1000 1000 7.33282 
0.561045 0.081738 1000 0.262373 0.140462 
0.561045 0.0787596 1000 0.262373 0.1 
0.952566 2.30921e-06 1000 1000 0.165854 
0.577028 0.0684027 1000 0.297704 0.165854 
0.952566 6.05784e-08 1000 1000 0.1 
0.952566 2.64758e-13 1000 1000 1000 
0.952566 1.31236e-08 1000 1000 3.58751 
0.952566 6.82181e-07 1000 1000 0.165854 
0.952566 2.45142e-10 1000 1000 36.4721 
