0.11505 0.297725 0.1 0.100174 1000 
0.10235 0.300813 0.1 0.100174 1000 
0.10795 0.298661 0.1 0.100174 1000 
0.21725 0.259318 0.1 1.33481 1000 
0.0888 0.339611 0.1 0.100174 1000 
0.14935 0.297259 0.1 0.22003 1000 
0.09025 0.301775 0.1 0.100174 1000 
0.04345 0.138434 0.202157 0.100174 1000 
0 0 4.45703 0.100174 672.547 
0.0648 0.131143 0.1 0.100174 1000 
0.0874 0.152768 0.1 0.22003 1000 
0.0618 0.165146 0.1 0.100174 1000 
0.00675 0.0320513 4.45703 1.33481 672.547 
0.0629 0.177607 0.1 0.100174 1000 
0 0 0.1 126.389 0.1 
0.0659 0.120712 0.1 0.22003 1000 
0.12095 0.171621 0.1 0.511208 1000 
0.06865 0.20509 0.1 0.100174 1000 
0.0011 0.0265314 0.1 0.100174 0.1 
0.0706 0.176595 0.1 0.100174 1000 
0.058 0.132303 0.1 0.100174 307.533 
0.07865 0.247948 0.129532 0.100174 1000 
0.0769 0.181388 0.1 0.100174 72.1846 
0.0776 0.189671 0.1 0.100174 1000 
0.06765 0.150889 0.1 0.100174 1000 
0.0975 0.134966 0.1 3.0605 1000 
0.0551 0.153052 0.1 0.100174 1000 
0.07305 0.0869178 0.1 3.0605 1000 
0.04175 0.144559 0.1 0.100174 1000 
0 0 4.45703 1.33481 1000 
0.10925 0.131984 0.1 1.33481 1000 
0 0 2.39051 0.100174 1000 
0.1388 0.155788 0.1 1.33481 1000 
0.16745 0.178894 0.1 3.0605 1000 
0.00455 0.00844595 4.45703 1.33481 672.547 
0 0 220.236 1.33481 1000 
0.0042 0.00801282 2.06087 0.100174 1000 
0.00875 0.00825083 195.091 3.0605 1000 
0.05825 0.15098 0.1 0.100174 1000 
0.0085 0.0103734 2.88541 0.100174 1000 
0.0512 0.125014 0.1 0.100174 1000 
0.11245 0.135315 0.1 3.0605 1000 
0.0488 0.128759 0.479941 0.100174 1000 
0.098 0.188176 0.1 0.22003 1000 
0.06545 0.201063 0.1 0.100174 1000 
0.09535 0.217318 0.1 0.100174 1000 
0.0587 0.177655 0.1 0.100174 1000 
0.11505 0.131491 0.1 3.0605 1000 
0.1485 0.160038 0.1 1.33481 1000 
0.06465 0.14091 0.1 0.100174 1000 
0.02585 0.0749682 0.1 0.100174 1000 
0.0554 0.136945 0.1 0.100174 1000 
0.0542 0.0533796 0.1 371.433 672.547 
0.0043 0.0561519 0.1 0.22003 0.257869 
0.0043 0.00611247 4.45703 1.33481 1000 
0.0477 0.145315 0.1 0.100174 618.059 
0.05 0.145221 0.1 0.100174 1000 
0.0785 0.1035 0.1 1.33481 1000 
0.0534 0.15965 0.1 0.100174 1000 
0.04025 0.17524 0.1 0.100174 1000 
0.0312 0.126506 0.1 0.100174 1000 
0.1245 0.127737 0.1 3.0605 1000 
0.0015 0.0183352 0.1 0.22003 0.1 
0.0569 0.0844949 0.1 1.33481 22.5329 
0.1026 0.181482 0.1 0.22003 1000 
0.03115 0.115349 0.1 0.100174 4.08559 
0.13425 0.173172 0.1 1.33481 1000 
0.09705 0.153694 0.1 0.22003 1000 
0.0712 0.0967266 0.1 1.33481 1000 
0.1465 0.174177 0.1 1.33481 1000 
