0.0939289 0.0481228 13.7462 
0.0686333 0.0982625 5.35592 
0.113267 0.00297721 247.826 
0.0971544 0.0408443 16.5537 
0.113515 0.00238327 309.916 
0.0819794 0.0735968 8.17723 
0.0597067 0.111776 4.21641 
0.0549263 0.117804 3.7393 
0.102187 0.0292355 23.8589 
0.112363 0.00513833 143.028 
0.0496015 0.123366 3.28412 
0.108283 0.0148675 48.491 
0.0820088 0.0735375 8.18595 
0.108775 0.0136989 52.7562 
0.11354 0.00232414 317.835 
0.113531 0.00234677 314.758 
0.0682461 0.0989036 5.2978 
0.101303 0.0312932 22.1742 
0.105099 0.0224066 31.6456 
0.113822 0.00165001 448.224 
0.106165 0.0198896 35.8546 
0.108966 0.0132448 54.6159 
0.0861528 0.0650039 9.59316 
0.108517 0.0143119 50.4321 
0.0776691 0.0820668 7.04751 
0.113247 0.00302522 243.872 
0.105163 0.022255 31.8722 
0.0351506 0.130851 2.31991 
0.113213 0.00310587 237.505 
0.0748996 0.0872689 6.44916 
0.112325 0.00523047 140.485 
0.112881 0.00389951 188.895 
0.0743836 0.088216 6.3466 
0.113848 0.00158651 466.218 
0.100429 0.0333209 20.7154 
0.0460911 0.12629 3.01872 
0.110825 0.00881323 82.8098 
0.105884 0.020553 34.6456 
0.113422 0.00260672 283.237 
0.113517 0.0023791 310.462 
0.113847 0.00158948 465.344 
0.102956 0.0274389 25.5344 
0.103376 0.0264551 26.5476 
0.113533 0.00233974 315.706 
0.110561 0.00944413 77.1827 
0.108382 0.0146325 49.2942 
0.112361 0.00514311 142.894 
0.0838987 0.06969 8.78102 
0.113076 0.00343474 214.637 
0.113488 0.00244889 301.577 
0.112379 0.00510212 144.053 
0.113993 0.00123982 596.947 
0.113807 0.00168537 438.794 
0.108693 0.0138941 51.9938 
0.113797 0.00170952 432.577 
0.10378 0.0255084 27.5957 
0.109812 0.0112299 64.68 
0.0907456 0.055157 11.7197 
0.113346 0.00278835 264.701 
0.0996031 0.0352303 19.4935 
0.097876 0.0391972 17.3304 
0.0480163 0.124764 3.16124 
0.110818 0.00882928 82.6567 
0.113344 0.002794 264.164 
0.112421 0.00500004 147.022 
0.109588 0.0117633 61.6804 
0.0828587 0.0718167 8.44488 
0.113101 0.00337525 218.444 
0.103695 0.0257083 27.368 
0.111961 0.00610075 120.249 
0.113666 0.00202196 365.531 
0.109598 0.0117385 61.8141 
0.114027 0.0011591 638.613 
0.112304 0.00527945 139.169 
0.113825 0.00164322 450.082 
0.0947322 0.0463234 14.3601 
0.112858 0.00395564 186.197 
0.107689 0.0162799 44.1519 
0.0533738 0.119558 3.59919 
0.10896 0.0132594 54.5542 
0.113016 0.00357668 206.066 
0.108322 0.0147764 48.7995 
0.113975 0.00128326 576.697 
0.0938271 0.04835 13.6718 
0.0387585 0.130194 2.53251 
0.112659 0.0044314 166.061 
0.0632738 0.106707 4.62643 
0.0533917 0.119538 3.60077 
0.0522137 0.120799 3.49865 
0.109376 0.012268 59.0828 
0.047245 0.125399 3.1033 
0.1136 0.00218021 338.904 
0.110809 0.00885265 82.4348 
0.0967386 0.0417903 16.1348 
0.100296 0.0336285 20.5093 
0.101445 0.0309632 22.4294 
0.110561 0.00944413 77.1827 
0.0354063 0.130836 2.33449 
0.0536 0.119309 3.6192 
0.112165 0.00561228 130.835 
0.0882163 0.060627 10.4574 
0.113992 0.00124177 596.011 
0.11277 0.00416578 176.736 
0.114056 0.00108927 679.631 
0.106665 0.0187058 38.224 
0.0723612 0.0918576 5.96829 
0.11381 0.00167882 440.511 
0.113196 0.00314662 234.412 
0.114051 0.00110213 671.685 
0.112081 0.00581409 126.246 
0.0940661 0.0478162 13.8476 
0.113849 0.00158446 466.823 
0.110341 0.00996731 73.0562 
0.0990275 0.0365561 18.7192 
0.112378 0.00510254 144.041 
0.11265 0.00445198 165.288 
0.0477989 0.124946 3.14479 
0.1091 0.0129262 55.9989 
0.087562 0.0620235 10.1692 
0.112661 0.00442753 166.208 
0.0889442 0.0590643 10.7953 
0.0459708 0.126379 3.01005 
0.101045 0.0318929 21.7236 
0.100079 0.034132 20.1798 
0.0992708 0.0359962 19.0393 
0.102378 0.0287884 24.2565 
0.112885 0.00389165 189.28 
0.11232 0.0052425 140.16 
0.114035 0.0011396 649.559 
0.104977 0.0226919 31.2272 
0.113182 0.0031801 231.93 
0.070434 0.0952201 5.6392 
0.1054 0.0216957 32.736 
0.110126 0.0104814 69.4024 
0.0716998 0.0930237 5.8521 
0.108454 0.0144619 49.8934 
0.113732 0.00186469 396.471 
0.0890356 0.0588675 10.839 
0.0659075 0.102675 4.96567 
0.108228 0.0149988 48.0534 
0.0908921 0.0548368 11.801 
0.11379 0.00172641 428.332 
0.112749 0.00421736 174.558 
0.113756 0.00180811 408.918 
0.113621 0.00213114 346.738 
0.109833 0.0111791 64.98 
0.0914318 0.0536542 12.1095 
0.113787 0.00173409 426.428 
0.0934986 0.0490827 13.4365 
0.0589891 0.112739 4.13992 
0.100824 0.0324068 21.3507 
0.0782981 0.0808583 7.19589 
0.0965232 0.0422795 15.9254 
0.0734868 0.0898448 6.17435 
0.103941 0.0251307 28.0357 
0.0768754 0.0835777 6.86722 
0.105656 0.0210915 33.72 
0.113949 0.0013466 549.511 
0.112807 0.00407646 180.638 
0.10979 0.011281 64.38 
0.113703 0.00193301 382.412 
0.0606177 0.110526 4.31626 
0.101821 0.030088 23.1333 
0.113931 0.00138969 532.433 
0.107804 0.0160062 44.9331 
0.113642 0.00207952 355.376 
0.113773 0.00176751 418.341 
0.104436 0.0239676 29.4772 
0.0956473 0.0442626 15.1229 
0.10685 0.0182689 39.1758 
0.111192 0.00793703 92.1074 
0.112171 0.00559813 131.169 
0.109393 0.0122275 59.2833 
0.0590724 0.112628 4.14871 
0.113341 0.00280031 263.565 
0.114009 0.0012008 616.391 
0.108821 0.0135898 53.1919 
0.0820384 0.0734779 8.19474 
0.113649 0.00206401 358.058 
0.0405566 0.129538 2.64441 
0.0940987 0.0477432 13.872 
0.0975664 0.0399046 16.9891 
0.102085 0.0294738 23.6519 
0.11191 0.00622146 117.89 
0.0869972 0.0632225 9.93129 
0.0423165 0.128699 2.75826 
0.109148 0.012811 56.5156 
0.075926 0.085364 6.66111 
0.0881916 0.0606798 10.4463 
0.0848493 0.0677262 9.10864 
0.110897 0.00864222 84.4765 
0.0400866 0.129729 2.61475 
0.11016 0.010399 69.9638 
0.112863 0.00394272 186.811 
0.104017 0.0249523 28.2481 
0.0876712 0.0617911 10.2163 
0.109915 0.0109833 66.1647 
0.110434 0.00974569 74.7502 
0.113564 0.00226788 325.752 
0.113179 0.00318841 231.322 
0.104772 0.0231761 30.5404 
0.112759 0.00419226 175.611 
0.0938745 0.0482442 13.7063 
0.112819 0.00404832 181.903 
0.0512018 0.121831 3.41366 
0.084208 0.0690531 8.88538 
0.104139 0.0246644 28.5974 
0.047683 0.125042 3.13606 
0.0597991 0.111651 4.2264 
0.045964 0.126384 3.00956 
0.113245 0.00303053 243.443 
0.034252 0.130868 2.26918 
0.10441 0.0240278 29.3992 
0.113377 0.00271379 272.01 
0.112498 0.00481608 152.689 
0.112045 0.005899 124.409 
0.098716 0.0372721 18.3235 
0.113125 0.00331749 222.27 
0.0724083 0.0917742 5.97668 
0.113306 0.00288443 255.84 
0.0718738 0.0927181 5.88233 
0.112859 0.00395199 186.369 
0.111567 0.00704135 104.002 
0.108811 0.0136138 53.0954 
0.10094 0.0321358 21.5459 
0.113628 0.00211301 349.724 
0.0581555 0.113832 4.05336 
0.110561 0.00944413 77.1827 
0.106262 0.0196605 36.2911 
0.105706 0.020974 33.918 
0.113488 0.00244848 301.627 
0.0984677 0.0378419 18.0192 
0.0437998 0.127848 2.85782 
0.106657 0.018725 38.1833 
0.0968305 0.0415814 16.2257 
0.0508636 0.122166 3.3858 
0.109163 0.0127741 56.6832 
0.0556032 0.117007 3.8025 
0.112811 0.00406873 180.984 
0.109732 0.0114203 63.577 
0.112434 0.00496859 147.961 
0.050628 0.122396 3.36655 
0.0942462 0.0474131 13.9829 
0.0528096 0.120169 3.54986 
0.113484 0.00245778 300.481 
0.112687 0.00436448 168.628 
0.11386 0.00155855 474.606 
0.114046 0.00111259 665.36 
0.105585 0.0212602 33.4396 
0.113275 0.00295919 249.344 
0.111511 0.00717458 102.044 
0.109964 0.0108679 66.8825 
0.109355 0.0123186 58.8338 
0.111048 0.0082805 88.2284 
0.0616023 0.10914 4.42781 
0.105366 0.0217756 32.6099 
0.114009 0.00120218 615.681 
0.113706 0.00192611 383.787 
0.0785666 0.0803394 7.26079 
0.106187 0.019838 35.9521 
0.066265 0.10211 5.01444 
0.0813268 0.0749067 7.98764 
0.111344 0.00757337 96.5975 
0.108355 0.0146964 49.0734 
0.11358 0.00222823 331.571 
0.112411 0.00502326 146.336 
0.113385 0.00269403 274.016 
0.113569 0.00225381 327.794 
0.113951 0.00134019 552.146 
0.113441 0.00256055 288.368 
0.113887 0.00149375 495.249 
0.112402 0.00504568 145.68 
0.110517 0.00954849 76.3235 
0.114508 7.41696e-06 100000 
0.108382 0.0146325 49.2942 
0.113878 0.0015159 487.995 
0.0533917 0.119538 3.60077 
0.113797 0.00170952 432.577 
0.113666 0.00202196 365.531 
0.109588 0.0117633 61.6804 
0.0632738 0.106707 4.62643 
0.113182 0.0031801 231.93 
0.104977 0.0226919 31.2272 
0.114056 0.00108927 679.631 
0.102378 0.0287884 24.2565 
0.113531 0.00234677 314.758 
0.113121 0.00332535 221.742 
0.0536 0.119309 3.6192 
0.112304 0.00527945 139.169 
0.11381 0.00167882 440.511 
0.113534 0.00233789 315.958 
0.105884 0.020553 34.6456 
0.102378 0.0287884 24.2565 
0.113182 0.0031801 231.93 
0.113523 0.00236537 312.272 
0.103376 0.0264551 26.5476 
0.0990275 0.0365561 18.7192 
0.112081 0.00581409 126.246 
0.0480163 0.124764 3.16124 
0.0533917 0.119538 3.60077 
0.107689 0.0162799 44.1519 
0.114508 7.41696e-06 100000 
0.113848 0.00158651 466.218 
0.114508 7.41696e-06 100000 
0.113531 0.00234677 314.758 
0.113944 0.00135637 545.542 
0.112325 0.00523047 140.485 
0.0947322 0.0463234 14.3601 
0.0682461 0.0989036 5.2978 
0.11324 0.00304143 242.565 
0.0967386 0.0417903 16.1348 
0.112389 0.00507667 144.782 
0.11365 0.00206121 358.546 
0.113569 0.00225492 327.632 
0.0776691 0.0820668 7.04751 
0.111853 0.00635737 115.34 
0.0536 0.119309 3.6192 
0.10896 0.0132594 54.5542 
0.0716998 0.0930237 5.8521 
0.112265 0.00537317 136.718 
0.0459708 0.126379 3.01005 
0.0828587 0.0718167 8.44488 
0.102187 0.0292355 23.8589 
0.114508 7.41696e-06 100000 
0.114088 0.00101347 730.562 
0.0387585 0.130194 2.53251 
0.0496015 0.123366 3.28412 
0.112421 0.00500004 147.022 
0.112659 0.0044314 166.061 
0.0743836 0.088216 6.3466 
0.111961 0.00610075 120.249 
0.0536 0.119309 3.6192 
0.113182 0.0031801 231.93 
0.0536 0.119309 3.6192 
0.112885 0.00389165 189.28 
0.113874 0.00152552 484.91 
0.0776691 0.0820668 7.04751 
0.113835 0.00161765 457.216 
0.114508 7.41696e-06 100000 
0.114508 7.41696e-06 100000 
0.114508 7.41696e-06 100000 
0.114508 7.41696e-06 100000 
0.106665 0.0187058 38.224 
0.0686333 0.0982625 5.35592 
0.114508 7.41696e-06 100000 
0.0861528 0.0650039 9.59316 
0.113077 0.00343115 214.863 
0.114508 7.41696e-06 100000 
0.109376 0.012268 59.0828 
0.0828587 0.0718167 8.44488 
0.0820088 0.0735375 8.18595 
0.0990275 0.0365561 18.7192 
0.112881 0.00389951 188.895 
0.0861528 0.0650039 9.59316 
0.110809 0.00885265 82.4348 
0.113874 0.00152552 484.91 
0.112074 0.00583109 125.874 
0.114508 7.41696e-06 100000 
0.0536 0.119309 3.6192 
0.110825 0.00881323 82.8098 
0.114508 7.41696e-06 100000 
0.11265 0.00445198 165.288 
0.108517 0.0143119 50.4321 
0.0819794 0.0735968 8.17723 
0.108322 0.0147764 48.7995 
0.102187 0.0292355 23.8589 
0.106665 0.0187058 38.224 
0.114508 7.41696e-06 100000 
0.114508 7.41696e-06 100000 
0.113196 0.00314662 234.412 
0.114035 0.0011396 649.559 
0.11225 0.00541034 135.769 
0.113182 0.0031801 231.93 
0.0522137 0.120799 3.49865 
0.112361 0.00514311 142.894 
0.0536 0.119309 3.6192 
0.114508 7.41696e-06 100000 
0.108517 0.0143119 50.4321 
0.103695 0.0257083 27.368 
0.106165 0.0198896 35.8546 
0.114027 0.0011591 638.613 
0.112661 0.00442753 166.208 
0.113093 0.00339389 217.236 
0.114051 0.00110213 671.685 
0.112265 0.00537317 136.718 
0.0597067 0.111776 4.21641 
0.105099 0.0224066 31.6456 
0.0716998 0.0930237 5.8521 
0.113076 0.00343474 214.637 
0.114508 7.41696e-06 100000 
0.114508 7.41696e-06 100000 
0.0938271 0.04835 13.6718 
0.087562 0.0620235 10.1692 
0.114508 7.41696e-06 100000 
0.0460911 0.12629 3.01872 
0.114508 7.41696e-06 100000 
0.0947322 0.0463234 14.3601 
0.108966 0.0132448 54.6159 
0.112881 0.00389951 188.895 
0.113346 0.00278835 264.701 
0.0460911 0.12629 3.01872 
0.112361 0.00514311 142.894 
0.10685 0.0182689 39.1758 
0.112661 0.00442753 166.208 
0.114508 7.41696e-06 100000 
0.110126 0.0104814 69.4024 
0.110561 0.00944413 77.1827 
0.0549263 0.117804 3.7393 
0.114508 7.41696e-06 100000 
0.108811 0.0136138 53.0954 
0.0477989 0.124946 3.14479 
0.0496015 0.123366 3.28412 
0.070735 0.0947021 5.68874 
0.114508 7.41696e-06 100000 
0.114508 7.41696e-06 100000 
0.114011 0.0011974 618.141 
0.0556032 0.117007 3.8025 
0.113531 0.00234677 314.758 
0.114508 7.41696e-06 100000 
0.0437998 0.127848 2.85782 
0.0522137 0.120799 3.49865 
0.113884 0.00150073 492.942 
0.114508 7.41696e-06 100000 
0.113411 0.00263338 280.357 
0.112363 0.00513833 143.028 
0.113966 0.00130554 566.832 
0.112653 0.00444532 165.537 
0.0528096 0.120169 3.54986 
0.113488 0.00244889 301.577 
0.0861528 0.0650039 9.59316 
0.114508 7.41696e-06 100000 
0.113822 0.00165001 448.224 
0.0556032 0.117007 3.8025 
0.0581555 0.113832 4.05336 
0.0351506 0.130851 2.31991 
0.0743836 0.088216 6.3466 
0.114508 7.41696e-06 100000 
0.107804 0.0160062 44.9331 
0.11265 0.00445198 165.288 
0.113101 0.00337525 218.444 
0.0820088 0.0735375 8.18595 
0.114145 0.000876669 844.765 
0.11277 0.00416578 176.736 
0.0869972 0.0632225 9.93129 
0.113488 0.00244889 301.577 
0.114508 7.41696e-06 100000 
0.112226 0.0054663 134.365 
0.0551412 0.117553 3.75923 
0.113773 0.00176751 418.341 
0.104977 0.0226919 31.2272 
0.11381 0.00167882 440.511 
0.114508 7.41696e-06 100000 
0.114508 7.41696e-06 100000 
0.0512018 0.121831 3.41366 
0.105099 0.0224066 31.6456 
0.112831 0.0040191 183.235 
0.112991 0.00363681 202.637 
0.113628 0.00211301 349.724 
0.103695 0.0257083 27.368 
0.0477989 0.124946 3.14479 
0.0907456 0.055157 11.7197 
0.109914 0.0109856 66.1504 
0.112045 0.005899 124.409 
0.104977 0.0226919 31.2272 
0.114508 7.41696e-06 100000 
0.106665 0.0187058 38.224 
0.0820088 0.0735375 8.18595 
0.10441 0.0240278 29.3992 
0.0869972 0.0632225 9.93129 
0.0423165 0.128699 2.75826 
0.114508 7.41696e-06 100000 
0.114508 7.41696e-06 100000 
0.112297 0.00529639 138.72 
0.114508 7.41696e-06 100000 
0.114508 7.41696e-06 100000 
0.114145 0.000876669 844.765 
0.11411 0.000959376 771.827 
0.113182 0.0031801 231.93 
0.113649 0.00206401 358.058 
0.108454 0.0144619 49.8934 
0.0820088 0.0735375 8.18595 
0.0881916 0.0606798 10.4463 
0.110897 0.00864222 84.4765 
0.112045 0.005899 124.409 
0.114508 7.41696e-06 100000 
0.0828587 0.0718167 8.44488 
0.0743836 0.088216 6.3466 
0.112985 0.00365182 201.798 
0.114508 7.41696e-06 100000 
0.100296 0.0336285 20.5093 
0.0533738 0.119558 3.59919 
0.0984677 0.0378419 18.0192 
0.111515 0.00716637 102.163 
0.0942462 0.0474131 13.9829 
0.114088 0.00101347 730.562 
0.114508 7.41696e-06 100000 
0.114508 7.41696e-06 100000 
0.113393 0.00267516 275.957 
0.114508 7.41696e-06 100000 
0.112885 0.00389165 189.28 
