0.0309118 0.276879 1.69265 
0.033594 0.266838 1.96358 
0.0316535 0.275433 1.75315 
0.0348559 0.253011 2.20193 
0.0343055 0.260543 2.07837 
0.0352138 0.245284 2.32126 
0.0313784 0.276057 1.72983 
0.0355515 0.220056 2.69847 
0.0334107 0.268081 1.93872 
0.0354517 0.236352 2.45514 
0.0333101 0.268712 1.92569 
0.0346778 0.255836 2.15673 
0.0319758 0.274555 1.78199 
0.032794 0.27147 1.86447 
0.0334119 0.268072 1.93889 
0.0315718 0.27563 1.7461 
0.0297123 0.277855 1.60791 
0.0354851 0.234323 2.48531 
0.0343352 0.260213 2.08402 
0.0354346 0.237259 2.44164 
0.0352138 0.245284 2.32126 
0.0309118 0.276879 1.69265 
0.0309118 0.276879 1.69265 
0.0343055 0.260543 2.07837 
0.0346778 0.255836 2.15673 
0.0346778 0.255836 2.15673 
0.0346778 0.255836 2.15673 
0.0355515 0.220056 2.69847 
0.033594 0.266838 1.96358 
0.033594 0.266838 1.96358 
0.0305929 0.277287 1.66873 
0.0316535 0.275433 1.75315 
0.0346778 0.255836 2.15673 
0.0355515 0.220056 2.69847 
0.0333101 0.268712 1.92569 
0.0309118 0.276879 1.69265 
0.0343055 0.260543 2.07837 
0.033594 0.266838 1.96358 
0.0313784 0.276057 1.72983 
0.0355515 0.220056 2.69847 
0.0346778 0.255836 2.15673 
0.0334107 0.268081 1.93872 
0.0354517 0.236352 2.45514 
0.0309118 0.276879 1.69265 
0.0348559 0.253011 2.20193 
0.0316535 0.275433 1.75315 
0.033594 0.266838 1.96358 
0.0355515 0.220056 2.69847 
0.032794 0.27147 1.86447 
0.0354851 0.234323 2.48531 
0.0319758 0.274555 1.78199 
0.0346778 0.255836 2.15673 
0.0346778 0.255836 2.15673 
0.0348559 0.253011 2.20193 
0.0355515 0.220056 2.69847 
0.0319758 0.274555 1.78199 
0.0346778 0.255836 2.15673 
0.033594 0.266838 1.96358 
0.0355515 0.220056 2.69847 
0.0355515 0.220056 2.69847 
0.0355515 0.220056 2.69847 
0.0346778 0.255836 2.15673 
0.0354851 0.234323 2.48531 
0.0354851 0.234323 2.48531 
0.033594 0.266838 1.96358 
0.0354851 0.234323 2.48531 
0.0355515 0.220056 2.69847 
0.032598 0.272337 1.8433 
0.033594 0.266838 1.96358 
0.0317469 0.275196 1.76133 
0.0309118 0.276879 1.69265 
0.0348559 0.253011 2.20193 
0.0343352 0.260213 2.08402 
0.0352138 0.245284 2.32126 
0.0316535 0.275433 1.75315 
0.0309118 0.276879 1.69265 
0.0343055 0.260543 2.07837 
0.0309118 0.276879 1.69265 
0.033594 0.266838 1.96358 
0.0352138 0.245284 2.32126 
0.0346778 0.255836 2.15673 
0.0355515 0.220056 2.69847 
0.0334107 0.268081 1.93872 
0.0352138 0.245284 2.32126 
0.0346778 0.255836 2.15673 
0.0343352 0.260213 2.08402 
0.0313784 0.276057 1.72983 
0.032794 0.27147 1.86447 
0.0354346 0.237259 2.44164 
0.032794 0.27147 1.86447 
0.033594 0.266838 1.96358 
0.0343352 0.260213 2.08402 
0.0346778 0.255836 2.15673 
0.0343352 0.260213 2.08402 
0.0334107 0.268081 1.93872 
0.033594 0.266838 1.96358 
0.0354851 0.234323 2.48531 
0.0352138 0.245284 2.32126 
0.0346778 0.255836 2.15673 
0.0346778 0.255836 2.15673 
0.0343055 0.260543 2.07837 
0.033594 0.266838 1.96358 
0.0348559 0.253011 2.20193 
0.033594 0.266838 1.96358 
0.0354851 0.234323 2.48531 
0.0355515 0.220056 2.69847 
0.0333101 0.268712 1.92569 
0.0333101 0.268712 1.92569 
0.0305929 0.277287 1.66873 
0.0355515 0.220056 2.69847 
0.0333101 0.268712 1.92569 
0.0309118 0.276879 1.69265 
0.0319758 0.274555 1.78199 
0.032794 0.27147 1.86447 
0.0348559 0.253011 2.20193 
0.0355515 0.220056 2.69847 
0.0354851 0.234323 2.48531 
0.033594 0.266838 1.96358 
0.0333101 0.268712 1.92569 
0.0354517 0.236352 2.45514 
0.0348559 0.253011 2.20193 
0.0313784 0.276057 1.72983 
0.0309118 0.276879 1.69265 
0.0346778 0.255836 2.15673 
0.033594 0.266838 1.96358 
0.0355515 0.220056 2.69847 
0.0348619 0.252908 2.20355 
0.0348559 0.253011 2.20193 
0.0343055 0.260543 2.07837 
0.0355515 0.220056 2.69847 
0.0354517 0.236352 2.45514 
0.0333101 0.268712 1.92569 
0.0334119 0.268072 1.93889 
0.0309118 0.276879 1.69265 
0.0305929 0.277287 1.66873 
0.0315718 0.27563 1.7461 
0.0348559 0.253011 2.20193 
0.0354517 0.236352 2.45514 
0.0343055 0.260543 2.07837 
0.0313784 0.276057 1.72983 
0.0346778 0.255836 2.15673 
0.0309118 0.276879 1.69265 
0.033594 0.266838 1.96358 
0.0352138 0.245284 2.32126 
0.0346778 0.255836 2.15673 
0.0346778 0.255836 2.15673 
0.0355515 0.220056 2.69847 
0.0309118 0.276879 1.69265 
0.033594 0.266838 1.96358 
0.0354851 0.234323 2.48531 
0.0313784 0.276057 1.72983 
0.0316535 0.275433 1.75315 
0.0343055 0.260543 2.07837 
0.0305929 0.277287 1.66873 
0.033594 0.266838 1.96358 
0.0348559 0.253011 2.20193 
0.0346778 0.255836 2.15673 
0.0343055 0.260543 2.07837 
0.032794 0.27147 1.86447 
0.0348559 0.253011 2.20193 
0.0334107 0.268081 1.93872 
0.0355515 0.220056 2.69847 
0.0354851 0.234323 2.48531 
0.0355515 0.220056 2.69847 
0.0346778 0.255836 2.15673 
0.0348559 0.253011 2.20193 
0.0309118 0.276879 1.69265 
0.0354346 0.237259 2.44164 
0.032794 0.27147 1.86447 
0.0354851 0.234323 2.48531 
0.0346778 0.255836 2.15673 
0.0348559 0.253011 2.20193 
0.0317469 0.275196 1.76133 
0.0334119 0.268072 1.93889 
0.0343055 0.260543 2.07837 
0.0346778 0.255836 2.15673 
0.0355515 0.220056 2.69847 
0.0334107 0.268081 1.93872 
0.0316535 0.275433 1.75315 
0.0297123 0.277855 1.60791 
0.0355515 0.220056 2.69847 
0.0309118 0.276879 1.69265 
0.0333101 0.268712 1.92569 
0.032794 0.27147 1.86447 
0.0346778 0.255836 2.15673 
0.0346778 0.255836 2.15673 
0.0355515 0.220056 2.69847 
0.0316535 0.275433 1.75315 
0.0343352 0.260213 2.08402 
0.0346778 0.255836 2.15673 
0.0316535 0.275433 1.75315 
0.0343055 0.260543 2.07837 
0.0334107 0.268081 1.93872 
0.033594 0.266838 1.96358 
0.0316535 0.275433 1.75315 
0.0352138 0.245284 2.32126 
0.0334107 0.268081 1.93872 
0.0309118 0.276879 1.69265 
0.0305929 0.277287 1.66873 
0.0319758 0.274555 1.78199 
0.0346778 0.255836 2.15673 
0.0334107 0.268081 1.93872 
0.0334107 0.268081 1.93872 
0.0343352 0.260213 2.08402 
0.0346778 0.255836 2.15673 
0.033594 0.266838 1.96358 
0.0352138 0.245284 2.32126 
0.0319758 0.274555 1.78199 
0.0319758 0.274555 1.78199 
0.033594 0.266838 1.96358 
0.0343352 0.260213 2.08402 
0.032794 0.27147 1.86447 
0.0297123 0.277855 1.60791 
0.0354517 0.236352 2.45514 
0.0316535 0.275433 1.75315 
0.0346778 0.255836 2.15673 
0.0354851 0.234323 2.48531 
0.0346778 0.255836 2.15673 
0.0355515 0.220056 2.69847 
0.0352138 0.245284 2.32126 
0.0343352 0.260213 2.08402 
0.0348559 0.253011 2.20193 
0.0316535 0.275433 1.75315 
0.0343352 0.260213 2.08402 
0.0316535 0.275433 1.75315 
0.0355515 0.220056 2.69847 
0.033594 0.266838 1.96358 
0.0346778 0.255836 2.15673 
0.0355515 0.220056 2.69847 
0.0354851 0.234323 2.48531 
0.0319758 0.274555 1.78199 
0.0348559 0.253011 2.20193 
0.0355515 0.220056 2.69847 
0.0354346 0.237259 2.44164 
0.0343055 0.260543 2.07837 
0.0355515 0.220056 2.69847 
0.0315718 0.27563 1.7461 
0.0343352 0.260213 2.08402 
0.033594 0.266838 1.96358 
0.032794 0.27147 1.86447 
0.033594 0.266838 1.96358 
0.0352138 0.245284 2.32126 
0.0334107 0.268081 1.93872 
0.0309118 0.276879 1.69265 
0.033594 0.266838 1.96358 
0.0355515 0.220056 2.69847 
0.0305929 0.277287 1.66873 
0.0343055 0.260543 2.07837 
0.033594 0.266838 1.96358 
0.0346778 0.255836 2.15673 
0.0319758 0.274555 1.78199 
0.032794 0.27147 1.86447 
0.0354517 0.236352 2.45514 
0.0333101 0.268712 1.92569 
0.032598 0.272337 1.8433 
0.0333101 0.268712 1.92569 
0.0319758 0.274555 1.78199 
0.0333101 0.268712 1.92569 
0.032794 0.27147 1.86447 
0.0352138 0.245284 2.32126 
0.0352138 0.245284 2.32126 
0.0309118 0.276879 1.69265 
0.0346778 0.255836 2.15673 
0.0352138 0.245284 2.32126 
0.0303979 0.277481 1.65464 
0.0355515 0.220056 2.69847 
0.0316535 0.275433 1.75315 
0.0343055 0.260543 2.07837 
0.0316535 0.275433 1.75315 
0.0334107 0.268081 1.93872 
0.0309118 0.276879 1.69265 
0.033594 0.266838 1.96358 
0.032598 0.272337 1.8433 
0.0334107 0.268081 1.93872 
0.0333101 0.268712 1.92569 
0.032794 0.27147 1.86447 
0.033594 0.266838 1.96358 
0.033594 0.266838 1.96358 
0.0352138 0.245284 2.32126 
0.0346778 0.255836 2.15673 
0.0334107 0.268081 1.93872 
0.0334107 0.268081 1.93872 
0.0313784 0.276057 1.72983 
0.0352138 0.245284 2.32126 
0.0348559 0.253011 2.20193 
0.0343055 0.260543 2.07837 
0.0297123 0.277855 1.60791 
0.0346778 0.255836 2.15673 
0.0355515 0.220056 2.69847 
0.0343352 0.260213 2.08402 
0.0355515 0.220056 2.69847 
0.0355515 0.220056 2.69847 
0.0346778 0.255836 2.15673 
0.0343055 0.260543 2.07837 
0.0333101 0.268712 1.92569 
0.032794 0.27147 1.86447 
0.0355515 0.220056 2.69847 
0.0309118 0.276879 1.69265 
0.0316535 0.275433 1.75315 
0.0309118 0.276879 1.69265 
0.0354851 0.234323 2.48531 
0.0348559 0.253011 2.20193 
0.0346778 0.255836 2.15673 
0.0319758 0.274555 1.78199 
0.0346778 0.255836 2.15673 
0.0333101 0.268712 1.92569 
0.0309118 0.276879 1.69265 
0.0355515 0.220056 2.69847 
0.0346778 0.255836 2.15673 
0.0334119 0.268072 1.93889 
0.0333101 0.268712 1.92569 
0.0355515 0.220056 2.69847 
0.0346778 0.255836 2.15673 
0.033594 0.266838 1.96358 
0.033594 0.266838 1.96358 
0.0348559 0.253011 2.20193 
0.0309118 0.276879 1.69265 
0.0354346 0.237259 2.44164 
0.0346778 0.255836 2.15673 
0.0346778 0.255836 2.15673 
0.0355515 0.220056 2.69847 
0.0355515 0.220056 2.69847 
0.033594 0.266838 1.96358 
0.0346778 0.255836 2.15673 
0.0333101 0.268712 1.92569 
0.0297123 0.277855 1.60791 
0.0309118 0.276879 1.69265 
0.0354517 0.236352 2.45514 
0.033594 0.266838 1.96358 
0.0334107 0.268081 1.93872 
0.0334107 0.268081 1.93872 
0.0305929 0.277287 1.66873 
0.0354851 0.234323 2.48531 
0.0346778 0.255836 2.15673 
0.0346778 0.255836 2.15673 
0.033594 0.266838 1.96358 
0.0352138 0.245284 2.32126 
0.0343055 0.260543 2.07837 
0.0355515 0.220056 2.69847 
0.0355515 0.220056 2.69847 
0.033594 0.266838 1.96358 
0.0309118 0.276879 1.69265 
0.0346778 0.255836 2.15673 
0.0334119 0.268072 1.93889 
0.0333101 0.268712 1.92569 
0.0305929 0.277287 1.66873 
0.0352138 0.245284 2.32126 
0.0348559 0.253011 2.20193 
0.0354851 0.234323 2.48531 
0.0352138 0.245284 2.32126 
0.0352138 0.245284 2.32126 
0.0305929 0.277287 1.66873 
0.0343352 0.260213 2.08402 
0.0354346 0.237259 2.44164 
0.0354851 0.234323 2.48531 
0.0333101 0.268712 1.92569 
0.033594 0.266838 1.96358 
0.0355515 0.220056 2.69847 
0.0346778 0.255836 2.15673 
0.0334107 0.268081 1.93872 
0.0348559 0.253011 2.20193 
0.033594 0.266838 1.96358 
0.0348559 0.253011 2.20193 
0.0343055 0.260543 2.07837 
0.032794 0.27147 1.86447 
0.0346778 0.255836 2.15673 
0.032794 0.27147 1.86447 
0.0305929 0.277287 1.66873 
0.0343055 0.260543 2.07837 
0.0346778 0.255836 2.15673 
0.0309118 0.276879 1.69265 
0.032794 0.27147 1.86447 
0.0346778 0.255836 2.15673 
0.0346778 0.255836 2.15673 
0.0355515 0.220056 2.69847 
0.0313784 0.276057 1.72983 
0.0333101 0.268712 1.92569 
0.0346778 0.255836 2.15673 
0.0346778 0.255836 2.15673 
0.0305929 0.277287 1.66873 
0.0334107 0.268081 1.93872 
0.0309118 0.276879 1.69265 
0.033594 0.266838 1.96358 
0.0297123 0.277855 1.60791 
0.0333101 0.268712 1.92569 
0.0343055 0.260543 2.07837 
0.0317469 0.275196 1.76133 
0.0346778 0.255836 2.15673 
0.0352138 0.245284 2.32126 
0.0343352 0.260213 2.08402 
0.0348559 0.253011 2.20193 
0.0354851 0.234323 2.48531 
0.0316535 0.275433 1.75315 
0.0355515 0.220056 2.69847 
0.0333101 0.268712 1.92569 
0.0305929 0.277287 1.66873 
0.0334107 0.268081 1.93872 
0.0305929 0.277287 1.66873 
0.032794 0.27147 1.86447 
0.0297123 0.277855 1.60791 
0.0348559 0.253011 2.20193 
0.0355515 0.220056 2.69847 
0.033594 0.266838 1.96358 
0.0355515 0.220056 2.69847 
0.0343055 0.260543 2.07837 
0.0348559 0.253011 2.20193 
0.0334107 0.268081 1.93872 
0.0334119 0.268072 1.93889 
0.0354851 0.234323 2.48531 
0.0319758 0.274555 1.78199 
0.0346778 0.255836 2.15673 
0.0333101 0.268712 1.92569 
0.0354851 0.234323 2.48531 
0.0315718 0.27563 1.7461 
0.0333101 0.268712 1.92569 
0.0334119 0.268072 1.93889 
0.0354517 0.236352 2.45514 
0.0346778 0.255836 2.15673 
0.0346778 0.255836 2.15673 
0.0355515 0.220056 2.69847 
0.0355515 0.220056 2.69847 
0.0352138 0.245284 2.32126 
0.0334107 0.268081 1.93872 
0.0309118 0.276879 1.69265 
0.0352138 0.245284 2.32126 
0.0334107 0.268081 1.93872 
0.0317469 0.275196 1.76133 
0.032794 0.27147 1.86447 
0.0348559 0.253011 2.20193 
0.0354851 0.234323 2.48531 
0.0346778 0.255836 2.15673 
0.033594 0.266838 1.96358 
0.0313784 0.276057 1.72983 
0.0305929 0.277287 1.66873 
0.033594 0.266838 1.96358 
0.0309118 0.276879 1.69265 
0.0333101 0.268712 1.92569 
0.0348559 0.253011 2.20193 
0.0308662 0.276945 1.68915 
0.0355515 0.220056 2.69847 
0.0348559 0.253011 2.20193 
0.0313784 0.276057 1.72983 
0.0333101 0.268712 1.92569 
0.0346778 0.255836 2.15673 
0.0352138 0.245284 2.32126 
0.0309118 0.276879 1.69265 
0.032598 0.272337 1.8433 
0.0319758 0.274555 1.78199 
0.0346778 0.255836 2.15673 
0.0346778 0.255836 2.15673 
0.0346778 0.255836 2.15673 
0.0346778 0.255836 2.15673 
0.0346778 0.255836 2.15673 
0.033594 0.266838 1.96358 
0.0346778 0.255836 2.15673 
0.033594 0.266838 1.96358 
0.0352138 0.245284 2.32126 
0.0355515 0.220056 2.69847 
0.0346778 0.255836 2.15673 
0.033594 0.266838 1.96358 
0.0313784 0.276057 1.72983 
0.033594 0.266838 1.96358 
0.033594 0.266838 1.96358 
0.033594 0.266838 1.96358 
0.0313784 0.276057 1.72983 
0.033594 0.266838 1.96358 
0.0334107 0.268081 1.93872 
0.0309118 0.276879 1.69265 
0.033594 0.266838 1.96358 
0.0309118 0.276879 1.69265 
0.032794 0.27147 1.86447 
0.0305929 0.277287 1.66873 
0.0333101 0.268712 1.92569 
0.0348559 0.253011 2.20193 
0.0334119 0.268072 1.93889 
0.0309118 0.276879 1.69265 
0.0343055 0.260543 2.07837 
0.0353992 0.238923 2.41683 
0.0316535 0.275433 1.75315 
0.0346778 0.255836 2.15673 
0.0352138 0.245284 2.32126 
0.0333101 0.268712 1.92569 
0.0343055 0.260543 2.07837 
0.0348559 0.253011 2.20193 
0.033594 0.266838 1.96358 
0.0343352 0.260213 2.08402 
0.0354517 0.236352 2.45514 
0.0334107 0.268081 1.93872 
0.032794 0.27147 1.86447 
0.0354346 0.237259 2.44164 
0.0334107 0.268081 1.93872 
0.0355515 0.220056 2.69847 
0.033594 0.266838 1.96358 
0.0346778 0.255836 2.15673 
0.0348559 0.253011 2.20193 
0.033594 0.266838 1.96358 
0.0309118 0.276879 1.69265 
0.0334107 0.268081 1.93872 
0.0333101 0.268712 1.92569 
0.033594 0.266838 1.96358 
