0.076 0.45977 0.260087 0.303823 0.933 
1.098 0.320047 0.1 1.39347 1000 
0.206 0.454545 0.260087 1.39347 0.871345 
1.054 0.335159 0.1 1.31587 1000 
0 0 0.1 1.39347 1.50223 
0.256 0.0738007 0.260087 1.85673 1000 
0.014 0.0506329 0.260087 0.740033 1000 
0 0 0.1 1.31587 1000 
0.064 0.0546448 0.1 0.303823 1000 
0.04 0.163934 0.260087 1.31587 0.933 
0 0 0.260087 1.39347 0.871345 
0.058 0.0662252 0.1 0.183494 1000 
0.91 0.427902 0.260087 0.183494 1000 
0 0 0.1 0.183494 1000 
0 0 0.260087 0.303823 0.933 
0 0 0.476574 1.39347 0.871345 
0.038 0.0668896 0.260087 0.183494 1000 
0.144 0.168971 0.1 2.13158 1000 
0.004 0.05 0.260087 1.39347 1000 
0.158 0.0623053 0.1 1.31587 1000 
