0.898368 0.33868 19.1924 422.748 0.191976 
0.988124 0.0677783 132.576 100000 0.0598114 
0.962486 0.18414 42.3951 100000 0.105522 
0.990375 0.0548938 191.924 100000 0.191976 
0.970678 0.149824 51.3611 100000 0.0496508 
0.898692 0.33816 19.6394 475.578 0.230029 
0.991209 0.0501705 209.613 100000 0.180141 
0.991924 0.0459344 229.766 100000 0.176361 
0.988307 0.0672525 142.912 100000 0.111937 
0.996119 0.0168037 598.036 100000 0.0779931 
0.930406 0.282187 25.257 100000 0.230582 
0.995557 0.020998 527.588 100000 0.185367 
0.993892 0.0340105 285.794 100000 0.0771469 
0.907501 0.330374 0.250673 100000 20.0189 
0.988039 0.0683636 132.576 100000 0.066366 
0.886155 0.375012 0.0445477 100000 13.1061 
0.991089 0.0513802 191.924 100000 0.112603 
0.663145 0.546874 0.278913 100000 4.46838 
0.53698 0.574312 0.532023 100000 3.29857 
0.863791 0.405899 0.250673 100000 13.1061 
0.994963 0.025895 422.305 100000 0.180141 
0.783304 0.486296 0.0893999 100000 6.60408 
0.754629 0.508077 0.253476 100000 6.60408 
0.988124 0.0677783 132.576 100000 0.0598114 
0.981846 0.0967927 0.193027 100000 103.967 
0.807359 0.471057 0.190062 100000 8.35873 
0.752255 0.509541 0.243868 100000 6.47273 
0.663145 0.546874 0.278913 100000 4.46838 
0.826169 0.452614 0.0928384 100000 8.582 
0.807359 0.471057 0.190062 100000 8.35873 
0.994485 0.0300165 332.485 100000 0.0928047 
0.995282 0.0241385 423.951 100000 0.105522 
0.932022 0.278455 22.5334 100000 0.0928047 
0.837016 0.439693 0.253476 100000 10.7278 
0.912918 0.324356 19.1924 100000 0.191976 
0.930406 0.282187 25.257 100000 0.230582 
0.973604 0.136404 70.8401 100000 0.257229 
0.995282 0.0241385 423.951 100000 0.105522 
0.646336 0.552438 0.36709 100000 4.46838 
0.994092 0.0324971 285.794 100000 0.0442206 
0.993341 0.0374916 252.57 100000 0.0623638 
0.985261 0.0821775 0.0937625 100000 117.171 
0.783304 0.486296 0.0893999 100000 6.60408 
0.663145 0.546874 0.278913 100000 4.46838 
0.988124 0.0677783 132.576 100000 0.0598114 
0.752255 0.509541 0.243868 100000 6.47273 
0.988808 0.0641957 142.912 100000 0.0702864 
0.995683 0.0195017 0.0743419 100000 532.189 
0.352553 0.585451 1.19966 100000 1.9201 
0.734296 0.518339 0.190062 100000 5.65794 
0.841767 0.437464 0.136101 100000 9.97205 
0.860582 0.409987 12.417 100000 0.274517 
0.970678 0.149824 51.3611 100000 0.0496508 
0.53698 0.574312 0.532023 100000 3.29857 
0.807359 0.471057 0.190062 100000 8.35873 
0.995367 0.0236088 419.288 100000 0.0771469 
0.894238 0.359974 0.193027 100000 16.4486 
0.989051 0.0599166 0.190062 100000 177.047 
0.996235 0.0156498 628.067 100000 0.0598114 
0.752255 0.509541 0.243868 100000 6.47273 
0.996119 0.0168037 598.036 100000 0.0779931 
0.752255 0.509541 0.243868 100000 6.47273 
0.752255 0.509541 0.243868 100000 6.47273 
0.907501 0.330374 0.250673 100000 20.0189 
0.749169 0.510893 0.278913 100000 6.56379 
0.886155 0.375012 0.0445477 100000 13.1061 
0.992915 0.0402159 253.836 100000 0.128894 
0.807359 0.471057 0.190062 100000 8.35873 
0.752255 0.509541 0.243868 100000 6.47273 
0.807359 0.471057 0.190062 100000 8.35873 
0.801512 0.474953 0.244188 100000 8.46509 
0.956862 0.204068 0.0506313 100000 36.855 
0.754629 0.508077 0.253476 100000 6.60408 
0.725917 0.522007 0.343768 100000 6.17984 
0.911827 0.325651 19.6394 100000 0.230029 
0.990375 0.0548938 191.924 100000 0.191976 
0.987319 0.071654 0.050301 100000 131.061 
0.989051 0.0599166 0.190062 100000 177.047 
0.752255 0.509541 0.243868 100000 6.47273 
0.53698 0.574312 0.532023 100000 3.29857 
0.988124 0.0677783 132.576 100000 0.0598114 
0.898893 0.337789 19.1924 422.748 0.185367 
0.366306 0.579691 0.551508 100000 1.76364 
0.863791 0.405899 0.250673 100000 13.1061 
0.682704 0.53749 0.18327 100000 4.46838 
0.95387 0.213017 38.733 100000 0.228286 
0.504451 0.576365 0.735382 100000 3.26374 
0.988124 0.0677783 132.576 100000 0.0598114 
0.754629 0.508077 0.253476 100000 6.60408 
0.485258 0.579081 0.735382 100000 3.03552 
0.770978 0.497769 0.254542 100000 7.19398 
0.92263 0.301499 22.5334 100000 0.228286 
0.943711 0.242016 33.4991 100000 0.296132 
0.663145 0.546874 0.278913 100000 4.46838 
0.754629 0.508077 0.253476 100000 6.60408 
0.340348 0.585592 1.28502 100000 1.76364 
0.807359 0.471057 0.190062 100000 8.35873 
0.972558 0.139092 0.190062 100000 67.5978 
0.905391 0.332705 0.278913 100000 20.0189 
0.961206 0.186873 38.733 100000 0.0550459 
0.639069 0.554242 0.407133 100000 4.46838 
0.663145 0.546874 0.278913 100000 4.46838 
0.824849 0.454233 0.101521 100000 8.582 
0.950013 0.225847 30.3078 100000 0.0702864 
0.994092 0.0324971 285.794 100000 0.0442206 
0.863791 0.405899 0.250673 100000 13.1061 
0.752255 0.509541 0.243868 100000 6.47273 
0.82503 0.45266 0.0743419 100000 8.35873 
0.663145 0.546874 0.278913 100000 4.46838 
0.961003 0.187916 38.733 100000 0.0598114 
0.941808 0.248792 25.257 100000 0.048969 
0.31065 0.5858 1.00644 100000 1.45497 
0.752255 0.509541 0.243868 100000 6.47273 
0.752255 0.509541 0.243868 100000 6.47273 
0.646336 0.552438 0.36709 100000 4.46838 
0.996023 0.0180891 527.588 100000 0.0442206 
0.930406 0.282187 25.257 100000 0.230582 
0.995282 0.0241385 423.951 100000 0.105522 
0.894238 0.359974 0.193027 100000 16.4486 
0.995557 0.020998 527.588 100000 0.185367 
0.504451 0.576365 0.735382 100000 3.26374 
0.93689 0.266578 25.257 100000 0.126746 
0.914159 0.321913 19.1924 100000 0.176361 
0.837016 0.439693 0.253476 100000 10.7278 
0.930406 0.282187 25.257 100000 0.230582 
0.993341 0.0374916 252.57 100000 0.0623638 
0.996284 0.0152127 631.631 100000 0.0442206 
0.995282 0.0241385 423.951 100000 0.105522 
0.951702 0.221788 0.0619703 100000 33.1722 
0.995557 0.020998 527.588 100000 0.185367 
0.879235 0.387818 0.107143 100000 13.1061 
0.898692 0.33816 19.6394 475.578 0.230029 
0.970678 0.149824 51.3611 100000 0.0496508 
0.663145 0.546874 0.278913 100000 4.46838 
0.857619 0.417925 0.0896475 100000 10.7278 
0.99024 0.0550725 196.394 100000 0.230029 
0.991409 0.0493975 191.924 100000 0.0771469 
0.912918 0.324356 19.1924 100000 0.191976 
0.863791 0.405899 0.250673 100000 13.1061 
0.989051 0.0599166 0.190062 100000 177.047 
0.863791 0.405899 0.250673 100000 13.1061 
0.655855 0.54954 0.316425 100000 4.46838 
0.752255 0.509541 0.243868 100000 6.47273 
0.752255 0.509541 0.243868 100000 6.47273 
0.907501 0.330374 0.250673 100000 20.0189 
0.94002 0.256087 25.257 100000 0.0771469 
0.993329 0.0375828 252.57 100000 0.0641622 
0.894238 0.359974 0.193027 100000 16.4486 
0.818931 0.458745 0.253476 100000 9.50247 
0.822683 0.455711 0.0893999 100000 8.35873 
0.833913 0.44186 0.278913 100000 10.7278 
0.959632 0.194312 38.733 100000 0.0919912 
0.752255 0.509541 0.243868 100000 6.47273 
0.97429 0.13439 70.8401 100000 0.228286 
0.827557 0.450421 0.243868 100000 9.97205 
0.734296 0.518339 0.190062 100000 5.65794 
0.663145 0.546874 0.278913 100000 4.46838 
0.682704 0.53749 0.18327 100000 4.46838 
0.366306 0.579691 0.551508 100000 1.76364 
0.734296 0.518339 0.190062 100000 5.65794 
0.990375 0.0548938 191.924 100000 0.191976 
0.619792 0.557489 0.519765 100000 4.46838 
0.940455 0.254414 25.257 100000 0.0702864 
0.863791 0.405899 0.250673 100000 13.1061 
0.911827 0.325651 19.6394 100000 0.230029 
0.646336 0.552438 0.36709 100000 4.46838 
0.912918 0.324356 19.1924 100000 0.191976 
0.879515 0.385712 0.048481 100000 12.3687 
0.772683 0.496809 0.243868 100000 7.19398 
0.946817 0.227655 0.278913 100000 36.855 
0.993908 0.0337031 275.336 100000 0.0449693 
0.986887 0.0735585 142.912 100000 0.230029 
0.83229 0.445678 0.0743419 100000 8.77543 
0.993892 0.0340105 285.794 100000 0.0771469 
0.970678 0.149824 51.3611 100000 0.0496508 
0.993314 0.0376934 252.57 100000 0.066366 
0.993341 0.0374916 252.57 100000 0.0623638 
0.991924 0.0459344 229.766 100000 0.176361 
0.995201 0.0248928 387.33 100000 0.0598114 
0.994687 0.0285909 334.991 100000 0.0598114 
0.881185 0.38462 0.0893999 100000 13.1061 
0.991416 0.0493454 191.924 100000 0.0762891 
0.994633 0.0289966 334.991 100000 0.0702864 
0.990375 0.0548938 191.924 100000 0.191976 
0.592503 0.564343 0.521316 100000 4.02759 
0.53698 0.574312 0.532023 100000 3.29857 
0.988124 0.0677783 132.576 100000 0.0598114 
0.95387 0.213017 38.733 100000 0.228286 
0.898893 0.337789 19.1924 422.748 0.185367 
0.751099 0.510155 0.250673 100000 6.47273 
0.908011 0.329775 0.243868 100000 20.0189 
0.801512 0.474953 0.244188 100000 8.46509 
0.485258 0.579081 0.735382 100000 3.03552 
0.996235 0.0156498 628.067 100000 0.0598114 
0.801512 0.474953 0.244188 100000 8.46509 
0.807359 0.471057 0.190062 100000 8.35873 
0.752255 0.509541 0.243868 100000 6.47273 
0.754629 0.508077 0.253476 100000 6.60408 
0.993268 0.0380385 253.836 100000 0.0771469 
0.991195 0.0502729 180.307 100000 0.0472847 
0.981023 0.0975238 0.278913 100000 107.278 
0.991195 0.0502729 180.307 100000 0.0472847 
0.837016 0.439693 0.253476 100000 10.7278 
0.973411 0.138156 68.5755 100000 0.230582 
0.754629 0.508077 0.253476 100000 6.60408 
0.770978 0.497769 0.254542 100000 7.19398 
0.989051 0.0599166 0.190062 100000 177.047 
0.799425 0.476717 0.243868 100000 8.35873 
0.987229 0.0731204 132.576 100000 0.128894 
0.982972 0.0893245 0.250673 100000 117.171 
0.811648 0.467296 0.190062 100000 8.582 
0.807359 0.471057 0.190062 100000 8.35873 
0.988307 0.0672525 142.912 100000 0.111937 
0.996213 0.0160751 598.036 100000 0.0458654 
0.996084 0.0173764 563.362 100000 0.0598114 
0.822683 0.455711 0.0893999 100000 8.35873 
0.995282 0.0241385 423.951 100000 0.105522 
0.988624 0.0654629 149.551 100000 0.126746 
0.752255 0.509541 0.243868 100000 6.47273 
0.886155 0.375012 0.0445477 100000 13.1061 
0.725917 0.522007 0.343768 100000 6.17984 
0.943711 0.242016 33.4991 100000 0.296132 
0.754629 0.508077 0.253476 100000 6.60408 
0.639069 0.554242 0.407133 100000 4.46838 
0.725917 0.522007 0.343768 100000 6.17984 
0.736025 0.518289 0.24863 100000 6.0029 
0.994284 0.0304279 0.0619703 100000 331.722 
0.670147 0.543912 0.243868 100000 4.46838 
0.990075 0.0562015 0.0743419 100000 175.044 
0.988039 0.0683636 132.576 100000 0.066366 
0.663145 0.546874 0.278913 100000 4.46838 
0.53698 0.574312 0.532023 100000 3.29857 
0.655855 0.54954 0.316425 100000 4.46838 
0.807359 0.471057 0.190062 100000 8.35873 
0.749169 0.510893 0.278913 100000 6.56379 
0.911827 0.325651 19.6394 100000 0.230029 
0.996284 0.0152127 631.631 100000 0.0442206 
0.752255 0.509541 0.243868 100000 6.47273 
0.837016 0.439693 0.253476 100000 10.7278 
0.752255 0.509541 0.243868 100000 6.47273 
0.485258 0.579081 0.735382 100000 3.03552 
0.754629 0.508077 0.253476 100000 6.60408 
0.725917 0.522007 0.343768 100000 6.17984 
0.837016 0.439693 0.253476 100000 10.7278 
0.790648 0.483677 0.134582 100000 7.19398 
0.352553 0.585451 1.19966 100000 1.9201 
0.988124 0.0677783 132.576 100000 0.0598114 
0.82503 0.45266 0.0743419 100000 8.35873 
0.991705 0.0472281 191.924 100000 0.0442206 
0.770978 0.497769 0.254542 100000 7.19398 
0.988307 0.0672525 142.912 100000 0.111937 
0.992899 0.0403237 252.57 100000 0.126746 
0.663145 0.546874 0.278913 100000 4.46838 
0.990375 0.0548938 191.924 100000 0.191976 
0.990375 0.0548938 191.924 100000 0.191976 
0.992899 0.0403237 252.57 100000 0.126746 
0.993341 0.0374916 252.57 100000 0.0623638 
0.755033 0.507928 0.243868 100000 6.56379 
0.993466 0.0365228 252.57 100000 0.0442206 
0.993892 0.0340105 285.794 100000 0.0771469 
0.352553 0.585451 1.19966 100000 1.9201 
0.663145 0.546874 0.278913 100000 4.46838 
0.756242 0.507215 0.243868 100000 6.60408 
0.782438 0.490431 0.183818 100000 7.19398 
0.990516 0.0542829 191.924 100000 0.176361 
0.829716 0.445796 0.0445477 100000 8.35873 
0.881921 0.383338 0.0827267 100000 13.1061 
0.818931 0.458745 0.253476 100000 9.50247 
0.996119 0.0168037 598.036 100000 0.0779931 
0.725917 0.522007 0.343768 100000 6.17984 
0.996398 0.0101549 984.117 100000 0.0598114 
0.752255 0.509541 0.243868 100000 6.47273 
0.783304 0.486296 0.0893999 100000 6.60408 
0.992253 0.0441899 211.171 100000 0.0598114 
0.992915 0.0402159 253.836 100000 0.128894 
0.756485 0.506551 0.278913 100000 6.80955 
0.663145 0.546874 0.278913 100000 4.46838 
0.734296 0.518339 0.190062 100000 5.65794 
0.53698 0.574312 0.532023 100000 3.29857 
0.993341 0.0374916 252.57 100000 0.0623638 
0.558722 0.57038 0.407133 100000 3.29857 
0.996376 0.0137205 708.401 100000 0.048969 
0.754629 0.508077 0.253476 100000 6.60408 
0.973411 0.138156 68.5755 100000 0.230582 
0.639069 0.554242 0.407133 100000 4.46838 
0.941808 0.248792 25.257 100000 0.048969 
0.863791 0.405899 0.250673 100000 13.1061 
0.670147 0.543912 0.243868 100000 4.46838 
0.944845 0.240947 27.0396 100000 0.0598114 
0.979879 0.0989912 0.369738 100000 108.905 
0.94002 0.256087 25.257 100000 0.0771469 
0.670147 0.543912 0.243868 100000 4.46838 
0.95387 0.213017 38.733 100000 0.228286 
0.994098 0.0304459 383.483 100000 0.296132 
0.995282 0.0241385 423.951 100000 0.105522 
0.782438 0.490431 0.183818 100000 7.19398 
0.911757 0.326814 18.923 100000 0.191976 
0.894238 0.359974 0.193027 100000 16.4486 
0.504451 0.576365 0.735382 100000 3.26374 
0.995869 0.0193656 515.453 100000 0.0771469 
0.612898 0.558153 0.562547 100000 4.46838 
0.752255 0.509541 0.243868 100000 6.47273 
0.788741 0.485377 0.145915 100000 7.19398 
0.752255 0.509541 0.243868 100000 6.47273 
0.53698 0.574312 0.532023 100000 3.29857 
0.754629 0.508077 0.253476 100000 6.60408 
0.807359 0.471057 0.190062 100000 8.35873 
0.914159 0.321913 19.1924 100000 0.176361 
0.654889 0.549864 0.32148 100000 4.46838 
0.888877 0.366025 0.253476 100000 16.4486 
0.782438 0.490431 0.183818 100000 7.19398 
0.99024 0.0550725 196.394 100000 0.230029 
0.970346 0.15174 51.3611 100000 0.0598114 
0.822683 0.455711 0.0893999 100000 8.35873 
0.990375 0.0548938 191.924 100000 0.191976 
0.930406 0.282187 25.257 100000 0.230582 
0.822683 0.455711 0.0893999 100000 8.35873 
0.749169 0.510893 0.278913 100000 6.56379 
0.754629 0.508077 0.253476 100000 6.60408 
0.74288 0.51473 0.243868 100000 6.17984 
0.995282 0.0241385 423.951 100000 0.105522 
0.82503 0.45266 0.0743419 100000 8.35873 
0.930406 0.282187 25.257 100000 0.230582 
0.576685 0.565563 0.621028 100000 4.02759 
0.995201 0.0248928 387.33 100000 0.0598114 
0.833913 0.44186 0.278913 100000 10.7278 
0.93689 0.266578 25.257 100000 0.126746 
0.754629 0.508077 0.253476 100000 6.60408 
0.783304 0.486296 0.0893999 100000 6.60408 
0.754629 0.508077 0.253476 100000 6.60408 
0.991209 0.0501705 209.613 100000 0.180141 
0.783304 0.486296 0.0893999 100000 6.60408 
0.94002 0.256087 25.257 100000 0.0771469 
0.863791 0.405899 0.250673 100000 13.1061 
0.807359 0.471057 0.190062 100000 8.35873 
0.943465 0.244064 0.18327 100000 31.7432 
0.993324 0.0376149 252.57 100000 0.0647993 
0.898692 0.33816 19.6394 475.578 0.230029 
0.672406 0.542867 0.232756 100000 4.46838 
0.682704 0.53749 0.18327 100000 4.46838 
0.995282 0.0241385 423.951 100000 0.105522 
0.987303 0.0717366 0.0515059 100000 131.061 
0.619792 0.557489 0.519765 100000 4.46838 
0.995201 0.0248928 387.33 100000 0.0598114 
0.53698 0.574312 0.532023 100000 3.29857 
0.988124 0.0677783 132.576 100000 0.0598114 
0.995282 0.0241385 423.951 100000 0.105522 
0.752255 0.509541 0.243868 100000 6.47273 
0.990375 0.0548938 191.924 100000 0.191976 
0.863791 0.405899 0.250673 100000 13.1061 
0.835629 0.441704 0.243868 100000 10.5366 
0.961206 0.186873 38.733 100000 0.0550459 
0.972558 0.139092 0.190062 100000 67.5978 
0.811648 0.467296 0.190062 100000 8.582 
0.756242 0.507215 0.243868 100000 6.60408 
0.751099 0.510155 0.250673 100000 6.47273 
0.761543 0.503934 0.190062 100000 6.47273 
0.886155 0.375012 0.0445477 100000 13.1061 
0.485258 0.579081 0.735382 100000 3.03552 
0.993892 0.0340105 285.794 100000 0.0771469 
0.837016 0.439693 0.253476 100000 10.7278 
0.749169 0.510893 0.278913 100000 6.56379 
0.775163 0.494114 0.134582 100000 6.60408 
0.754629 0.508077 0.253476 100000 6.60408 
0.964273 0.175771 42.3951 100000 0.0598114 
0.857651 0.417877 0.0893999 100000 10.7278 
0.754629 0.508077 0.253476 100000 6.60408 
0.960264 0.191494 38.733 100000 0.0771469 
0.996284 0.0152127 631.631 100000 0.0442206 
0.995557 0.020998 527.588 100000 0.185367 
0.725917 0.522007 0.343768 100000 6.17984 
0.995282 0.0241385 423.951 100000 0.105522 
0.725917 0.522007 0.343768 100000 6.17984 
0.995993 0.0183652 521.88 100000 0.0472847 
0.754629 0.508077 0.253476 100000 6.60408 
0.755099 0.507829 0.250673 100000 6.60408 
0.828954 0.448532 0.253476 100000 10.1497 
0.967548 0.164596 51.3611 100000 0.145835 
0.985261 0.0821775 0.0937625 100000 117.171 
0.994754 0.0272043 0.0506313 100000 368.55 
0.993428 0.0368224 252.57 100000 0.0496508 
0.981846 0.0967927 0.193027 100000 103.967 
0.746345 0.512504 0.278913 100000 6.47273 
0.981023 0.0975238 0.278913 100000 107.278 
0.994633 0.0289966 334.991 100000 0.0702864 
0.818931 0.458745 0.253476 100000 9.50247 
0.754629 0.508077 0.253476 100000 6.60408 
0.824849 0.454233 0.101521 100000 8.582 
0.99024 0.0550725 196.394 100000 0.230029 
0.646336 0.552438 0.36709 100000 4.46838 
0.764092 0.502415 0.243868 100000 6.87553 
0.995282 0.0241385 423.951 100000 0.105522 
0.993908 0.0337031 275.336 100000 0.0449693 
0.907212 0.330708 0.254542 100000 20.0189 
0.807359 0.471057 0.190062 100000 8.35873 
0.990033 0.0562531 191.924 100000 0.230029 
0.983964 0.0888556 0.0937625 100000 107.278 
0.993359 0.0373607 252.57 100000 0.0598114 
0.984528 0.0836403 0.190062 100000 122.513 
0.993466 0.0365228 252.57 100000 0.0442206 
0.818931 0.458745 0.253476 100000 9.50247 
0.663145 0.546874 0.278913 100000 4.46838 
0.655855 0.54954 0.316425 100000 4.46838 
0.982499 0.0905639 0.278913 100000 116.734 
0.807359 0.471057 0.190062 100000 8.35873 
0.781411 0.49118 0.190062 100000 7.19398 
0.736822 0.517687 0.278913 100000 6.17984 
0.717621 0.526978 0.250673 100000 5.51826 
0.988935 0.063326 142.912 100000 0.0598114 
0.752255 0.509541 0.243868 100000 6.47273 
0.968857 0.159214 51.3611 100000 0.105522 
0.772683 0.496809 0.243868 100000 7.19398 
0.990375 0.0548938 191.924 100000 0.191976 
0.807359 0.471057 0.190062 100000 8.35873 
0.885717 0.375959 0.048481 100000 13.1061 
0.991409 0.0493975 191.924 100000 0.0771469 
0.756242 0.507215 0.243868 100000 6.60408 
0.754629 0.508077 0.253476 100000 6.60408 
0.996363 0.0140548 685.755 100000 0.0442206 
0.752255 0.509541 0.243868 100000 6.47273 
0.988808 0.0641957 142.912 100000 0.0702864 
0.833594 0.442042 0.0445477 100000 8.582 
0.970678 0.149824 51.3611 100000 0.0496508 
0.86317 0.408656 0.0469379 100000 10.7278 
0.770978 0.497769 0.254542 100000 7.19398 
0.663145 0.546874 0.278913 100000 4.46838 
0.907501 0.330374 0.250673 100000 20.0189 
0.977213 0.123007 70.8401 100000 0.105522 
0.991195 0.0502729 180.307 100000 0.0472847 
0.754629 0.508077 0.253476 100000 6.60408 
0.83229 0.445678 0.0743419 100000 8.77543 
0.837016 0.439693 0.253476 100000 10.7278 
0.734296 0.518339 0.190062 100000 5.65794 
0.976122 0.126965 0.0469379 100000 67.5978 
0.886155 0.375012 0.0445477 100000 13.1061 
0.53698 0.574312 0.532023 100000 3.29857 
0.982432 0.0940436 0.190062 100000 107.278 
0.990375 0.0548938 191.924 100000 0.191976 
0.990375 0.0548938 191.924 100000 0.191976 
0.989021 0.0610428 180.307 100000 0.274517 
0.912918 0.324356 19.1924 100000 0.191976 
0.930406 0.282187 25.257 100000 0.230582 
0.995282 0.0241385 423.951 100000 0.105522 
0.995282 0.0241385 423.951 100000 0.105522 
0.991416 0.0493454 191.924 100000 0.0762891 
0.807359 0.471057 0.190062 100000 8.35873 
0.996013 0.0181741 527.588 100000 0.0472847 
0.799425 0.476717 0.243868 100000 8.35873 
0.366306 0.579691 0.551508 100000 1.76364 
0.991112 0.0505964 209.613 100000 0.191976 
0.995557 0.020998 527.588 100000 0.185367 
0.907501 0.330374 0.250673 100000 20.0189 
0.734296 0.518339 0.190062 100000 5.65794 
0.752255 0.509541 0.243868 100000 6.47273 
0.826169 0.452614 0.0928384 100000 8.582 
0.92263 0.301499 22.5334 100000 0.228286 
0.995282 0.0241385 423.951 100000 0.105522 
0.996302 0.0149064 649.539 100000 0.0485402 
0.707539 0.531405 0.278913 100000 5.39767 
0.837016 0.439693 0.253476 100000 10.7278 
0.995282 0.0241385 423.951 100000 0.105522 
0.797117 0.47814 0.259745 100000 8.35873 
0.863791 0.405899 0.250673 100000 13.1061 
0.961003 0.187916 38.733 100000 0.0598114 
0.822683 0.455711 0.0893999 100000 8.35873 
0.799425 0.476717 0.243868 100000 8.35873 
0.751099 0.510155 0.250673 100000 6.47273 
0.639069 0.554242 0.407133 100000 4.46838 
0.992409 0.0434294 229.766 100000 0.111937 
0.770978 0.497769 0.254542 100000 7.19398 
0.990375 0.0548938 191.924 100000 0.191976 
0.801512 0.474953 0.244188 100000 8.46509 
0.987861 0.0695289 132.576 100000 0.0800921 
0.988039 0.0683636 132.576 100000 0.066366 
0.989051 0.0599166 0.190062 100000 177.047 
0.755099 0.507829 0.250673 100000 6.60408 
0.894238 0.359974 0.193027 100000 16.4486 
0.991195 0.0502729 180.307 100000 0.0472847 
0.990943 0.0521932 191.924 100000 0.128894 
0.619792 0.557489 0.519765 100000 4.46838 
0.973411 0.138156 68.5755 100000 0.230582 
0.752255 0.509541 0.243868 100000 6.47273 
0.646336 0.552438 0.36709 100000 4.46838 
0.990033 0.0562531 191.924 100000 0.230029 
0.752255 0.509541 0.243868 100000 6.47273 
0.912918 0.324356 19.1924 100000 0.191976 
0.807359 0.471057 0.190062 100000 8.35873 
0.993908 0.0337031 275.336 100000 0.0449693 
0.913443 0.323342 19.1924 100000 0.185367 
0.863791 0.405899 0.250673 100000 13.1061 
0.987911 0.0692138 132.576 100000 0.0762891 
0.790648 0.483677 0.134582 100000 7.19398 
0.767117 0.49979 0.278913 100000 7.19398 
0.925182 0.292891 19.6394 100000 0.0598114 
0.799594 0.476371 0.250673 100000 8.41609 
0.93689 0.266578 25.257 100000 0.126746 
0.991409 0.0493975 191.924 100000 0.0771469 
0.995107 0.0255543 369.74 100000 0.0472847 
0.750624 0.510403 0.253476 100000 6.47273 
0.992915 0.0402159 253.836 100000 0.128894 
0.995282 0.0241385 423.951 100000 0.105522 
0.911827 0.325651 19.6394 100000 0.230029 
0.863791 0.405899 0.250673 100000 13.1061 
0.504451 0.576365 0.735382 100000 3.26374 
0.985261 0.0821775 0.0937625 100000 117.171 
0.976706 0.125399 70.8401 100000 0.126746 
0.670147 0.543912 0.243868 100000 4.46838 
0.995282 0.0241385 423.951 100000 0.105522 
0.959632 0.194312 38.733 100000 0.0919912 
0.907501 0.330374 0.250673 100000 20.0189 
0.982385 0.094176 0.193027 100000 107.278 
0.663145 0.546874 0.278913 100000 4.46838 
0.959787 0.192561 37.7085 100000 0.0641622 
0.670147 0.543912 0.243868 100000 4.46838 
0.988808 0.0641957 142.912 100000 0.0702864 
0.752255 0.509541 0.243868 100000 6.47273 
0.750443 0.510496 0.254542 100000 6.47273 
0.53698 0.574312 0.532023 100000 3.29857 
0.907501 0.330374 0.250673 100000 20.0189 
0.940573 0.253948 25.257 100000 0.0684169 
0.993138 0.0388975 252.57 100000 0.0919912 
0.973411 0.138156 68.5755 100000 0.230582 
0.989634 0.0576468 191.924 100000 0.274517 
0.663145 0.546874 0.278913 100000 4.46838 
0.993908 0.0337031 275.336 100000 0.0449693 
0.663145 0.546874 0.278913 100000 4.46838 
0.755099 0.507829 0.250673 100000 6.60408 
0.807359 0.471057 0.190062 100000 8.35873 
0.79435 0.479727 0.278913 100000 8.35873 
0.932022 0.278455 22.5334 100000 0.0928047 
0.930406 0.282187 25.257 100000 0.230582 
0.755033 0.507928 0.243868 100000 6.56379 
0.670147 0.543912 0.243868 100000 4.46838 
0.752255 0.509541 0.243868 100000 6.47273 
0.752255 0.509541 0.243868 100000 6.47273 
0.991089 0.0513802 191.924 100000 0.112603 
0.752255 0.509541 0.243868 100000 6.47273 
0.741207 0.51559 0.253476 100000 6.17984 
0.801512 0.474953 0.244188 100000 8.46509 
0.751099 0.510155 0.250673 100000 6.47273 
0.79435 0.479727 0.278913 100000 8.35873 
0.754629 0.508077 0.253476 100000 6.60408 
0.994092 0.0324971 285.794 100000 0.0442206 
0.755033 0.507928 0.243868 100000 6.56379 
0.894238 0.359974 0.193027 100000 16.4486 
0.798026 0.47759 0.253476 100000 8.35873 
0.988826 0.0640763 142.912 100000 0.0688151 
0.996119 0.0168037 598.036 100000 0.0779931 
0.639069 0.554242 0.407133 100000 4.46838 
0.761024 0.504281 0.193027 100000 6.47273 
0.993445 0.0366929 252.57 100000 0.0472847 
0.799425 0.476717 0.243868 100000 8.35873 
0.752255 0.509541 0.243868 100000 6.47273 
0.818931 0.458745 0.253476 100000 9.50247 
0.752255 0.509541 0.243868 100000 6.47273 
0.752255 0.509541 0.243868 100000 6.47273 
0.799425 0.476717 0.243868 100000 8.35873 
0.870242 0.399625 0.190062 100000 13.1061 
0.801512 0.474953 0.244188 100000 8.46509 
0.790648 0.483677 0.134582 100000 7.19398 
0.996023 0.0180891 527.588 100000 0.0442206 
0.670147 0.543912 0.243868 100000 4.46838 
0.801512 0.474953 0.244188 100000 8.46509 
0.752255 0.509541 0.243868 100000 6.47273 
0.94002 0.256087 25.257 100000 0.0771469 
0.754629 0.508077 0.253476 100000 6.60408 
0.681267 0.538304 0.190062 100000 4.46838 
0.894238 0.359974 0.193027 100000 16.4486 
0.82503 0.45266 0.0743419 100000 8.35873 
0.807359 0.471057 0.190062 100000 8.35873 
0.984402 0.0853744 124.17 100000 0.274517 
0.92263 0.301499 22.5334 100000 0.228286 
0.818931 0.458745 0.253476 100000 9.50247 
0.752255 0.509541 0.243868 100000 6.47273 
0.987319 0.071654 0.050301 100000 131.061 
0.485258 0.579081 0.735382 100000 3.03552 
0.53698 0.574312 0.532023 100000 3.29857 
0.663145 0.546874 0.278913 100000 4.46838 
0.909908 0.329678 19.1924 100000 0.230029 
0.799425 0.476717 0.243868 100000 8.35873 
0.725917 0.522007 0.343768 100000 6.17984 
0.763733 0.502666 0.193027 100000 6.56379 
0.725917 0.522007 0.343768 100000 6.17984 
0.987469 0.0713281 125.263 100000 0.0598114 
0.992458 0.0431423 229.766 100000 0.105522 
0.912064 0.324443 0.190062 100000 20.0189 
0.752255 0.509541 0.243868 100000 6.47273 
0.879515 0.385712 0.048481 100000 12.3687 
0.663145 0.546874 0.278913 100000 4.46838 
0.863791 0.405899 0.250673 100000 13.1061 
0.993482 0.0364424 253.836 100000 0.0458654 
0.993466 0.0365228 252.57 100000 0.0442206 
0.974968 0.131398 72.8189 100000 0.228286 
0.82503 0.45266 0.0743419 100000 8.35873 
0.990375 0.0548938 191.924 100000 0.191976 
0.911827 0.325651 19.6394 100000 0.230029 
0.639069 0.554242 0.407133 100000 4.46838 
0.991705 0.0472281 191.924 100000 0.0442206 
0.776218 0.492079 0.108046 100000 6.47273 
0.752255 0.509541 0.243868 100000 6.47273 
0.663145 0.546874 0.278913 100000 4.46838 
0.995533 0.0223144 423.951 100000 0.0442206 
0.592503 0.564343 0.521316 100000 4.02759 
0.990075 0.0562015 0.0743419 100000 175.044 
0.734296 0.518339 0.190062 100000 5.65794 
0.837016 0.439693 0.253476 100000 10.7278 
0.908011 0.329775 0.243868 100000 20.0189 
0.991924 0.0459344 229.766 100000 0.176361 
0.807359 0.471057 0.190062 100000 8.35873 
0.670147 0.543912 0.243868 100000 4.46838 
0.988124 0.0677783 132.576 100000 0.0598114 
0.995683 0.0195017 0.0743419 100000 532.189 
0.752255 0.509541 0.243868 100000 6.47273 
0.92263 0.301499 22.5334 100000 0.228286 
0.991195 0.0502729 180.307 100000 0.0472847 
0.53698 0.574312 0.532023 100000 3.29857 
0.996119 0.0168037 598.036 100000 0.0779931 
0.663145 0.546874 0.278913 100000 4.46838 
0.725917 0.522007 0.343768 100000 6.17984 
0.841767 0.437464 0.136101 100000 9.97205 
0.807359 0.471057 0.190062 100000 8.35873 
0.985489 0.0787519 0.190062 100000 131.061 
0.752255 0.509541 0.243868 100000 6.47273 
0.992783 0.0409779 229.766 100000 0.0623638 
0.993314 0.0376934 252.57 100000 0.066366 
0.837016 0.439693 0.253476 100000 10.7278 
0.790391 0.483911 0.136101 100000 7.19398 
0.951702 0.221788 0.0619703 100000 33.1722 
0.31065 0.5858 1.00644 100000 1.45497 
0.991565 0.0483007 191.924 100000 0.0598114 
0.996084 0.0173764 563.362 100000 0.0598114 
0.770978 0.497769 0.254542 100000 7.19398 
0.752255 0.509541 0.243868 100000 6.47273 
0.670147 0.543912 0.243868 100000 4.46838 
0.504451 0.576365 0.735382 100000 3.26374 
0.750624 0.510403 0.253476 100000 6.47273 
0.991506 0.0487265 191.924 100000 0.066366 
0.996376 0.0137205 708.401 100000 0.048969 
0.752255 0.509541 0.243868 100000 6.47273 
0.993359 0.0373607 252.57 100000 0.0598114 
0.801512 0.474953 0.244188 100000 8.46509 
0.807359 0.471057 0.190062 100000 8.35873 
0.894238 0.359974 0.193027 100000 16.4486 
0.754629 0.508077 0.253476 100000 6.60408 
0.764247 0.502319 0.190062 100000 6.56379 
0.908011 0.329775 0.243868 100000 20.0189 
0.770978 0.497769 0.254542 100000 7.19398 
0.639069 0.554242 0.407133 100000 4.46838 
0.663145 0.546874 0.278913 100000 4.46838 
0.76639 0.500938 0.184487 100000 6.60408 
0.989051 0.0599166 0.190062 100000 177.047 
0.756485 0.506551 0.278913 100000 6.80955 
0.51151 0.57636 0.682618 100000 3.26374 
0.7522 0.509571 0.244188 100000 6.47273 
0.932022 0.278455 22.5334 100000 0.0928047 
0.881921 0.383338 0.0827267 100000 13.1061 
0.592503 0.564343 0.521316 100000 4.02759 
0.99024 0.0550725 196.394 100000 0.230029 
0.770978 0.497769 0.254542 100000 7.19398 
0.639069 0.554242 0.407133 100000 4.46838 
0.969064 0.156466 58.6662 100000 0.230582 
0.996119 0.0168037 598.036 100000 0.0779931 
0.995282 0.0241385 423.951 100000 0.105522 
0.807359 0.471057 0.190062 100000 8.35873 
0.991335 0.0499326 196.394 100000 0.105522 
0.799425 0.476717 0.243868 100000 8.35873 
0.943711 0.242016 33.4991 100000 0.296132 
0.619792 0.557489 0.519765 100000 4.46838 
0.752255 0.509541 0.243868 100000 6.47273 
0.864007 0.405712 0.24863 100000 13.1061 
0.663145 0.546874 0.278913 100000 4.46838 
0.995201 0.0248928 387.33 100000 0.0598114 
0.752255 0.509541 0.243868 100000 6.47273 
0.752412 0.50913 0.190062 100000 6.17984 
0.838156 0.43884 0.244188 100000 10.7278 
0.847312 0.42796 0.048481 100000 9.50247 
0.668773 0.544526 0.250673 100000 4.46838 
0.990075 0.0562015 0.0743419 100000 175.044 
0.752255 0.509541 0.243868 100000 6.47273 
0.946458 0.22877 0.278913 100000 36.5966 
0.837016 0.439693 0.253476 100000 10.7278 
0.837016 0.439693 0.253476 100000 10.7278 
0.973604 0.136404 70.8401 100000 0.257229 
0.911784 0.325722 19.6394 100000 0.230582 
0.930406 0.282187 25.257 100000 0.230582 
0.898893 0.337789 19.1924 422.748 0.185367 
0.663145 0.546874 0.278913 100000 4.46838 
0.725917 0.522007 0.343768 100000 6.17984 
0.991705 0.0472281 191.924 100000 0.0442206 
0.996235 0.0156498 628.067 100000 0.0598114 
0.752255 0.509541 0.243868 100000 6.47273 
0.97792 0.11821 68.5755 100000 0.0472847 
0.984387 0.0870839 0.0543165 100000 105.802 
0.987988 0.0687045 132.576 100000 0.0702864 
0.754629 0.508077 0.253476 100000 6.60408 
0.987319 0.071654 0.050301 100000 131.061 
0.752255 0.509541 0.243868 100000 6.47273 
0.754629 0.508077 0.253476 100000 6.60408 
0.99324 0.0382179 252.57 100000 0.0771469 
0.988124 0.0677783 132.576 100000 0.0598114 
0.996235 0.0156498 628.067 100000 0.0598114 
0.990375 0.0548938 191.924 100000 0.191976 
0.798026 0.47759 0.253476 100000 8.35873 
0.993287 0.0378873 252.57 100000 0.0702864 
0.752255 0.509541 0.243868 100000 6.47273 
0.841767 0.437464 0.136101 100000 9.97205 
0.768391 0.498924 0.151346 100000 6.47273 
0.94211 0.247443 25.257 100000 0.0442206 
0.736025 0.518289 0.24863 100000 6.0029 
0.734296 0.518339 0.190062 100000 5.65794 
0.994516 0.0298029 334.991 100000 0.0928047 
0.996349 0.014171 685.755 100000 0.0496508 
0.987424 0.0714884 142.912 100000 0.185367 
0.570899 0.567099 0.343768 100000 3.29857 
0.992915 0.0402159 253.836 100000 0.128894 
0.53698 0.574312 0.532023 100000 3.29857 
0.807359 0.471057 0.190062 100000 8.35873 
0.981023 0.0975238 0.278913 100000 107.278 
0.646336 0.552438 0.36709 100000 4.46838 
0.987696 0.0705417 132.576 100000 0.0928047 
0.99628 0.0152512 631.631 100000 0.0458654 
0.988307 0.0672525 142.912 100000 0.111937 
0.670147 0.543912 0.243868 100000 4.46838 
0.992899 0.0403237 252.57 100000 0.126746 
0.352553 0.585451 1.19966 100000 1.9201 
0.754629 0.508077 0.253476 100000 6.60408 
0.755099 0.507829 0.250673 100000 6.60408 
0.646336 0.552438 0.36709 100000 4.46838 
0.668209 0.544774 0.253476 100000 4.46838 
0.838156 0.43884 0.244188 100000 10.7278 
0.756242 0.507215 0.243868 100000 6.60408 
0.995201 0.0248928 387.33 100000 0.0598114 
0.991875 0.0462279 196.394 100000 0.0442206 
0.752255 0.509541 0.243868 100000 6.47273 
0.979879 0.0989912 0.369738 100000 108.905 
0.807359 0.471057 0.190062 100000 8.35873 
0.969781 0.154778 51.3611 100000 0.0771469 
0.972336 0.141182 68.5755 100000 0.274517 
0.827557 0.450421 0.243868 100000 9.97205 
0.670147 0.543912 0.243868 100000 4.46838 
0.504451 0.576365 0.735382 100000 3.26374 
0.639069 0.554242 0.407133 100000 4.46838 
0.994664 0.028762 334.991 100000 0.0641622 
0.993268 0.0380385 253.836 100000 0.0771469 
0.807359 0.471057 0.190062 100000 8.35873 
0.981014 0.0989281 0.243868 100000 103.967 
0.783304 0.486296 0.0893999 100000 6.60408 
0.815213 0.464068 0.190062 100000 8.77543 
0.82503 0.45266 0.0743419 100000 8.35873 
0.562496 0.56945 0.387042 100000 3.29857 
