0.786281 0.162541 100000 6.69527 0.0655531 
0.903619 0.0672714 100000 18.6074 0.209885 
0.918869 0.0584819 100000 21.1819 0.0933052 
0.786281 0.162541 100000 6.69527 0.0655531 
0.892024 0.0815192 100000 14.9898 0.0505805 
0.980699 0.00791783 100000 148.97 0.07329 
0.786281 0.162541 100000 6.69527 0.0655531 
0.797782 0.152477 100000 7.33714 0.103914 
0.320489 0.391419 0.0474138 1.05198 100000 
0.884109 0.087426 100000 13.9472 0.0655531 
0.786281 0.162541 100000 6.69527 0.0655531 
0.827692 0.13171 100000 8.78298 0.0720749 
0.892024 0.0815192 100000 14.9898 0.0505805 
0.980879 0.00785697 100000 149.898 0.0505805 
0.36113 0.37787 0.0445794 1.25939 100000 
0.786281 0.162541 100000 6.69527 0.0655531 
0.253898 0.408424 0.048357 0.759286 100000 
0.822732 0.132631 100000 8.78298 0.134349 
0.786281 0.162541 100000 6.69527 0.0655531 
0.240091 0.411146 0.0468201 0.70451 100000 
0.578096 0.27326 100000 2.54756 0.10634 
0.97936 0.00954026 100000 124.257 0.0933052 
0.545119 0.2831 100000 2.30497 0.168906 
0.585972 0.271458 100000 2.54756 0.0486612 
0.786281 0.162541 100000 6.69527 0.0655531 
0.511742 0.306295 0.0705883 2.3599 100000 
0.457425 0.336162 0.0474138 1.88061 100000 
0.910863 0.0661476 100000 18.6074 0.0505805 
0.741846 0.190576 100000 5.34716 0.10634 
0.786281 0.162541 100000 6.69527 0.0655531 
0.980699 0.00791783 100000 148.97 0.07329 
0.967152 0.0204933 100000 58.9427 0.0720749 
0.890125 0.081875 100000 14.9898 0.0854608 
0.884109 0.087426 100000 13.9472 0.0655531 
0.542767 0.289729 0.0515671 2.65271 100000 
0.163386 0.419878 0.0515671 0.436296 100000 
0.783008 0.164852 100000 6.56647 0.0655531 
0.903991 0.0672216 100000 18.6074 0.201641 
0.827692 0.13171 100000 8.78298 0.0720749 
0.61048 0.261422 100000 2.85899 0.0720749 
0.731045 0.197401 100000 5.05718 0.10634 
0.741846 0.190576 100000 5.34716 0.10634 
0.980879 0.00785697 100000 149.898 0.0505805 
0.545119 0.2831 100000 2.30497 0.168906 
0.69453 0.220813 100000 4.13375 0.0655531 
0.786281 0.162541 100000 6.69527 0.0655531 
0.767593 0.175995 100000 5.97406 0.0553273 
0.193234 0.417188 0.0620331 0.537339 100000 
0.786281 0.162541 100000 6.69527 0.0655531 
0.980879 0.00785697 100000 149.898 0.0505805 
0.786281 0.162541 100000 6.69527 0.0655531 
0.310441 0.394224 0.0515671 1.00582 100000 
0.545119 0.2831 100000 2.30497 0.168906 
0.884109 0.087426 100000 13.9472 0.0655531 
0.240091 0.411146 0.0468201 0.70451 100000 
0.786281 0.162541 100000 6.69527 0.0655531 
0.375761 0.372361 0.0445794 1.34114 100000 
0.569788 0.274435 100000 2.54756 0.168906 
0.786281 0.162541 100000 6.69527 0.0655531 
0.758493 0.182331 100000 5.66478 0.0505805 
0.827692 0.13171 100000 8.78298 0.0720749 
0.603495 0.264534 100000 2.75819 0.0604075 
0.607819 0.261987 100000 2.85899 0.0920454 
0.971748 0.0168055 100000 71.4248 0.0655531 
0.918869 0.0584819 100000 21.1819 0.0933052 
0.36113 0.37787 0.0445794 1.25939 100000 
0.868326 0.0961492 100000 12.7451 0.168906 
0.578096 0.27326 100000 2.54756 0.10634 
0.727563 0.20116 100000 4.87447 0.0720749 
0.825764 0.132097 100000 8.78232 0.0960544 
0.694465 0.221253 100000 4.10857 0.0553273 
0.980699 0.00791783 100000 148.97 0.07329 
0.783008 0.164852 100000 6.56647 0.0655531 
0.925137 0.0469089 100000 27.0101 0.385801 
0.822732 0.132631 100000 8.78298 0.134349 
0.163386 0.419878 0.0515671 0.436296 100000 
0.798916 0.152263 100000 7.33714 0.0911987 
0.607819 0.261987 100000 2.85899 0.0920454 
0.786281 0.162541 100000 6.69527 0.0655531 
0.768078 0.175883 100000 5.97406 0.0505449 
0.980699 0.00791783 100000 148.97 0.07329 
0.960442 0.0241627 100000 50.7491 0.201641 
0.559154 0.280613 100000 2.30497 0.0655531 
0.980879 0.00785697 100000 149.898 0.0505805 
0.786281 0.162541 100000 6.69527 0.0655531 
0.490061 0.319218 0.0511793 2.14705 100000 
0.787703 0.162224 100000 6.69527 0.0505805 
0.579857 0.27292 100000 2.54756 0.0933052 
0.786281 0.162541 100000 6.69527 0.0655531 
0.980699 0.00791783 100000 148.97 0.07329 
0.190989 0.417954 0.048357 0.526732 100000 
0.240091 0.411146 0.0468201 0.70451 100000 
0.785548 0.162696 100000 6.69527 0.07329 
0.786281 0.162541 100000 6.69527 0.0655531 
0.890125 0.081875 100000 14.9898 0.0854608 
0.613371 0.260714 100000 2.85899 0.0505805 
0.786281 0.162541 100000 6.69527 0.0655531 
0.783008 0.164852 100000 6.56647 0.0655531 
0.885615 0.0826137 100000 14.9898 0.168906 
0.43612 0.346428 0.0468201 1.72482 100000 
0.797782 0.152477 100000 7.33714 0.103914 
0.29804 0.397752 0.0511793 0.948432 100000 
0.875579 0.0948692 100000 12.7451 0.0505805 
0.585972 0.271458 100000 2.54756 0.0486612 
0.196304 0.41443 0.114372 0.559416 100000 
0.873024 0.0953648 100000 12.7451 0.0920454 
0.320489 0.391419 0.0474138 1.05198 100000 
0.97765 0.0117065 100000 101.459 0.0505805 
0.61048 0.261422 100000 2.85899 0.0720749 
0.560582 0.28023 100000 2.30497 0.0553273 
0.611355 0.261218 100000 2.85899 0.0655531 
0.980019 0.0091211 100000 129.5 0.0505805 
0.569788 0.274435 100000 2.54756 0.168906 
0.543463 0.289725 0.0445794 2.65271 100000 
0.603495 0.264534 100000 2.75819 0.0604075 
0.786281 0.162541 100000 6.69527 0.0655531 
0.786281 0.162541 100000 6.69527 0.0655531 
0.786281 0.162541 100000 6.69527 0.0655531 
0.731045 0.197401 100000 5.05718 0.10634 
0.822732 0.132631 100000 8.78298 0.134349 
0.979733 0.00928369 100000 127.451 0.0720749 
0.61048 0.261422 100000 2.85899 0.0720749 
0.981425 0.00630558 100000 186.074 0.0505805 
0.61048 0.261422 100000 2.85899 0.0720749 
0.963335 0.0236297 100000 51.3106 0.0655531 
0.758493 0.182331 100000 5.66478 0.0505805 
0.193234 0.417188 0.0620331 0.537339 100000 
0.607819 0.261987 100000 2.85899 0.0920454 
0.786281 0.162541 100000 6.69527 0.0655531 
0.240091 0.411146 0.0468201 0.70451 100000 
0.943499 0.0393998 100000 31.2073 0.0655531 
0.134871 0.420765 0.0445794 0.347303 100000 
0.457425 0.336162 0.0474138 1.88061 100000 
0.786281 0.162541 100000 6.69527 0.0655531 
0.923239 0.056064 100000 21.9878 0.0505805 
0.890125 0.081875 100000 14.9898 0.0854608 
0.786281 0.162541 100000 6.69527 0.0655531 
0.786281 0.162541 100000 6.69527 0.0655531 
0.36113 0.37787 0.0445794 1.25939 100000 
0.741846 0.190576 100000 5.34716 0.10634 
0.545119 0.2831 100000 2.30497 0.168906 
0.603927 0.264426 100000 2.75819 0.0572285 
0.825168 0.132209 100000 8.78232 0.103537 
0.935778 0.044982 100000 27.4831 0.0933052 
0.569788 0.274435 100000 2.54756 0.168906 
0.61048 0.261422 100000 2.85899 0.0720749 
0.727563 0.20116 100000 4.87447 0.0720749 
0.603495 0.264534 100000 2.75819 0.0604075 
0.977737 0.0114906 100000 103.425 0.0655531 
0.545119 0.2831 100000 2.30497 0.168906 
0.453787 0.337895 0.048357 1.85392 100000 
0.535399 0.294017 0.0515671 2.57518 100000 
0.977504 0.0117188 100000 101.459 0.0655531 
0.918869 0.0584819 100000 21.1819 0.0933052 
0.559154 0.280613 100000 2.30497 0.0655531 
0.884109 0.087426 100000 13.9472 0.0655531 
0.564949 0.278678 100000 2.3599 0.0655531 
0.884109 0.087426 100000 13.9472 0.0655531 
0.786281 0.162541 100000 6.69527 0.0655531 
0.545119 0.2831 100000 2.30497 0.168906 
0.828205 0.131609 100000 8.78232 0.0655531 
0.935762 0.0449843 100000 27.4831 0.0937952 
0.607819 0.261987 100000 2.85899 0.0920454 
0.603495 0.264534 100000 2.75819 0.0604075 
0.786281 0.162541 100000 6.69527 0.0655531 
0.558247 0.280842 100000 2.30497 0.0720749 
0.607819 0.261987 100000 2.85899 0.0920454 
0.786281 0.162541 100000 6.69527 0.0655531 
0.980699 0.00791783 100000 148.97 0.07329 
0.440432 0.344132 0.0515671 1.75865 100000 
0.980879 0.00785697 100000 149.898 0.0505805 
0.786281 0.162541 100000 6.69527 0.0655531 
0.828205 0.131609 100000 8.78232 0.0655531 
0.786769 0.162434 100000 6.69527 0.0604075 
0.786281 0.162541 100000 6.69527 0.0655531 
0.787703 0.162224 100000 6.69527 0.0505805 
0.978662 0.0099339 100000 119.761 0.138597 
0.569788 0.274435 100000 2.54756 0.168906 
0.827692 0.13171 100000 8.78298 0.0720749 
0.802566 0.151496 100000 7.33714 0.0505449 
0.61048 0.261422 100000 2.85899 0.0720749 
0.613371 0.260714 100000 2.85899 0.0505805 
0.36113 0.37787 0.0445794 1.25939 100000 
0.579857 0.27292 100000 2.54756 0.0933052 
0.981425 0.00630558 100000 186.074 0.0505805 
0.786281 0.162541 100000 6.69527 0.0655531 
0.931178 0.0462582 100000 27.0101 0.201641 
0.980699 0.00791783 100000 148.97 0.07329 
0.162809 0.41992 0.0511793 0.434387 100000 
0.976181 0.0118192 100000 101.459 0.201641 
0.891208 0.0816758 100000 14.9898 0.0655531 
0.694465 0.221253 100000 4.10857 0.0553273 
0.981426 0.00593143 100000 197.625 0.0505805 
0.884109 0.087426 100000 13.9472 0.0655531 
0.766559 0.176225 100000 5.97406 0.0655531 
0.768078 0.175883 100000 5.97406 0.0505449 
0.884109 0.087426 100000 13.9472 0.0655531 
0.560582 0.28023 100000 2.30497 0.0553273 
0.786281 0.162541 100000 6.69527 0.0655531 
0.93503 0.0457449 100000 27.0101 0.0854608 
0.6731 0.231335 100000 3.79922 0.0920454 
0.783008 0.164852 100000 6.56647 0.0655531 
0.827682 0.131718 100000 8.78232 0.0720749 
0.828205 0.131609 100000 8.78232 0.0655531 
0.935694 0.0456462 100000 27.0101 0.0655531 
0.786281 0.162541 100000 6.69527 0.0655531 
0.825138 0.132214 100000 8.78232 0.103914 
0.980879 0.00785697 100000 149.898 0.0505805 
0.320489 0.391419 0.0474138 1.05198 100000 
0.757998 0.182445 100000 5.66478 0.0553273 
0.827969 0.131653 100000 8.78298 0.0686233 
0.979629 0.00929148 100000 127.451 0.0854608 
0.783008 0.164852 100000 6.56647 0.0655531 
0.65359 0.241929 100000 3.44466 0.07329 
0.533132 0.295567 0.0474138 2.54756 100000 
0.783008 0.164852 100000 6.56647 0.0655531 
0.980751 0.00791413 100000 148.97 0.0655531 
0.786281 0.162541 100000 6.69527 0.0655531 
0.875579 0.0948692 100000 12.7451 0.0505805 
0.854859 0.110591 100000 10.7822 0.0720749 
0.61048 0.261422 100000 2.85899 0.0720749 
0.827692 0.13171 100000 8.78298 0.0720749 
0.884109 0.087426 100000 13.9472 0.0655531 
0.786281 0.162541 100000 6.69527 0.0655531 
0.193234 0.417188 0.0620331 0.537339 100000 
0.867964 0.101006 100000 11.898 0.0505805 
0.829408 0.131349 100000 8.78232 0.0505805 
0.674147 0.224156 100000 4.10857 0.228938 
0.569788 0.274435 100000 2.54756 0.168906 
0.741846 0.190576 100000 5.34716 0.10634 
0.256703 0.408013 0.0445794 0.769402 100000 
0.559154 0.280613 100000 2.30497 0.0655531 
0.741846 0.190576 100000 5.34716 0.10634 
0.786281 0.162541 100000 6.69527 0.0655531 
0.603495 0.264534 100000 2.75819 0.0604075 
0.828205 0.131609 100000 8.78232 0.0655531 
0.320489 0.391419 0.0474138 1.05198 100000 
0.61048 0.261422 100000 2.85899 0.0720749 
0.545119 0.2831 100000 2.30497 0.168906 
0.824945 0.13225 100000 8.78232 0.10634 
0.585972 0.271458 100000 2.54756 0.0486612 
0.585972 0.271458 100000 2.54756 0.0486612 
0.256703 0.408013 0.0445794 0.769402 100000 
0.822732 0.132631 100000 8.78298 0.134349 
0.829408 0.131349 100000 8.78232 0.0505805 
0.786281 0.162541 100000 6.69527 0.0655531 
0.78599 0.162603 100000 6.69527 0.0686233 
0.918869 0.0584819 100000 21.1819 0.0933052 
0.578096 0.27326 100000 2.54756 0.10634 
0.980879 0.00785697 100000 149.898 0.0505805 
0.786281 0.162541 100000 6.69527 0.0655531 
0.747788 0.189355 100000 5.34716 0.0505805 
0.741846 0.190576 100000 5.34716 0.10634 
0.787703 0.162224 100000 6.69527 0.0505805 
0.545119 0.2831 100000 2.30497 0.168906 
0.61048 0.261422 100000 2.85899 0.0720749 
0.585972 0.271458 100000 2.54756 0.0486612 
0.786281 0.162541 100000 6.69527 0.0655531 
0.787703 0.162224 100000 6.69527 0.0505805 
0.74627 0.190336 100000 5.30428 0.0505805 
0.884109 0.087426 100000 13.9472 0.0655531 
0.802563 0.151496 100000 7.33714 0.0505805 
0.560582 0.28023 100000 2.30497 0.0553273 
0.584369 0.271886 100000 2.54756 0.0602713 
0.741846 0.190576 100000 5.34716 0.10634 
0.786281 0.162541 100000 6.69527 0.0655531 
0.822732 0.132631 100000 8.78298 0.134349 
0.977504 0.0117188 100000 101.459 0.0655531 
0.815343 0.142021 100000 7.97237 0.0505805 
0.767593 0.175995 100000 5.97406 0.0553273 
0.797782 0.152477 100000 7.33714 0.103914 
0.545119 0.2831 100000 2.30497 0.168906 
0.786281 0.162541 100000 6.69527 0.0655531 
0.579485 0.272995 100000 2.54756 0.0960544 
0.78599 0.162603 100000 6.69527 0.0686233 
0.786281 0.162541 100000 6.69527 0.0655531 
0.786281 0.162541 100000 6.69527 0.0655531 
0.69453 0.220813 100000 4.13375 0.0655531 
0.555488 0.281476 100000 2.30497 0.0920454 
0.613371 0.260714 100000 2.85899 0.0505805 
0.686876 0.223772 100000 4.05688 0.0960544 
0.758493 0.182331 100000 5.66478 0.0505805 
0.656839 0.240601 100000 3.47937 0.0655531 
0.733319 0.196975 100000 5.05718 0.0854608 
0.727563 0.20116 100000 4.87447 0.0720749 
0.963335 0.0236297 100000 51.3106 0.0655531 
0.134871 0.420765 0.0445794 0.347303 100000 
0.611355 0.261218 100000 2.85899 0.0655531 
0.16432 0.419844 0.0511793 0.439212 100000 
0.831726 0.124282 100000 9.5329 0.168906 
0.980879 0.00785697 100000 149.898 0.0505805 
0.786281 0.162541 100000 6.69527 0.0655531 
0.784447 0.164532 100000 6.56647 0.0505805 
0.786281 0.162541 100000 6.69527 0.0655531 
0.874655 0.0950548 100000 12.7451 0.0655531 
0.545119 0.2831 100000 2.30497 0.168906 
0.786281 0.162541 100000 6.69527 0.0655531 
0.785548 0.162696 100000 6.69527 0.07329 
0.935778 0.044982 100000 27.4831 0.0933052 
0.559154 0.280613 100000 2.30497 0.0655531 
0.786281 0.162541 100000 6.69527 0.0655531 
0.758493 0.182331 100000 5.66478 0.0505805 
0.767593 0.175995 100000 5.97406 0.0553273 
0.980879 0.00785697 100000 149.898 0.0505805 
0.61048 0.261422 100000 2.85899 0.0720749 
0.761508 0.179632 100000 5.80863 0.0655531 
0.786281 0.162541 100000 6.69527 0.0655531 
0.36113 0.37787 0.0445794 1.25939 100000 
0.786281 0.162541 100000 6.69527 0.0655531 
0.828205 0.131609 100000 8.78232 0.0655531 
0.828628 0.131513 100000 8.78298 0.0604075 
0.594134 0.268207 100000 2.65271 0.0604075 
0.828205 0.131609 100000 8.78232 0.0655531 
0.786281 0.162541 100000 6.69527 0.0655531 
0.578096 0.27326 100000 2.54756 0.10634 
0.5514 0.282796 100000 2.26873 0.0933052 
0.943499 0.0393998 100000 31.2073 0.0655531 
0.884109 0.087426 100000 13.9472 0.0655531 
0.786281 0.162541 100000 6.69527 0.0655531 
0.607819 0.261987 100000 2.85899 0.0920454 
0.784447 0.164532 100000 6.56647 0.0505805 
0.560582 0.28023 100000 2.30497 0.0553273 
0.783008 0.164852 100000 6.56647 0.0655531 
0.545119 0.2831 100000 2.30497 0.168906 
0.980699 0.00791783 100000 148.97 0.07329 
0.594885 0.267433 100000 2.69556 0.0833185 
0.288644 0.400032 0.0557309 0.908052 100000 
0.729322 0.200231 100000 4.9085 0.0686233 
0.786281 0.162541 100000 6.69527 0.0655531 
0.787703 0.162224 100000 6.69527 0.0505805 
0.798916 0.152263 100000 7.33714 0.0911987 
0.786281 0.162541 100000 6.69527 0.0655531 
0.875579 0.0948692 100000 12.7451 0.0505805 
0.763891 0.17677 100000 5.97406 0.0920454 
0.756934 0.182682 100000 5.66478 0.0655531 
0.980751 0.00791413 100000 148.97 0.0655531 
0.545119 0.2831 100000 2.30497 0.168906 
0.36113 0.37787 0.0445794 1.25939 100000 
0.786281 0.162541 100000 6.69527 0.0655531 
0.741846 0.190576 100000 5.34716 0.10634 
0.559872 0.280424 100000 2.30497 0.0604075 
0.607819 0.261987 100000 2.85899 0.0920454 
0.768078 0.175883 100000 5.97406 0.0505449 
0.543463 0.289725 0.0445794 2.65271 100000 
0.457425 0.336162 0.0474138 1.88061 100000 
0.785548 0.162696 100000 6.69527 0.07329 
0.827682 0.131718 100000 8.78232 0.0720749 
0.828215 0.131601 100000 8.78298 0.0655531 
0.545119 0.2831 100000 2.30497 0.168906 
0.798685 0.152307 100000 7.33714 0.0937952 
0.981425 0.00630558 100000 186.074 0.0505805 
0.786281 0.162541 100000 6.69527 0.0655531 
0.253898 0.408424 0.048357 0.759286 100000 
0.786281 0.162541 100000 6.69527 0.0655531 
0.578096 0.27326 100000 2.54756 0.10634 
0.375761 0.372361 0.0445794 1.34114 100000 
0.508458 0.309644 0.0445794 2.30497 100000 
0.890853 0.0817422 100000 14.9898 0.0720749 
0.825168 0.132209 100000 8.78232 0.103537 
0.786281 0.162541 100000 6.69527 0.0655531 
0.828205 0.131609 100000 8.78232 0.0655531 
0.827692 0.13171 100000 8.78298 0.0720749 
0.689605 0.223229 100000 4.05688 0.07329 
0.725343 0.201607 100000 4.87447 0.0920454 
0.607819 0.261987 100000 2.85899 0.0920454 
0.980399 0.00846412 100000 139.472 0.0655531 
0.585972 0.271458 100000 2.54756 0.0486612 
0.560582 0.28023 100000 2.30497 0.0553273 
0.943893 0.039343 100000 31.2073 0.0521124 
0.758493 0.182331 100000 5.66478 0.0505805 
0.889699 0.0819508 100000 14.9898 0.0933052 
0.457425 0.336162 0.0474138 1.88061 100000 
0.187041 0.41846 0.0447541 0.512594 100000 
0.607819 0.261987 100000 2.85899 0.0920454 
0.559154 0.280613 100000 2.30497 0.0655531 
0.545119 0.2831 100000 2.30497 0.168906 
0.948463 0.0258115 0.0597217 42.9357 100000 
0.569788 0.274435 100000 2.54756 0.168906 
0.828205 0.131609 100000 8.78232 0.0655531 
0.270652 0.404959 0.0445794 0.82673 100000 
0.7659 0.176366 100000 5.97406 0.0720749 
0.560582 0.28023 100000 2.30497 0.0553273 
0.825168 0.132209 100000 8.78232 0.103537 
0.786281 0.162541 100000 6.69527 0.0655531 
0.786281 0.162541 100000 6.69527 0.0655531 
0.603927 0.264426 100000 2.75819 0.0572285 
0.443868 0.342771 0.0468201 1.77993 100000 
0.253898 0.408424 0.048357 0.759286 100000 
0.981425 0.00630558 100000 186.074 0.0505805 
0.825868 0.132077 100000 8.78232 0.0947589 
0.250384 0.408646 0.0590838 0.748476 100000 
0.756131 0.182854 100000 5.66478 0.07329 
0.918869 0.0584819 100000 21.1819 0.0933052 
0.828215 0.131601 100000 8.78298 0.0655531 
0.786281 0.162541 100000 6.69527 0.0655531 
0.963033 0.0236633 100000 51.3106 0.081773 
0.575549 0.273693 100000 2.54756 0.12533 
0.786281 0.162541 100000 6.69527 0.0655531 
0.240091 0.411146 0.0468201 0.70451 100000 
0.727563 0.20116 100000 4.87447 0.0720749 
0.873024 0.0953648 100000 12.7451 0.0920454 
0.604185 0.264359 100000 2.75819 0.0553273 
0.61048 0.261422 100000 2.85899 0.0720749 
0.890125 0.081875 100000 14.9898 0.0854608 
0.583643 0.272069 100000 2.54756 0.0655531 
0.607819 0.261987 100000 2.85899 0.0920454 
0.693234 0.221535 100000 4.10857 0.0655531 
0.783008 0.164852 100000 6.56647 0.0655531 
0.786281 0.162541 100000 6.69527 0.0655531 
0.786281 0.162541 100000 6.69527 0.0655531 
0.971386 0.0168398 100000 71.4248 0.0920454 
0.921589 0.0563334 100000 21.9878 0.0920454 
0.310441 0.394224 0.0515671 1.00582 100000 
0.730467 0.197878 100000 5.03554 0.103914 
0.822721 0.132639 100000 8.78232 0.134349 
0.981321 0.00648641 100000 181.124 0.0655531 
0.7326 0.197115 100000 5.05718 0.0920454 
0.672219 0.232824 100000 3.72819 0.0655531 
0.585711 0.27153 100000 2.54756 0.0505449 
0.585972 0.271458 100000 2.54756 0.0486612 
0.193234 0.417188 0.0620331 0.537339 100000 
0.614337 0.259974 100000 2.89518 0.0655531 
0.418117 0.354735 0.0449373 1.60122 100000 
0.583643 0.272069 100000 2.54756 0.0655531 
0.542767 0.289729 0.0515671 2.65271 100000 
0.569788 0.274435 100000 2.54756 0.168906 
0.980851 0.00790682 100000 148.97 0.0505805 
0.569788 0.274435 100000 2.54756 0.168906 
0.766559 0.176225 100000 5.97406 0.0655531 
0.605927 0.262342 100000 2.85899 0.10634 
0.918869 0.0584819 100000 21.1819 0.0933052 
0.569788 0.274435 100000 2.54756 0.168906 
0.783008 0.164852 100000 6.56647 0.0655531 
0.822732 0.132631 100000 8.78298 0.134349 
0.320489 0.391419 0.0474138 1.05198 100000 
0.885615 0.0826137 100000 14.9898 0.168906 
0.785663 0.162672 100000 6.69527 0.0720749 
0.977504 0.0117188 100000 101.459 0.0655531 
0.602798 0.264705 100000 2.75819 0.0655531 
0.545119 0.2831 100000 2.30497 0.168906 
0.786281 0.162541 100000 6.69527 0.0655531 
0.607819 0.261987 100000 2.85899 0.0920454 
0.824945 0.13225 100000 8.78232 0.10634 
0.787703 0.162224 100000 6.69527 0.0505805 
0.564949 0.278678 100000 2.3599 0.0655531 
0.320489 0.391419 0.0474138 1.05198 100000 
0.786281 0.162541 100000 6.69527 0.0655531 
0.980879 0.00785697 100000 149.898 0.0505805 
0.786281 0.162541 100000 6.69527 0.0655531 
0.758493 0.182331 100000 5.66478 0.0505805 
0.824945 0.13225 100000 8.78232 0.10634 
0.786281 0.162541 100000 6.69527 0.0655531 
0.256703 0.408013 0.0445794 0.769402 100000 
0.427827 0.349795 0.0549584 1.67294 100000 
0.731045 0.197401 100000 5.05718 0.10634 
0.970988 0.0174367 100000 68.9118 0.0655531 
0.533132 0.295567 0.0474138 2.54756 100000 
0.963335 0.0236297 100000 51.3106 0.0655531 
0.542767 0.289729 0.0515671 2.65271 100000 
0.677262 0.223919 100000 4.10857 0.201641 
0.946455 0.0372301 100000 32.949 0.0553273 
0.559154 0.280613 100000 2.30497 0.0655531 
0.798916 0.152263 100000 7.33714 0.0911987 
0.868326 0.0961492 100000 12.7451 0.168906 
0.903991 0.0672216 100000 18.6074 0.201641 
0.585972 0.271458 100000 2.54756 0.0486612 
0.827692 0.13171 100000 8.78298 0.0720749 
0.802566 0.151496 100000 7.33714 0.0505449 
0.828205 0.131609 100000 8.78232 0.0655531 
0.980879 0.00785697 100000 149.898 0.0505805 
0.802563 0.151496 100000 7.33714 0.0505805 
0.134871 0.420765 0.0445794 0.347303 100000 
0.979256 0.00954787 100000 124.257 0.10634 
0.943499 0.0393998 100000 31.2073 0.0655531 
0.401025 0.361942 0.048357 1.49397 100000 
0.741846 0.190576 100000 5.34716 0.10634 
0.785548 0.162696 100000 6.69527 0.07329 
0.980879 0.00785697 100000 149.898 0.0505805 
0.607819 0.261987 100000 2.85899 0.0920454 
0.768078 0.175883 100000 5.97406 0.0505449 
0.786281 0.162541 100000 6.69527 0.0655531 
0.818348 0.139087 100000 8.20441 0.0655531 
0.977504 0.0117188 100000 101.459 0.0655531 
0.884109 0.087426 100000 13.9472 0.0655531 
0.457425 0.336162 0.0474138 1.88061 100000 
0.980399 0.00846412 100000 139.472 0.0655531 
0.878196 0.0884325 100000 13.9472 0.168906 
0.607819 0.261987 100000 2.85899 0.0920454 
0.583643 0.272069 100000 2.54756 0.0655531 
0.582583 0.272325 100000 2.54756 0.07329 
0.700186 0.218044 100000 4.22161 0.0553273 
0.884109 0.087426 100000 13.9472 0.0655531 
0.613371 0.260714 100000 2.85899 0.0505805 
0.885615 0.0826137 100000 14.9898 0.168906 
0.828205 0.131609 100000 8.78232 0.0655531 
0.829408 0.131349 100000 8.78232 0.0505805 
0.193234 0.417188 0.0620331 0.537339 100000 
0.829408 0.131349 100000 8.78232 0.0505805 
0.578096 0.27326 100000 2.54756 0.10634 
0.61048 0.261422 100000 2.85899 0.0720749 
0.822732 0.132631 100000 8.78298 0.134349 
0.872295 0.0954965 100000 12.7451 0.103914 
0.545119 0.2831 100000 2.30497 0.168906 
0.716921 0.202913 100000 4.87447 0.168906 
0.545119 0.2831 100000 2.30497 0.168906 
0.564949 0.278678 100000 2.3599 0.0655531 
0.93503 0.0457449 100000 27.0101 0.0854608 
0.911067 0.0661104 100000 18.6074 0.0461337 
0.601753 0.26495 100000 2.75819 0.07329 
0.607651 0.26202 100000 2.85899 0.0933052 
0.873024 0.0953648 100000 12.7451 0.0920454 
0.920378 0.058392 100000 21.1089 0.0505805 
0.533132 0.295567 0.0474138 2.54756 100000 
0.767593 0.175995 100000 5.97406 0.0553273 
0.980377 0.00846573 100000 139.472 0.0686233 
0.783008 0.164852 100000 6.56647 0.0655531 
0.567036 0.278116 100000 2.3599 0.0505805 
0.786281 0.162541 100000 6.69527 0.0655531 
0.786281 0.162541 100000 6.69527 0.0655531 
0.560582 0.28023 100000 2.30497 0.0553273 
0.785663 0.162672 100000 6.69527 0.0720749 
0.884109 0.087426 100000 13.9472 0.0655531 
0.780355 0.165393 100000 6.56647 0.0933052 
0.61048 0.261422 100000 2.85899 0.0720749 
0.310441 0.394224 0.0515671 1.00582 100000 
0.375761 0.372361 0.0445794 1.34114 100000 
0.980478 0.00793318 100000 148.97 0.10634 
0.884109 0.087426 100000 13.9472 0.0655531 
0.827969 0.131653 100000 8.78298 0.0686233 
0.611355 0.261218 100000 2.85899 0.0655531 
0.758493 0.182331 100000 5.66478 0.0505805 
0.768078 0.175883 100000 5.97406 0.0505449 
0.190989 0.417954 0.048357 0.526732 100000 
0.613371 0.260714 100000 2.85899 0.0505805 
0.65359 0.241929 100000 3.44466 0.07329 
0.828205 0.131609 100000 8.78232 0.0655531 
0.798916 0.152263 100000 7.33714 0.0911987 
0.826095 0.132028 100000 8.78298 0.0920454 
0.585972 0.271458 100000 2.54756 0.0486612 
0.737148 0.196146 100000 5.05718 0.0505805 
0.74627 0.190336 100000 5.30428 0.0505805 
0.785663 0.162672 100000 6.69527 0.0720749 
0.582583 0.272325 100000 2.54756 0.07329 
0.785663 0.162672 100000 6.69527 0.0720749 
0.582583 0.272325 100000 2.54756 0.07329 
0.980751 0.00791413 100000 148.97 0.0655531 
0.163386 0.419878 0.0515671 0.436296 100000 
0.768078 0.175883 100000 5.97406 0.0505449 
0.93503 0.0457449 100000 27.0101 0.0854608 
0.555248 0.281527 100000 2.30497 0.0937952 
0.256703 0.408013 0.0445794 0.769402 100000 
0.578096 0.27326 100000 2.54756 0.10634 
0.731045 0.197401 100000 5.05718 0.10634 
0.758493 0.182331 100000 5.66478 0.0505805 
0.826621 0.131925 100000 8.78298 0.0854608 
0.767593 0.175995 100000 5.97406 0.0553273 
0.545119 0.2831 100000 2.30497 0.168906 
0.611355 0.261218 100000 2.85899 0.0655531 
0.962874 0.0239131 100000 50.7491 0.0720749 
0.797782 0.152477 100000 7.33714 0.103914 
0.980699 0.00791783 100000 148.97 0.07329 
0.786281 0.162541 100000 6.69527 0.0655531 
0.757998 0.182445 100000 5.66478 0.0553273 
0.829408 0.131349 100000 8.78232 0.0505805 
0.585972 0.271458 100000 2.54756 0.0486612 
0.727563 0.20116 100000 4.87447 0.0720749 
0.97936 0.00954026 100000 124.257 0.0933052 
0.6731 0.231335 100000 3.79922 0.0920454 
0.756934 0.182682 100000 5.66478 0.0655531 
0.767593 0.175995 100000 5.97406 0.0553273 
0.766559 0.176225 100000 5.97406 0.0655531 
0.916564 0.0610868 100000 20.2084 0.0655531 
0.786281 0.162541 100000 6.69527 0.0655531 
0.821047 0.135789 100000 8.48767 0.0933052 
0.882964 0.0876407 100000 13.9472 0.0854608 
0.783008 0.164852 100000 6.56647 0.0655531 
0.561591 0.27873 0.048357 2.85899 100000 
0.873024 0.0953648 100000 12.7451 0.0920454 
0.783008 0.164852 100000 6.56647 0.0655531 
0.802135 0.151593 100000 7.33714 0.0553273 
0.585972 0.271458 100000 2.54756 0.0486612 
0.708163 0.211232 100000 4.51395 0.10634 
0.980399 0.00846412 100000 139.472 0.0655531 
0.786281 0.162541 100000 6.69527 0.0655531 
0.741846 0.190576 100000 5.34716 0.10634 
0.829408 0.131349 100000 8.78232 0.0505805 
0.829408 0.131349 100000 8.78232 0.0505805 
0.786281 0.162541 100000 6.69527 0.0655531 
0.981425 0.00630558 100000 186.074 0.0505805 
0.851382 0.112427 100000 10.6138 0.0937952 
0.558247 0.280842 100000 2.30497 0.0720749 
0.967152 0.0204933 100000 58.9427 0.0720749 
0.783008 0.164852 100000 6.56647 0.0655531 
0.545119 0.2831 100000 2.30497 0.168906 
0.69453 0.220813 100000 4.13375 0.0655531 
0.786281 0.162541 100000 6.69527 0.0655531 
0.960442 0.0241627 100000 50.7491 0.201641 
0.741846 0.190576 100000 5.34716 0.10634 
0.561247 0.280042 100000 2.30497 0.0505805 
0.74627 0.190336 100000 5.30428 0.0505805 
0.58505 0.271708 100000 2.54756 0.0553273 
0.61048 0.261422 100000 2.85899 0.0720749 
0.97765 0.0117065 100000 101.459 0.0505805 
0.559154 0.280613 100000 2.30497 0.0655531 
0.825168 0.132209 100000 8.78232 0.103537 
0.824945 0.13225 100000 8.78232 0.10634 
0.786281 0.162541 100000 6.69527 0.0655531 
0.892024 0.0815192 100000 14.9898 0.0505805 
0.545119 0.2831 100000 2.30497 0.168906 
0.797782 0.152477 100000 7.33714 0.103914 
0.787886 0.162182 100000 6.69527 0.0486612 
0.580922 0.272698 100000 2.54756 0.0854608 
0.884406 0.0873686 100000 13.9472 0.0604075 
0.602798 0.264705 100000 2.75819 0.0655531 
0.6731 0.231335 100000 3.79922 0.0920454 
0.74627 0.190336 100000 5.30428 0.0505805 
0.802563 0.151496 100000 7.33714 0.0505805 
0.705013 0.214872 100000 4.34555 0.0655531 
0.474597 0.327516 0.0474138 2.01502 100000 
0.559154 0.280613 100000 2.30497 0.0655531 
0.787703 0.162224 100000 6.69527 0.0505805 
0.656495 0.241252 100000 3.44466 0.0505805 
0.868326 0.0961492 100000 12.7451 0.168906 
0.97765 0.0117065 100000 101.459 0.0505805 
0.603495 0.264534 100000 2.75819 0.0604075 
0.545119 0.2831 100000 2.30497 0.168906 
0.797782 0.152477 100000 7.33714 0.103914 
0.61048 0.261422 100000 2.85899 0.0720749 
0.766559 0.176225 100000 5.97406 0.0655531 
0.564949 0.278678 100000 2.3599 0.0655531 
0.559154 0.280613 100000 2.30497 0.0655531 
0.582583 0.272325 100000 2.54756 0.07329 
0.240091 0.411146 0.0468201 0.70451 100000 
0.786281 0.162541 100000 6.69527 0.0655531 
0.69453 0.220813 100000 4.13375 0.0655531 
0.825138 0.132214 100000 8.78232 0.103914 
0.786281 0.162541 100000 6.69527 0.0655531 
0.786281 0.162541 100000 6.69527 0.0655531 
0.320489 0.391419 0.0474138 1.05198 100000 
0.980879 0.00785697 100000 149.898 0.0505805 
0.824887 0.13226 100000 8.78232 0.107062 
0.240091 0.411146 0.0468201 0.70451 100000 
0.979901 0.00927084 100000 127.451 0.0505805 
0.922335 0.0562144 100000 21.9878 0.07329 
0.786281 0.162541 100000 6.69527 0.0655531 
0.825764 0.132097 100000 8.78232 0.0960544 
0.786281 0.162541 100000 6.69527 0.0655531 
0.783008 0.164852 100000 6.56647 0.0655531 
0.607819 0.261987 100000 2.85899 0.0920454 
0.828628 0.131513 100000 8.78298 0.0604075 
0.559154 0.280613 100000 2.30497 0.0655531 
0.846144 0.113313 100000 10.6138 0.168906 
0.786281 0.162541 100000 6.69527 0.0655531 
0.843974 0.120053 100000 9.77655 0.0505805 
0.827682 0.131718 100000 8.78232 0.0720749 
0.555488 0.281476 100000 2.30497 0.0920454 
0.613631 0.260645 100000 2.85899 0.0486612 
0.786281 0.162541 100000 6.69527 0.0655531 
0.786281 0.162541 100000 6.69527 0.0655531 
0.604185 0.264359 100000 2.75819 0.0553273 
0.918869 0.0584819 100000 21.1819 0.0933052 
0.980699 0.00791783 100000 148.97 0.07329 
0.975546 0.0135381 100000 88.143 0.0655531 
0.980399 0.00846412 100000 139.472 0.0655531 
0.569788 0.274435 100000 2.54756 0.168906 
0.560582 0.28023 100000 2.30497 0.0553273 
0.74627 0.190336 100000 5.30428 0.0505805 
0.903619 0.0672714 100000 18.6074 0.209885 
0.979901 0.00927084 100000 127.451 0.0505805 
0.918869 0.0584819 100000 21.1819 0.0933052 
0.747788 0.189355 100000 5.34716 0.0505805 
0.741846 0.190576 100000 5.34716 0.10634 
0.757998 0.182445 100000 5.66478 0.0553273 
0.797566 0.152517 100000 7.33714 0.10634 
0.783008 0.164852 100000 6.56647 0.0655531 
0.786281 0.162541 100000 6.69527 0.0655531 
0.979784 0.00927984 100000 127.451 0.0655531 
0.884109 0.087426 100000 13.9472 0.0655531 
0.61048 0.261422 100000 2.85899 0.0720749 
0.607819 0.261987 100000 2.85899 0.0920454 
0.545119 0.2831 100000 2.30497 0.168906 
0.918869 0.0584819 100000 21.1819 0.0933052 
0.69453 0.220813 100000 4.13375 0.0655531 
0.61048 0.261422 100000 2.85899 0.0720749 
0.977234 0.0117408 100000 101.459 0.0933052 
0.611355 0.261218 100000 2.85899 0.0655531 
0.733319 0.196975 100000 5.05718 0.0854608 
0.980472 0.0084587 100000 139.472 0.0553273 
0.888992 0.0820737 100000 14.9898 0.10634 
0.61048 0.261422 100000 2.85899 0.0720749 
0.61048 0.261422 100000 2.85899 0.0720749 
0.829408 0.131349 100000 8.78232 0.0505805 
0.564949 0.278678 100000 2.3599 0.0655531 
0.976499 0.0117966 100000 101.459 0.168906 
0.7495 0.187568 100000 5.44223 0.0655531 
0.980399 0.00846412 100000 139.472 0.0655531 
0.828215 0.131601 100000 8.78298 0.0655531 
0.873024 0.0953648 100000 12.7451 0.0920454 
0.741846 0.190576 100000 5.34716 0.10634 
0.613371 0.260714 100000 2.85899 0.0505805 
0.36113 0.37787 0.0445794 1.25939 100000 
0.737148 0.196146 100000 5.05718 0.0505805 
0.802563 0.151496 100000 7.33714 0.0505805 
0.558247 0.280842 100000 2.30497 0.0720749 
0.741846 0.190576 100000 5.34716 0.10634 
0.854859 0.110591 100000 10.7822 0.0720749 
0.727563 0.20116 100000 4.87447 0.0720749 
0.825138 0.132214 100000 8.78232 0.103914 
0.975671 0.0134252 100000 88.865 0.0655531 
0.786281 0.162541 100000 6.69527 0.0655531 
0.747792 0.189354 100000 5.34716 0.0505449 
0.826095 0.132028 100000 8.78298 0.0920454 
0.826621 0.131925 100000 8.78298 0.0854608 
0.802563 0.151496 100000 7.33714 0.0505805 
0.741846 0.190576 100000 5.34716 0.10634 
0.885615 0.0826137 100000 14.9898 0.168906 
0.747788 0.189355 100000 5.34716 0.0505805 
0.535399 0.294017 0.0515671 2.57518 100000 
0.533132 0.295567 0.0474138 2.54756 100000 
0.979784 0.00927984 100000 127.451 0.0655531 
0.882964 0.0876407 100000 13.9472 0.0854608 
0.829026 0.131433 100000 8.78232 0.0553273 
0.903619 0.0672714 100000 18.6074 0.209885 
0.74627 0.190336 100000 5.30428 0.0505805 
0.193234 0.417188 0.0620331 0.537339 100000 
0.686876 0.223772 100000 4.05688 0.0960544 
0.885615 0.0826137 100000 14.9898 0.168906 
0.65359 0.241929 100000 3.44466 0.07329 
0.940218 0.0399931 100000 31.0571 0.168906 
0.822732 0.132631 100000 8.78298 0.134349 
0.801962 0.151936 100000 7.3093 0.0505805 
0.884109 0.087426 100000 13.9472 0.0655531 
0.611355 0.261218 100000 2.85899 0.0655531 
0.786281 0.162541 100000 6.69527 0.0655531 
0.97765 0.0117065 100000 101.459 0.0505805 
0.613371 0.260714 100000 2.85899 0.0505805 
0.674147 0.224156 100000 4.10857 0.228938 
0.757998 0.182445 100000 5.66478 0.0553273 
0.559154 0.280613 100000 2.30497 0.0655531 
0.786281 0.162541 100000 6.69527 0.0655531 
0.741825 0.191281 100000 5.30428 0.0920454 
0.802563 0.151496 100000 7.33714 0.0505805 
0.694465 0.221253 100000 4.10857 0.0553273 
0.786769 0.162434 100000 6.69527 0.0604075 
0.813402 0.14244 100000 7.97237 0.07329 
0.320489 0.391419 0.0474138 1.05198 100000 
0.963335 0.0236297 100000 51.3106 0.0655531 
0.613371 0.260714 100000 2.85899 0.0505805 
0.61048 0.261422 100000 2.85899 0.0720749 
0.613371 0.260714 100000 2.85899 0.0505805 
