0.852194 0.633593 100000 0.101893 10.402 
0.845658 0.637259 100000 0.198696 10.402 
0.944108 0.522274 100000 0.0465875 29.5944 
0.992171 0.169032 100000 0.134085 235.299 
0.983805 0.289684 100000 0.104786 110.335 
0.966786 0.430784 100000 0.0652861 51.5874 
0.994528 0.130607 100000 0.0657773 326.783 
0.99992 0.000850248 100000 0.0779032 100000 
0.999921 0.000833139 100000 0.0465875 100000 
0.945994 0.517448 100000 0.0657773 31.0195 
0.995599 0.107959 100000 0.0722137 409.977 
0.852194 0.633593 100000 0.101893 10.402 
0.796928 0.650383 100000 0.217212 7.52 
0.852194 0.633593 100000 0.101893 10.402 
0.987184 0.249739 100000 0.0891449 138.935 
0.839321 0.638447 100000 0.109364 9.46167 
0.99992 0.000854163 100000 0.0914378 100000 
0.972312 0.396045 100000 0.0566988 61.9755 
0.99992 0.000853999 100000 0.0907366 100000 
0.989671 0.215956 100000 0.0657773 170.904 
0.845658 0.637259 100000 0.198696 10.402 
0.999919 0.000856578 100000 0.104786 100000 
0.999921 0.000837924 100000 0.0531985 100000 
0.99992 0.000853999 100000 0.0907366 100000 
0.849475 0.635959 100000 0.141985 10.402 
0.978965 0.342939 100000 0.0465875 81.7594 
0.999918 0.000858111 100000 0.123932 100000 
0.999919 0.000857525 100000 0.113515 100000 
0.99992 0.000853613 100000 0.0891449 100000 
0.983805 0.289684 100000 0.104786 110.335 
0.99992 0.000853613 100000 0.0891449 100000 
0.989788 0.214684 100000 0.044899 170.904 
0.99992 0.000854163 100000 0.0914378 100000 
0.999921 0.000833755 100000 0.0473826 100000 
0.999921 0.000840161 100000 0.0566865 100000 
0.997093 0.0746139 100000 0.0473826 619.755 
0.999921 0.000832032 100000 0.0451923 100000 
0.92372 0.568464 100000 0.0652861 21.4279 
0.946289 0.516344 100000 0.0553022 31.0195 
0.999918 0.000858216 100000 0.131039 100000 
0.999921 0.000832351 100000 0.0455902 100000 
0.994038 0.140823 100000 0.0451923 295.944 
0.99141 0.188561 100000 0.0511884 204.582 
0.966786 0.430784 100000 0.0652861 51.5874 
0.944149 0.522057 100000 0.0451923 29.5944 
0.999921 0.000833139 100000 0.0465875 100000 
0.852194 0.633593 100000 0.101893 10.402 
0.852194 0.633593 100000 0.101893 10.402 
0.99992 0.000853613 100000 0.0891449 100000 
0.99992 0.000854163 100000 0.0914378 100000 
0.99992 0.000852467 100000 0.0848626 100000 
0.99992 0.000848071 100000 0.0722137 100000 
0.969127 0.415722 100000 0.0848626 56.2468 
0.999921 0.000833139 100000 0.0465875 100000 
0.99992 0.000850248 100000 0.0779032 100000 
0.982986 0.300552 100000 0.0891449 104.02 
0.999919 0.000857131 100000 0.109364 100000 
0.988831 0.229019 100000 0.0451923 156.015 
0.999921 0.000840169 100000 0.0566988 100000 
0.91157 0.581669 100000 0.198696 19.5793 
0.99992 0.000852467 100000 0.0848626 100000 
0.999919 0.00085621 100000 0.10222 100000 
0.995599 0.107959 100000 0.0722137 409.977 
0.99992 0.000853613 100000 0.0891449 100000 
0.999919 0.000857131 100000 0.109364 100000 
0.999921 0.000833139 100000 0.0465875 100000 
0.804865 0.64274 332.757 0.132231 8.79773 
0.995057 0.120041 100000 0.0553022 360.526 
0.984139 0.28942 100000 0.0657773 110.335 
0.99992 0.000849871 100000 0.0768515 100000 
0.99992 0.000853613 100000 0.0891449 100000 
0.999919 0.00085616 100000 0.101893 100000 
0.999921 0.000833755 100000 0.0473826 100000 
0.999919 0.000857525 100000 0.113515 100000 
0.999921 0.000833755 100000 0.0473826 100000 
0.994033 0.140911 100000 0.0465875 295.944 
0.978965 0.342939 100000 0.0465875 81.7594 
0.99992 0.00084841 100000 0.0730425 100000 
0.972312 0.396045 100000 0.0566988 61.9755 
0.9924 0.168067 100000 0.104786 238.754 
0.997736 0.0583662 100000 0.0779032 817.594 
0.978965 0.342939 100000 0.0465875 81.7594 
0.839321 0.638447 100000 0.109364 9.46167 
0.990979 0.193468 100000 0.0907366 198.927 
0.999921 0.000833139 100000 0.0465875 100000 
0.906941 0.593194 100000 0.113515 17.7001 
0.999921 0.000833139 100000 0.0465875 100000 
0.999919 0.000856578 100000 0.104786 100000 
0.999919 0.000857131 100000 0.109364 100000 
0.999921 0.000831794 100000 0.044899 100000 
0.999921 0.000836547 100000 0.0511884 100000 
0.946535 0.515156 100000 0.0465875 31.0195 
0.999921 0.000845168 100000 0.0657773 100000 
0.99992 0.000854163 100000 0.0914378 100000 
0.886684 0.612431 100000 0.0722137 13.8935 
0.999921 0.000845168 100000 0.0657773 100000 
0.99992 0.000854163 100000 0.0914378 100000 
0.999919 0.000857773 100000 0.11685 100000 
0.999921 0.000845321 100000 0.0660897 100000 
0.994038 0.140823 100000 0.0451923 295.944 
0.983372 0.298565 100000 0.0465875 104.02 
0.839321 0.638447 100000 0.109364 9.46167 
0.999921 0.000837924 100000 0.0531985 100000 
0.997494 0.064076 100000 0.0848626 738.332 
0.9883 0.236659 100000 0.0455902 148.836 
0.994033 0.140911 100000 0.0465875 295.944 
0.945994 0.517448 100000 0.0657773 31.0195 
0.999919 0.000857607 100000 0.114532 100000 
0.946289 0.516344 100000 0.0553022 31.0195 
0.999921 0.000837924 100000 0.0531985 100000 
0.99992 0.000853999 100000 0.0907366 100000 
0.99992 0.000854163 100000 0.0914378 100000 
0.966336 0.431853 100000 0.0907366 51.5874 
0.992618 0.167521 100000 0.0511884 238.754 
0.999919 0.00085616 100000 0.101893 100000 
0.945994 0.517448 100000 0.0657773 31.0195 
0.852194 0.633593 100000 0.101893 10.402 
0.994 0.141408 100000 0.0566988 295.944 
0.999921 0.000832351 100000 0.0455902 100000 
0.854691 0.629801 100000 0.0652861 10.402 
0.994033 0.140911 100000 0.0465875 295.944 
0.994038 0.140823 100000 0.0451923 295.944 
0.864871 0.627217 100000 0.0891449 11.4683 
0.999921 0.000833755 100000 0.0473826 100000 
0.852953 0.632635 100000 0.0907366 10.402 
0.999921 0.000832032 100000 0.0451923 100000 
0.999919 0.000857607 100000 0.114532 100000 
0.987184 0.249739 100000 0.0891449 138.935 
0.99992 0.000853613 100000 0.0891449 100000 
0.999921 0.000832351 100000 0.0455902 100000 
0.99992 0.000850248 100000 0.0779032 100000 
0.995599 0.107959 100000 0.0722137 409.977 
0.999921 0.000833139 100000 0.0465875 100000 
0.99992 0.000853613 100000 0.0891449 100000 
0.99992 0.000853613 100000 0.0891449 100000 
0.999919 0.000856578 100000 0.104786 100000 
0.839863 0.637848 100000 0.101893 9.46167 
0.995029 0.120321 100000 0.0657773 360.526 
0.99992 0.000848071 100000 0.0722137 100000 
0.839321 0.638447 100000 0.109364 9.46167 
0.99992 0.000848071 100000 0.0722137 100000 
0.99992 0.000853999 100000 0.0907366 100000 
0.999921 0.000833139 100000 0.0465875 100000 
0.999921 0.000832351 100000 0.0455902 100000 
0.999921 0.000833139 100000 0.0465875 100000 
0.99992 0.00084841 100000 0.0730425 100000 
0.99992 0.000853999 100000 0.0907366 100000 
0.999918 0.000858111 100000 0.123932 100000 
0.99992 0.000853613 100000 0.0891449 100000 
0.99992 0.000853613 100000 0.0891449 100000 
0.999919 0.000856578 100000 0.104786 100000 
0.88625 0.613225 100000 0.0800868 13.8935 
0.999919 0.000857525 100000 0.113515 100000 
0.94477 0.519417 100000 0.109364 31.0195 
0.982986 0.300552 100000 0.0891449 104.02 
0.989788 0.214684 100000 0.044899 170.904 
0.999919 0.000857252 100000 0.110534 100000 
0.999921 0.000845168 100000 0.0657773 100000 
0.995599 0.107959 100000 0.0722137 409.977 
0.99992 0.000854163 100000 0.0914378 100000 
0.999919 0.000857131 100000 0.109364 100000 
0.99992 0.000853999 100000 0.0907366 100000 
0.999921 0.000833755 100000 0.0473826 100000 
0.99992 0.000854163 100000 0.0914378 100000 
0.9924 0.168067 100000 0.104786 238.754 
0.99992 0.000850248 100000 0.0779032 100000 
0.99992 0.000852467 100000 0.0848626 100000 
0.999921 0.000831794 100000 0.044899 100000 
0.999921 0.000845168 100000 0.0657773 100000 
0.920752 0.571653 100000 0.141985 21.4279 
0.999921 0.000833755 100000 0.0473826 100000 
0.999919 0.000856578 100000 0.104786 100000 
0.978965 0.342939 100000 0.0465875 81.7594 
0.995057 0.120041 100000 0.0553022 360.526 
0.830282 0.642231 100000 0.235303 9.46167 
0.999921 0.000844926 100000 0.0652861 100000 
0.969127 0.415722 100000 0.0848626 56.2468 
0.91157 0.581669 100000 0.198696 19.5793 
0.99992 0.000853613 100000 0.0891449 100000 
0.999919 0.000856578 100000 0.104786 100000 
0.728062 0.654913 100000 0.347557 5.46983 
0.999921 0.000835747 100000 0.0500625 100000 
0.907468 0.5927 100000 0.101893 17.7001 
0.969127 0.415722 100000 0.0848626 56.2468 
0.999921 0.000832351 100000 0.0455902 100000 
0.99992 0.000853613 100000 0.0891449 100000 
0.933641 0.546778 100000 0.132231 25.8198 
0.852171 0.633618 100000 0.10222 10.402 
0.999921 0.000833755 100000 0.0473826 100000 
0.994033 0.140911 100000 0.0465875 295.944 
0.99992 0.000853613 100000 0.0891449 100000 
0.99992 0.000852467 100000 0.0848626 100000 
0.999921 0.000840161 100000 0.0566865 100000 
0.827532 0.642719 100000 0.132231 8.79773 
0.907974 0.592061 100000 0.0907366 17.7001 
0.99992 0.000852467 100000 0.0848626 100000 
0.992568 0.168056 100000 0.0634364 238.754 
0.99992 0.000853613 100000 0.0891449 100000 
0.99992 0.000853999 100000 0.0907366 100000 
0.997051 0.0750784 100000 0.0736889 619.755 
0.99992 0.000854163 100000 0.0914378 100000 
0.995775 0.102071 100000 0.109364 436.297 
0.999921 0.000833755 100000 0.0473826 100000 
0.996046 0.0981868 100000 0.0722137 457.585 
0.99992 0.000854163 100000 0.0914378 100000 
0.999921 0.000833755 100000 0.0473826 100000 
0.997899 0.0542657 100000 0.0794083 884.846 
0.999921 0.000844926 100000 0.0652861 100000 
0.989539 0.216238 100000 0.0891449 170.904 
0.999921 0.000839296 100000 0.0553022 100000 
0.99992 0.000853999 100000 0.0907366 100000 
0.999921 0.000833755 100000 0.0473826 100000 
0.999919 0.00085621 100000 0.10222 100000 
0.99992 0.000849871 100000 0.0768515 100000 
0.999921 0.000832032 100000 0.0451923 100000 
0.936687 0.539635 100000 0.131039 27.135 
0.99992 0.000853613 100000 0.0891449 100000 
0.999918 0.000858216 100000 0.131039 100000 
0.998049 0.0510123 100000 0.0473826 939.3 
0.978955 0.343035 100000 0.0473826 81.7594 
0.99992 0.000850248 100000 0.0779032 100000 
0.999921 0.000832032 100000 0.0451923 100000 
0.99992 0.000853613 100000 0.0891449 100000 
0.999919 0.000856578 100000 0.104786 100000 
0.990979 0.193468 100000 0.0907366 198.927 
0.983805 0.289684 100000 0.104786 110.335 
0.999921 0.000845168 100000 0.0657773 100000 
0.999919 0.000856578 100000 0.104786 100000 
0.999921 0.000840169 100000 0.0566988 100000 
0.999921 0.000833139 100000 0.0465875 100000 
0.999921 0.000845168 100000 0.0657773 100000 
0.964345 0.442901 100000 0.0891449 48.5558 
0.852194 0.633593 100000 0.101893 10.402 
0.99992 0.000853613 100000 0.0891449 100000 
0.996494 0.0883225 100000 0.0652861 515.874 
0.827532 0.642719 100000 0.132231 8.79773 
0.99992 0.000849871 100000 0.0768515 100000 
0.999919 0.000857525 100000 0.113515 100000 
0.999921 0.000832032 100000 0.0451923 100000 
0.999921 0.000840161 100000 0.0566865 100000 
0.999918 0.000858111 100000 0.123932 100000 
0.983805 0.289684 100000 0.104786 110.335 
0.997774 0.0579689 100000 0.0465875 817.594 
0.983203 0.300024 100000 0.0652861 104.02 
0.999919 0.000856578 100000 0.104786 100000 
0.994274 0.136022 100000 0.0553022 310.195 
0.999921 0.000833139 100000 0.0465875 100000 
0.994033 0.140911 100000 0.0465875 295.944 
0.99992 0.000850248 100000 0.0779032 100000 
0.995599 0.107959 100000 0.0722137 409.977 
0.99992 0.000850248 100000 0.0779032 100000 
0.999921 0.000845168 100000 0.0657773 100000 
0.999921 0.000837924 100000 0.0531985 100000 
0.999919 0.00085616 100000 0.101893 100000 
0.999921 0.000832351 100000 0.0455902 100000 
0.999921 0.000837924 100000 0.0531985 100000 
0.909983 0.587297 100000 0.0465875 17.7001 
0.999921 0.000832351 100000 0.0455902 100000 
0.99992 0.000853999 100000 0.0907366 100000 
0.999921 0.000832032 100000 0.0451923 100000 
0.997501 0.0631165 100000 0.104786 748.791 
0.999919 0.00085616 100000 0.101893 100000 
0.99992 0.000854163 100000 0.0914378 100000 
0.99992 0.000854163 100000 0.0914378 100000 
0.999919 0.000857252 100000 0.110534 100000 
0.999921 0.000831794 100000 0.044899 100000 
0.999919 0.00085616 100000 0.101893 100000 
0.999921 0.000833139 100000 0.0465875 100000 
0.989156 0.218137 100000 0.123932 167.879 
0.999921 0.000832351 100000 0.0455902 100000 
0.99992 0.000853613 100000 0.0891449 100000 
0.99992 0.000853999 100000 0.0907366 100000 
0.999921 0.000837924 100000 0.0531985 100000 
0.999921 0.000840169 100000 0.0566988 100000 
0.999919 0.000856578 100000 0.104786 100000 
0.999918 0.000858216 100000 0.131039 100000 
0.984139 0.28942 100000 0.0657773 110.335 
0.99992 0.000853613 100000 0.0891449 100000 
0.994038 0.140823 100000 0.0451923 295.944 
0.999919 0.00085616 100000 0.101893 100000 
0.997158 0.0699177 100000 0.131039 664.603 
0.999921 0.000845168 100000 0.0657773 100000 
0.999919 0.000857525 100000 0.113515 100000 
0.99992 0.000854163 100000 0.0914378 100000 
0.999919 0.000856578 100000 0.104786 100000 
0.999921 0.000832032 100000 0.0451923 100000 
0.999921 0.000833139 100000 0.0465875 100000 
0.885752 0.614013 100000 0.0891449 13.8935 
0.999921 0.000831794 100000 0.044899 100000 
0.997307 0.0689831 100000 0.0730425 680.668 
0.985798 0.265963 100000 0.104786 126.177 
0.983372 0.298565 100000 0.0465875 104.02 
0.995599 0.107959 100000 0.0722137 409.977 
0.99992 0.000850248 100000 0.0779032 100000 
0.999921 0.000840169 100000 0.0566988 100000 
0.99992 0.000850248 100000 0.0779032 100000 
0.999921 0.000840161 100000 0.0566865 100000 
0.995599 0.107959 100000 0.0722137 409.977 
0.999921 0.000845168 100000 0.0657773 100000 
0.99992 0.000848071 100000 0.0722137 100000 
0.99992 0.000853613 100000 0.0891449 100000 
0.999919 0.000857773 100000 0.11685 100000 
0.999921 0.000845168 100000 0.0657773 100000 
0.999919 0.000857773 100000 0.11685 100000 
0.99992 0.000853613 100000 0.0891449 100000 
0.99992 0.000853613 100000 0.0891449 100000 
0.999921 0.000833139 100000 0.0465875 100000 
0.989788 0.214684 100000 0.044899 170.904 
0.999919 0.000857252 100000 0.110534 100000 
0.999919 0.000857525 100000 0.113515 100000 
0.999921 0.000832351 100000 0.0455902 100000 
0.984139 0.28942 100000 0.0657773 110.335 
0.999921 0.000833755 100000 0.0473826 100000 
0.992636 0.167225 100000 0.0465875 238.754 
0.995287 0.115295 100000 0.0473826 376.896 
0.900119 0.600997 100000 0.0891449 16.1517 
0.995599 0.107959 100000 0.0722137 409.977 
0.986673 0.258809 100000 0.0465875 130.399 
0.983372 0.298565 100000 0.0465875 104.02 
0.999919 0.00085621 100000 0.10222 100000 
0.99992 0.000850248 100000 0.0779032 100000 
0.83902 0.638754 100000 0.113515 9.46167 
0.999919 0.00085616 100000 0.101893 100000 
0.849475 0.635959 100000 0.141985 10.402 
0.999921 0.000844926 100000 0.0652861 100000 
0.849475 0.635959 100000 0.141985 10.402 
0.99992 0.000852467 100000 0.0848626 100000 
0.999921 0.000831372 100000 0.0443821 100000 
0.995599 0.107959 100000 0.0722137 409.977 
0.999921 0.000832351 100000 0.0455902 100000 
0.9873 0.249584 100000 0.0722137 138.935 
0.99992 0.00084841 100000 0.0730425 100000 
0.854658 0.629866 100000 0.0657773 10.402 
0.99992 0.000850994 100000 0.0800868 100000 
0.945813 0.517977 100000 0.0722137 31.0195 
0.99992 0.000853999 100000 0.0907366 100000 
0.99992 0.00084841 100000 0.0730425 100000 
0.99992 0.000848071 100000 0.0722137 100000 
0.999921 0.000837924 100000 0.0531985 100000 
0.984139 0.28942 100000 0.0657773 110.335 
0.99992 0.000853999 100000 0.0907366 100000 
0.978984 0.342727 100000 0.044899 81.7594 
0.999918 0.00085819 100000 0.127403 100000 
0.97724 0.358113 100000 0.0473826 75.4393 
0.999921 0.000837924 100000 0.0531985 100000 
0.997094 0.0745871 100000 0.0465875 619.755 
0.999921 0.000833139 100000 0.0465875 100000 
0.999919 0.00085616 100000 0.101893 100000 
0.999919 0.000857131 100000 0.109364 100000 
0.99992 0.000853613 100000 0.0891449 100000 
0.999921 0.000844926 100000 0.0652861 100000 
0.99992 0.000848071 100000 0.0722137 100000 
0.839321 0.638447 100000 0.109364 9.46167 
0.999919 0.000857131 100000 0.109364 100000 
0.999921 0.000832351 100000 0.0455902 100000 
0.999921 0.000832032 100000 0.0451923 100000 
0.99992 0.000853999 100000 0.0907366 100000 
0.982986 0.300552 100000 0.0891449 104.02 
0.9883 0.236659 100000 0.0455902 148.836 
0.942402 0.526587 100000 0.104786 29.5944 
0.99992 0.000854163 100000 0.0914378 100000 
0.983365 0.298652 100000 0.0473826 104.02 
0.999921 0.000833139 100000 0.0465875 100000 
0.852194 0.633593 100000 0.101893 10.402 
0.960384 0.445179 100000 0.217212 46.5457 
0.839321 0.638447 100000 0.109364 9.46167 
0.99992 0.000850248 100000 0.0779032 100000 
0.999919 0.000856578 100000 0.104786 100000 
0.982986 0.300552 100000 0.0891449 104.02 
0.966786 0.430784 100000 0.0652861 51.5874 
0.999918 0.000858111 100000 0.123932 100000 
0.945994 0.517448 100000 0.0657773 31.0195 
0.999919 0.000856578 100000 0.104786 100000 
0.986839 0.251743 100000 0.112256 136.927 
0.982986 0.300552 100000 0.0891449 104.02 
0.99992 0.000853613 100000 0.0891449 100000 
0.99992 0.00084841 100000 0.0730425 100000 
0.978965 0.342939 100000 0.0465875 81.7594 
0.999921 0.000831794 100000 0.044899 100000 
0.999921 0.000833755 100000 0.0473826 100000 
0.99992 0.000853999 100000 0.0907366 100000 
0.969751 0.412949 100000 0.0465875 56.2468 
0.999921 0.000845168 100000 0.0657773 100000 
0.99992 0.000853613 100000 0.0891449 100000 
0.999921 0.000840169 100000 0.0566988 100000 
0.999919 0.000856578 100000 0.104786 100000 
0.99992 0.000853999 100000 0.0907366 100000 
0.978965 0.342939 100000 0.0465875 81.7594 
0.827532 0.642719 100000 0.132231 8.79773 
0.988831 0.229019 100000 0.0451923 156.015 
0.999921 0.000833139 100000 0.0465875 100000 
0.999919 0.00085616 100000 0.101893 100000 
0.99992 0.000854163 100000 0.0914378 100000 
0.999919 0.00085616 100000 0.101893 100000 
0.997093 0.0746139 100000 0.0473826 619.755 
0.999921 0.000833139 100000 0.0465875 100000 
0.999921 0.000844039 100000 0.0635386 100000 
0.832889 0.642063 100000 0.198696 9.46167 
0.99992 0.000853613 100000 0.0891449 100000 
0.910028 0.587133 100000 0.0455902 17.7001 
0.995599 0.107959 100000 0.0722137 409.977 
0.999919 0.000857416 100000 0.112256 100000 
0.999919 0.000856578 100000 0.104786 100000 
0.999921 0.000845168 100000 0.0657773 100000 
0.994305 0.135526 100000 0.045437 310.195 
0.99992 0.000853613 100000 0.0891449 100000 
0.999921 0.000845168 100000 0.0657773 100000 
0.991432 0.188234 100000 0.0465875 204.582 
0.78936 0.651398 100000 0.217212 7.18085 
0.904891 0.593851 100000 0.158866 17.7001 
0.999919 0.00085616 100000 0.101893 100000 
0.996494 0.0883225 100000 0.0652861 515.874 
0.993374 0.153594 100000 0.0465875 265.929 
0.999921 0.000840169 100000 0.0566988 100000 
0.99992 0.000853613 100000 0.0891449 100000 
0.978451 0.345255 100000 0.0914378 81.7594 
0.995019 0.120935 100000 0.0473826 356.153 
0.999921 0.000833139 100000 0.0465875 100000 
0.999918 0.000858111 100000 0.123932 100000 
0.983372 0.298565 100000 0.0465875 104.02 
0.999919 0.00085621 100000 0.10222 100000 
0.995599 0.107959 100000 0.0722137 409.977 
0.99992 0.000853613 100000 0.0891449 100000 
0.999918 0.000858111 100000 0.123932 100000 
0.99992 0.000853999 100000 0.0907366 100000 
0.99992 0.000854163 100000 0.0914378 100000 
0.999921 0.000845168 100000 0.0657773 100000 
0.99992 0.000853613 100000 0.0891449 100000 
0.971307 0.401553 100000 0.0848626 60.6701 
0.99992 0.000853613 100000 0.0891449 100000 
0.999921 0.000844926 100000 0.0652861 100000 
0.99992 0.000854163 100000 0.0914378 100000 
0.999919 0.000857252 100000 0.110534 100000 
0.906941 0.593194 100000 0.113515 17.7001 
0.87745 0.620023 100000 0.0907366 12.8414 
0.999921 0.000833139 100000 0.0465875 100000 
0.997855 0.0555421 100000 0.0730425 862.615 
0.999919 0.00085616 100000 0.101893 100000 
0.999919 0.000856578 100000 0.104786 100000 
0.99992 0.000852467 100000 0.0848626 100000 
0.99992 0.000848071 100000 0.0722137 100000 
0.99992 0.000853613 100000 0.0891449 100000 
0.944108 0.522274 100000 0.0465875 29.5944 
0.99132 0.189347 100000 0.0703649 204.582 
0.993923 0.141846 100000 0.0800868 295.944 
0.99992 0.000854163 100000 0.0914378 100000 
0.999921 0.000833139 100000 0.0465875 100000 
0.999919 0.000857607 100000 0.114532 100000 
0.99992 0.000853999 100000 0.0907366 100000 
0.970941 0.403504 100000 0.0907366 60.0722 
0.99992 0.000853613 100000 0.0891449 100000 
0.999921 0.000833139 100000 0.0465875 100000 
0.999921 0.000833755 100000 0.0473826 100000 
0.99992 0.000853613 100000 0.0891449 100000 
0.99992 0.000850994 100000 0.0800868 100000 
0.997899 0.0542657 100000 0.0794083 884.846 
0.997989 0.0517273 100000 0.0891449 931.487 
0.969127 0.415722 100000 0.0848626 56.2468 
0.944653 0.519446 100000 0.113515 31.0195 
0.999919 0.000857525 100000 0.113515 100000 
0.99992 0.000852467 100000 0.0848626 100000 
0.987471 0.248185 100000 0.0473826 138.935 
0.999921 0.000833139 100000 0.0465875 100000 
0.983203 0.300024 100000 0.0652861 104.02 
0.999921 0.000832351 100000 0.0455902 100000 
0.999921 0.000833139 100000 0.0465875 100000 
0.839321 0.638447 100000 0.109364 9.46167 
0.999921 0.000845168 100000 0.0657773 100000 
0.999921 0.000839296 100000 0.0553022 100000 
0.996532 0.0877753 100000 0.0451923 515.874 
0.999921 0.000833139 100000 0.0465875 100000 
0.999919 0.000856578 100000 0.104786 100000 
0.854658 0.629866 100000 0.0657773 10.402 
0.94606 0.517229 100000 0.0634364 31.0195 
0.999921 0.000840161 100000 0.0566865 100000 
0.99992 0.000850768 100000 0.0794083 100000 
0.99992 0.000853613 100000 0.0891449 100000 
0.99992 0.000853613 100000 0.0891449 100000 
0.996741 0.0818959 100000 0.0848626 562.468 
0.999921 0.000832351 100000 0.0455902 100000 
0.999921 0.000832032 100000 0.0451923 100000 
0.99992 0.000853999 100000 0.0907366 100000 
0.994241 0.136338 100000 0.0657773 310.195 
0.946535 0.515156 100000 0.0465875 31.0195 
0.999921 0.000833755 100000 0.0473826 100000 
0.990979 0.193468 100000 0.0907366 198.927 
0.999919 0.000857773 100000 0.11685 100000 
0.999919 0.00085616 100000 0.101893 100000 
0.987471 0.248185 100000 0.0473826 138.935 
0.999919 0.000857252 100000 0.110534 100000 
0.978955 0.343035 100000 0.0473826 81.7594 
0.999921 0.000833139 100000 0.0465875 100000 
0.999919 0.000856578 100000 0.104786 100000 
0.999921 0.000833139 100000 0.0465875 100000 
0.999921 0.000833139 100000 0.0465875 100000 
0.994302 0.135595 100000 0.0465875 310.195 
0.883285 0.616393 100000 0.134085 13.8935 
0.999921 0.000832351 100000 0.0455902 100000 
0.999919 0.000857607 100000 0.114532 100000 
0.99992 0.000852467 100000 0.0848626 100000 
0.796928 0.650383 100000 0.217212 7.52 
0.99992 0.000853613 100000 0.0891449 100000 
0.994241 0.136338 100000 0.0657773 310.195 
0.99992 0.000848669 100000 0.0736889 100000 
0.839321 0.638447 100000 0.109364 9.46167 
0.999919 0.000857773 100000 0.11685 100000 
0.999919 0.000857525 100000 0.113515 100000 
0.999921 0.000840169 100000 0.0566988 100000 
0.999921 0.000845168 100000 0.0657773 100000 
0.99992 0.000850248 100000 0.0779032 100000 
0.997899 0.0542657 100000 0.0794083 884.846 
0.99992 0.000853613 100000 0.0891449 100000 
0.999919 0.000856578 100000 0.104786 100000 
0.99992 0.000848071 100000 0.0722137 100000 
0.99992 0.000848071 100000 0.0722137 100000 
0.999921 0.000840169 100000 0.0566988 100000 
0.999919 0.000856966 100000 0.107878 100000 
0.992618 0.167521 100000 0.0511884 238.754 
0.99992 0.000848071 100000 0.0722137 100000 
0.99992 0.000853613 100000 0.0891449 100000 
0.999921 0.000845168 100000 0.0657773 100000 
0.987476 0.248109 100000 0.0465875 138.935 
0.999921 0.000832032 100000 0.0451923 100000 
0.999921 0.000845168 100000 0.0657773 100000 
0.999921 0.000832032 100000 0.0451923 100000 
0.999921 0.000840169 100000 0.0566988 100000 
0.999919 0.000857607 100000 0.114532 100000 
0.996233 0.0932359 100000 0.0891449 485.558 
0.995569 0.107992 100000 0.0848626 409.977 
0.99992 0.000853613 100000 0.0891449 100000 
0.988707 0.230317 100000 0.0652861 156.015 
0.999921 0.000833755 100000 0.0473826 100000 
0.999921 0.000833139 100000 0.0465875 100000 
0.99992 0.000853613 100000 0.0891449 100000 
0.999921 0.000840169 100000 0.0566988 100000 
0.906941 0.593194 100000 0.113515 17.7001 
0.999919 0.000856578 100000 0.104786 100000 
0.997736 0.0583662 100000 0.0779032 817.594 
0.990496 0.203471 100000 0.0553022 184.966 
0.99992 0.000853999 100000 0.0907366 100000 
0.99992 0.000853613 100000 0.0891449 100000 
0.836961 0.640435 100000 0.141985 9.46167 
0.989788 0.214684 100000 0.044899 170.904 
0.999918 0.000858216 100000 0.131039 100000 
0.978955 0.343035 100000 0.0473826 81.7594 
0.999919 0.000857525 100000 0.113515 100000 
0.999921 0.000833755 100000 0.0473826 100000 
0.999918 0.000858216 100000 0.131039 100000 
0.999919 0.000856578 100000 0.104786 100000 
0.989788 0.214684 100000 0.044899 170.904 
0.99992 0.00084841 100000 0.0730425 100000 
0.99992 0.000848071 100000 0.0722137 100000 
0.887734 0.610011 100000 0.0531985 13.8935 
0.99992 0.000849871 100000 0.0768515 100000 
0.994038 0.140823 100000 0.0451923 295.944 
0.952539 0.494889 100000 0.0914378 36.0526 
0.999921 0.000833139 100000 0.0465875 100000 
0.997774 0.0579689 100000 0.0465875 817.594 
0.999919 0.000857131 100000 0.109364 100000 
0.995562 0.10927 100000 0.0566988 402.959 
0.995216 0.116805 100000 0.0451923 370.714 
0.839863 0.637848 100000 0.101893 9.46167 
0.99992 0.000850248 100000 0.0779032 100000 
0.999921 0.000845168 100000 0.0657773 100000 
0.99992 0.000854163 100000 0.0914378 100000 
0.999921 0.000845168 100000 0.0657773 100000 
0.999921 0.000832351 100000 0.0455902 100000 
0.999919 0.000857773 100000 0.11685 100000 
0.839653 0.638087 100000 0.104786 9.46167 
0.999921 0.000845168 100000 0.0657773 100000 
0.942117 0.526702 100000 0.114532 29.5944 
0.994033 0.140911 100000 0.0465875 295.944 
0.999919 0.00085616 100000 0.101893 100000 
0.999921 0.000833139 100000 0.0465875 100000 
0.999921 0.000833755 100000 0.0473826 100000 
0.999921 0.000833139 100000 0.0465875 100000 
0.99992 0.000850994 100000 0.0800868 100000 
0.999921 0.000845168 100000 0.0657773 100000 
0.999921 0.000833139 100000 0.0465875 100000 
0.990979 0.193468 100000 0.0907366 198.927 
0.996009 0.0981939 100000 0.0891449 457.585 
0.927342 0.561486 100000 0.0553022 22.4613 
0.983372 0.298565 100000 0.0465875 104.02 
0.999921 0.000833755 100000 0.0473826 100000 
0.997094 0.0745871 100000 0.0465875 619.755 
0.99992 0.000848071 100000 0.0722137 100000 
0.99992 0.000854163 100000 0.0914378 100000 
0.99992 0.000852467 100000 0.0848626 100000 
0.99992 0.000853613 100000 0.0891449 100000 
0.966364 0.431826 100000 0.0891449 51.5874 
0.946289 0.516344 100000 0.0553022 31.0195 
0.999919 0.000856578 100000 0.104786 100000 
0.862719 0.629677 100000 0.158866 11.6875 
0.932917 0.550324 100000 0.101893 25.1092 
0.99992 0.000854163 100000 0.0914378 100000 
0.99992 0.000850248 100000 0.0779032 100000 
0.99992 0.000850248 100000 0.0779032 100000 
0.99992 0.000853613 100000 0.0891449 100000 
0.99992 0.000849871 100000 0.0768515 100000 
0.999921 0.000833139 100000 0.0465875 100000 
0.99992 0.000853613 100000 0.0891449 100000 
0.999921 0.000833139 100000 0.0465875 100000 
0.999921 0.000833755 100000 0.0473826 100000 
0.999919 0.000857131 100000 0.109364 100000 
0.984815 0.281904 100000 0.0553022 114.683 
0.999921 0.000833139 100000 0.0465875 100000 
0.99992 0.000848669 100000 0.0736889 100000 
0.994241 0.136338 100000 0.0657773 310.195 
0.991812 0.181754 100000 0.0465875 214.279 
0.999921 0.000839296 100000 0.0553022 100000 
0.999921 0.000833139 100000 0.0465875 100000 
0.999919 0.000856578 100000 0.104786 100000 
0.99992 0.000850248 100000 0.0779032 100000 
0.999919 0.00085616 100000 0.101893 100000 
0.99992 0.000848071 100000 0.0722137 100000 
0.999918 0.000858111 100000 0.123932 100000 
0.997078 0.0748651 100000 0.0566988 619.755 
0.994302 0.135595 100000 0.0465875 310.195 
0.994302 0.135595 100000 0.0465875 310.195 
0.999919 0.000856578 100000 0.104786 100000 
0.994299 0.135641 100000 0.0473826 310.195 
0.99992 0.000853613 100000 0.0891449 100000 
0.99992 0.000850248 100000 0.0779032 100000 
0.999919 0.000857607 100000 0.114532 100000 
0.999921 0.000837924 100000 0.0531985 100000 
0.999921 0.000833139 100000 0.0465875 100000 
0.990124 0.209477 100000 0.0465875 177.001 
0.946289 0.516344 100000 0.0553022 31.0195 
0.994038 0.140823 100000 0.0451923 295.944 
0.999918 0.000858216 100000 0.131039 100000 
0.999921 0.000845168 100000 0.0657773 100000 
0.988831 0.229019 100000 0.0451923 156.015 
0.999921 0.000833139 100000 0.0465875 100000 
0.99992 0.00084841 100000 0.0730425 100000 
0.99992 0.000850768 100000 0.0794083 100000 
0.838265 0.639452 100000 0.123932 9.46167 
0.99992 0.000853999 100000 0.0907366 100000 
0.994241 0.136338 100000 0.0657773 310.195 
0.99992 0.000853613 100000 0.0891449 100000 
0.999921 0.000832032 100000 0.0451923 100000 
0.999921 0.000832351 100000 0.0455902 100000 
0.996959 0.0765434 100000 0.0914378 606.368 
0.999921 0.000840169 100000 0.0566988 100000 
0.999919 0.00085621 100000 0.10222 100000 
0.99992 0.000848071 100000 0.0722137 100000 
0.999921 0.000833139 100000 0.0465875 100000 
0.99992 0.000850248 100000 0.0779032 100000 
0.787188 0.651784 100000 0.237352 7.1606 
0.99992 0.000853613 100000 0.0891449 100000 
0.999918 0.000858111 100000 0.123932 100000 
0.994038 0.140823 100000 0.0451923 295.944 
0.999919 0.000857252 100000 0.110534 100000 
0.999921 0.000843986 100000 0.0634364 100000 
0.999921 0.000837924 100000 0.0531985 100000 
0.994018 0.141165 100000 0.0511884 295.944 
0.999921 0.000833139 100000 0.0465875 100000 
0.999919 0.000856578 100000 0.104786 100000 
0.999921 0.000836547 100000 0.0511884 100000 
0.995645 0.107552 100000 0.0531985 409.977 
0.99992 0.000854163 100000 0.0914378 100000 
0.88625 0.613225 100000 0.0800868 13.8935 
0.999919 0.000856578 100000 0.104786 100000 
0.852194 0.633593 100000 0.101893 10.402 
0.989824 0.210658 100000 0.101893 177.001 
0.99503 0.120312 100000 0.0652861 360.526 
0.99992 0.000853613 100000 0.0891449 100000 
0.99992 0.000848071 100000 0.0722137 100000 
0.99992 0.000848071 100000 0.0722137 100000 
0.999919 0.00085616 100000 0.101893 100000 
0.99992 0.000853999 100000 0.0907366 100000 
0.999919 0.000856578 100000 0.104786 100000 
0.999921 0.000832351 100000 0.0455902 100000 
0.999921 0.000835747 100000 0.0500625 100000 
0.995057 0.120041 100000 0.0553022 360.526 
0.907337 0.592838 100000 0.104786 17.7001 
0.79777 0.646276 100000 0.113515 7.1606 
0.999919 0.000856578 100000 0.104786 100000 
0.999919 0.000857131 100000 0.109364 100000 
0.99992 0.00084841 100000 0.0730425 100000 
0.88625 0.613225 100000 0.0800868 13.8935 
0.991697 0.182867 100000 0.0722137 214.279 
0.999919 0.000857131 100000 0.109364 100000 
0.997501 0.0631165 100000 0.104786 748.791 
0.99992 0.000853613 100000 0.0891449 100000 
0.999919 0.000856578 100000 0.104786 100000 
0.999921 0.000839296 100000 0.0553022 100000 
0.99992 0.000852467 100000 0.0848626 100000 
0.941841 0.528409 100000 0.0451923 28.3486 
0.969127 0.415722 100000 0.0848626 56.2468 
0.99992 0.000848669 100000 0.0736889 100000 
0.994406 0.133058 100000 0.0657773 319.513 
0.99992 0.000853613 100000 0.0891449 100000 
0.99992 0.000854163 100000 0.0914378 100000 
0.999921 0.000832032 100000 0.0451923 100000 
0.99992 0.000849871 100000 0.0768515 100000 
0.983805 0.289684 100000 0.104786 110.335 
0.999921 0.000833755 100000 0.0473826 100000 
0.999921 0.000840161 100000 0.0566865 100000 
0.999921 0.000832351 100000 0.0455902 100000 
0.999921 0.000837924 100000 0.0531985 100000 
0.999921 0.000832351 100000 0.0455902 100000 
0.99992 0.000853999 100000 0.0907366 100000 
0.99992 0.000853613 100000 0.0891449 100000 
0.945994 0.517448 100000 0.0657773 31.0195 
0.99992 0.000850248 100000 0.0779032 100000 
0.999919 0.000856578 100000 0.104786 100000 
0.999921 0.000833139 100000 0.0465875 100000 
0.999919 0.00085621 100000 0.10222 100000 
0.946535 0.515156 100000 0.0465875 31.0195 
0.999921 0.000845168 100000 0.0657773 100000 
0.997899 0.0542657 100000 0.0794083 884.846 
0.99992 0.000853613 100000 0.0891449 100000 
0.909354 0.590329 100000 0.0914378 18.0039 
0.995599 0.107959 100000 0.0722137 409.977 
0.907468 0.5927 100000 0.101893 17.7001 
0.999921 0.000844926 100000 0.0652861 100000 
0.999919 0.000857525 100000 0.113515 100000 
0.999921 0.000845168 100000 0.0657773 100000 
0.99992 0.00084841 100000 0.0730425 100000 
0.994528 0.130607 100000 0.0657773 326.783 
0.999921 0.000833755 100000 0.0473826 100000 
0.969127 0.415722 100000 0.0848626 56.2468 
0.999919 0.000856578 100000 0.104786 100000 
0.999919 0.000856578 100000 0.104786 100000 
0.999918 0.000858216 100000 0.131039 100000 
0.99992 0.000853613 100000 0.0891449 100000 
0.978955 0.343035 100000 0.0473826 81.7594 
0.999921 0.000832032 100000 0.0451923 100000 
0.999921 0.000833139 100000 0.0465875 100000 
0.999919 0.00085621 100000 0.10222 100000 
0.99992 0.000849871 100000 0.0768515 100000 
0.999919 0.000856578 100000 0.104786 100000 
0.994182 0.136494 100000 0.0848626 310.195 
0.99992 0.000853999 100000 0.0907366 100000 
0.946535 0.515156 100000 0.0465875 31.0195 
0.99992 0.000854163 100000 0.0914378 100000 
0.839321 0.638447 100000 0.109364 9.46167 
0.999919 0.000856578 100000 0.104786 100000 
0.999921 0.000832032 100000 0.0451923 100000 
0.839321 0.638447 100000 0.109364 9.46167 
0.993298 0.155033 100000 0.0465875 262.836 
0.999919 0.000856578 100000 0.104786 100000 
0.999919 0.000857131 100000 0.109364 100000 
0.990783 0.1956 100000 0.101893 195.793 
0.99992 0.000854163 100000 0.0914378 100000 
0.999919 0.000856578 100000 0.104786 100000 
0.999921 0.000845168 100000 0.0657773 100000 
0.999921 0.000835747 100000 0.0500625 100000 
0.946289 0.516344 100000 0.0553022 31.0195 
0.99992 0.000854163 100000 0.0914378 100000 
