0.874065 0.50234 100000 0.12091 13.4052 
0.981531 0.157391 108.375 0.223815 100000 
0.974216 0.203084 73.0012 0.12091 100000 
0.936276 0.372763 28.9277 0.160378 100000 
0.979022 0.171682 100000 0.113657 90.0647 
0.999925 0.000420674 100000 0.113563 100000 
0.999927 0.000407474 100000 0.0661805 100000 
0.996875 0.0304393 100000 0.113563 628.26 
0.886062 0.484134 100000 0.12091 15.021 
0.740915 0.608061 6.13801 0.337306 100000 
0.993599 0.0610809 302.536 0.12091 100000 
0.999925 0.00042393 100000 0.130675 100000 
0.984942 0.132514 100000 0.217431 133.282 
0.999927 0.000404453 100000 0.0581913 100000 
0.98714 0.115615 158.009 0.239101 100000 
0.99992 0.000435122 100000 0.271341 100000 
0.999923 0.000431129 100000 0.18886 100000 
0.996458 0.0343723 548.555 0.104489 100000 
0.996186 0.0370117 100000 0.275579 556.311 
0.999925 0.000421614 100000 0.118168 100000 
0.672605 0.62425 100000 0.289677 4.31476 
0.999923 0.000431129 100000 0.18886 100000 
0.202216 0.900901 0.72777 100000 0.707306 
0.99992 0.000435206 100000 0.275579 100000 
0.999922 0.000431953 100000 0.199358 100000 
0.213683 0.898982 0.668192 100000 0.956843 
0.997507 0.0245288 100000 0.127927 799.19 
0.982527 0.148504 108.375 0.113657 100000 
0.874065 0.50234 100000 0.12091 13.4052 
0.759646 0.601622 100000 0.271341 6.58024 
0.264187 0.892072 0.980321 100000 1.27443 
0.874376 0.486281 15.2949 0.113657 451.605 
0.965248 0.254906 100000 0.18886 55.6311 
0.9891 0.0987987 175.016 0.110289 100000 
0.967756 0.236159 57.1285 0.0937911 100000 
0.990383 0.0896379 100000 0.190037 207.574 
0.991376 0.079361 100000 0.104489 221.895 
0.999925 0.000420674 100000 0.113563 100000 
0.962926 0.26707 51.553 0.174511 100000 
0.999927 0.000404453 100000 0.0581913 100000 
0.994872 0.048848 100000 0.104489 376.692 
0.99992 0.000435122 100000 0.271341 100000 
0.922054 0.407656 25.4271 0.338879 100000 
0.999925 0.00042393 100000 0.130675 100000 
0.999919 0.000435614 100000 0.316557 100000 
0.999927 0.000404453 100000 0.0581913 100000 
0.987239 0.113652 100000 0.12091 150.21 
0.986888 0.117867 100000 0.174511 150.21 
0.991923 0.0764035 252.317 0.228022 100000 
0.989804 0.0944103 100000 0.170323 193.649 
0.997341 0.0258081 100000 0.104489 738.449 
0.999927 0.000404453 100000 0.0581913 100000 
0.956061 0.295857 41.99 0.12091 100000 
0.999925 0.000422151 100000 0.12091 100000 
0.99992 0.000435076 100000 0.269195 100000 
0.979022 0.171682 100000 0.113657 90.0647 
0.999925 0.000420674 100000 0.113563 100000 
0.314523 0.858849 1.42919 100000 1.8383 
0.999925 0.00042393 100000 0.130675 100000 
0.999925 0.000422151 100000 0.12091 100000 
0.999926 0.00041136 100000 0.0776718 100000 
0.999926 0.000418668 100000 0.104489 100000 
0.999923 0.000429367 100000 0.170323 100000 
0.968872 0.235586 100000 0.20536 62.8748 
0.99992 0.000435122 100000 0.271341 100000 
0.999924 0.000428237 100000 0.160378 100000 
0.978007 0.180168 86.402 0.130675 100000 
0.363199 0.767872 3.21185 100000 2.17842 
0.264187 0.892072 0.980321 100000 1.27443 
0.858455 0.528873 12.323 0.223815 100000 
0.996875 0.0304393 100000 0.113563 628.26 
0.999919 0.000435614 100000 0.316557 100000 
0.999923 0.000429802 100000 0.174511 100000 
0.999925 0.000420674 100000 0.113563 100000 
0.644794 0.627701 100000 0.41477 4.04049 
0.999923 0.000429367 100000 0.170323 100000 
0.996806 0.0315773 100000 0.157488 628.748 
0.997445 0.0249576 100000 0.113563 773.145 
0.997795 0.0215555 100000 0.113657 900.647 
0.999925 0.000422151 100000 0.12091 100000 
0.862268 0.522497 12.323 0.161145 100000 
0.999925 0.00042345 100000 0.127927 100000 
0.992992 0.0661634 100000 0.271341 298.274 
0.99992 0.000435122 100000 0.271341 100000 
0.98714 0.115615 158.009 0.239101 100000 
0.999925 0.000420693 100000 0.113657 100000 
0.999927 0.000409955 100000 0.0733409 100000 
0.714978 0.615274 5.14069 0.241569 100000 
0.99992 0.000435122 100000 0.271341 100000 
0.997155 0.0280415 100000 0.239101 738.449 
0.999927 0.000407474 100000 0.0661805 100000 
0.999919 0.000435522 100000 0.299033 100000 
0.999925 0.00042345 100000 0.127927 100000 
0.999927 0.000408819 100000 0.0699882 100000 
0.99992 0.000435206 100000 0.275579 100000 
0.283555 0.859336 1.09316 546.251 1.91417 
0.997329 0.0260808 100000 0.113563 738.449 
0.996216 0.0363183 571.285 0.316557 100000 
0.999927 0.000404453 100000 0.0581913 100000 
0.822777 0.562144 100000 0.316557 9.878 
0.997295 0.0266417 730.012 0.12091 100000 
0.960921 0.273032 47.2806 0.113657 100000 
0.99992 0.000435122 100000 0.271341 100000 
0.999925 0.000419442 100000 0.107883 100000 
0.999925 0.000419442 100000 0.107883 100000 
0.40375 0.697733 3.68079 100000 3.56344 
0.996746 0.0319456 603.673 0.12091 100000 
0.984942 0.132514 100000 0.217431 133.282 
0.99992 0.000435206 100000 0.275579 100000 
0.999927 0.000400741 100000 0.0492872 100000 
0.999925 0.000420693 100000 0.113657 100000 
0.213683 0.898982 0.668192 100000 0.956843 
0.981531 0.157391 108.375 0.223815 100000 
0.202216 0.900901 0.72777 100000 0.707306 
0.999922 0.000433118 100000 0.217431 100000 
0.995147 0.0467398 398.88 0.110289 100000 
0.846915 0.529957 603.673 0.300896 12.7492 
0.759646 0.601622 100000 0.271341 6.58024 
0.996625 0.0323505 571.285 0.0879933 100000 
0.999926 0.000418668 100000 0.104489 100000 
0.717375 0.613381 5.64705 0.41477 100000 
0.999926 0.000416018 100000 0.0937911 100000 
0.999925 0.000422151 100000 0.12091 100000 
0.997341 0.0258081 100000 0.104489 738.449 
0.991923 0.0764035 252.317 0.228022 100000 
0.973437 0.208462 71.1622 0.130675 100000 
0.999926 0.000416018 100000 0.0937911 100000 
0.995884 0.03998 472.806 0.113657 100000 
0.9891 0.0987987 175.016 0.110289 100000 
0.994163 0.0564638 351.22 0.228022 100000 
0.771752 0.595034 100000 0.334878 7.25562 
0.999924 0.000428237 100000 0.160378 100000 
0.828183 0.551807 9.2549 0.113657 100000 
0.907089 0.449817 100000 0.199358 19.6304 
0.999921 0.00043367 100000 0.228022 100000 
0.919994 0.419498 100000 0.18886 23.0029 
0.999919 0.000435614 100000 0.316557 100000 
0.274138 0.890508 1.09316 100000 1.27443 
0.965599 0.25313 57.1285 0.223815 100000 
0.999927 0.000409955 100000 0.0733409 100000 
0.996622 0.0329233 100000 0.271341 628.748 
0.604072 0.630426 100000 0.41477 3.3959 
0.999918 0.000435622 100000 0.322573 100000 
0.999927 0.000407474 100000 0.0661805 100000 
0.999926 0.000418668 100000 0.104489 100000 
0.999928 0.000399568 100000 0.0466551 100000 
0.999925 0.000422151 100000 0.12091 100000 
0.931362 0.381343 100000 0.104489 25.9969 
0.999922 0.000431953 100000 0.199358 100000 
0.999925 0.000420693 100000 0.113657 100000 
0.999921 0.00043367 100000 0.228022 100000 
0.984958 0.131313 100000 0.127927 127.492 
0.999927 0.000407438 100000 0.0660823 100000 
0.999921 0.000433851 100000 0.231921 100000 
0.999928 0.000399568 100000 0.0466551 100000 
0.99992 0.000435122 100000 0.271341 100000 
0.999925 0.000422151 100000 0.12091 100000 
0.999927 0.000407474 100000 0.0661805 100000 
0.787491 0.587655 100000 0.294199 7.80067 
0.996875 0.0304393 100000 0.113563 628.26 
0.999925 0.00042345 100000 0.127927 100000 
0.98782 0.109989 158.009 0.130675 100000 
0.996458 0.0343723 548.555 0.104489 100000 
0.996481 0.0341807 100000 0.113657 556.311 
0.993251 0.0639024 100000 0.12091 287.243 
0.936276 0.372763 28.9277 0.160378 100000 
0.999925 0.000420674 100000 0.113563 100000 
0.991068 0.0827238 100000 0.12091 215.969 
0.999927 0.000409955 100000 0.0733409 100000 
0.999925 0.000420693 100000 0.113657 100000 
0.681948 0.619239 100000 0.202167 4.31476 
0.999927 0.000403801 100000 0.0565604 100000 
0.999925 0.000424037 100000 0.131298 100000 
0.999927 0.000407474 100000 0.0661805 100000 
0.991302 0.0807451 100000 0.12091 221.895 
0.999925 0.00042393 100000 0.130675 100000 
0.999923 0.000431129 100000 0.18886 100000 
0.817507 0.566558 9.52196 0.316557 100000 
0.999922 0.000433118 100000 0.217431 100000 
0.999925 0.000422151 100000 0.12091 100000 
0.999926 0.000414412 100000 0.0878901 100000 
0.999925 0.000420674 100000 0.113563 100000 
0.992278 0.0733441 100000 0.170323 256.942 
0.826907 0.555303 9.2549 0.130675 100000 
0.985464 0.128556 100000 0.157488 134.052 
0.996186 0.0370117 100000 0.275579 556.311 
0.714978 0.615274 5.14069 0.241569 100000 
0.999919 0.000435537 100000 0.300896 100000 
0.984942 0.132514 100000 0.217431 133.282 
0.999919 0.000435522 100000 0.299033 100000 
0.996556 0.0337581 569.668 0.12091 100000 
0.999927 0.000408819 100000 0.0699882 100000 
0.98714 0.115615 158.009 0.239101 100000 
0.999922 0.000433118 100000 0.217431 100000 
0.997341 0.0258081 100000 0.104489 738.449 
0.870474 0.512563 100000 0.183895 13.4052 
0.999926 0.000415623 100000 0.0923008 100000 
0.999923 0.000429367 100000 0.170323 100000 
0.672605 0.62425 100000 0.289677 4.31476 
0.969398 0.232614 100000 0.170323 62.8748 
0.97768 0.182432 100000 0.239101 90.0647 
0.997802 0.0214147 100000 0.107883 900.647 
0.999927 0.000407474 100000 0.0661805 100000 
0.996875 0.0304393 100000 0.113563 628.26 
0.999925 0.000422151 100000 0.12091 100000 
0.997507 0.0245288 100000 0.127927 799.19 
0.995884 0.03998 472.806 0.113657 100000 
0.996098 0.0376713 548.555 0.297684 100000 
0.99992 0.000435122 100000 0.271341 100000 
0.999925 0.00042393 100000 0.130675 100000 
0.999925 0.000422151 100000 0.12091 100000 
0.937924 0.365335 29.2932 0.130675 100000 
0.99992 0.000435206 100000 0.275579 100000 
0.40375 0.697733 3.68079 100000 3.56344 
0.999925 0.00042393 100000 0.130675 100000 
0.999923 0.000429802 100000 0.174511 100000 
0.985732 0.125158 100000 0.12091 134.052 
0.909272 0.441445 100000 0.130675 19.4595 
0.999925 0.000419442 100000 0.107883 100000 
0.759646 0.601622 100000 0.271341 6.58024 
0.999927 0.000404453 100000 0.0581913 100000 
0.99992 0.000435206 100000 0.275579 100000 
0.822777 0.562144 100000 0.316557 9.878 
0.999921 0.000434253 100000 0.241569 100000 
0.999925 0.000422151 100000 0.12091 100000 
0.979022 0.171682 100000 0.113657 90.0647 
0.984213 0.138395 123.23 0.161145 100000 
0.999925 0.000420674 100000 0.113563 100000 
0.999924 0.000427882 100000 0.157488 100000 
0.999918 0.000435622 100000 0.322573 100000 
0.999919 0.000435537 100000 0.300896 100000 
0.874065 0.50234 100000 0.12091 13.4052 
0.999925 0.000422151 100000 0.12091 100000 
0.987324 0.112195 100000 0.107883 150.21 
0.997295 0.0266417 730.012 0.12091 100000 
0.987239 0.113652 100000 0.12091 150.21 
0.264187 0.892072 0.980321 100000 1.27443 
0.999925 0.000422151 100000 0.12091 100000 
0.99992 0.000435122 100000 0.271341 100000 
0.999926 0.00041879 100000 0.105019 100000 
0.874307 0.501482 13.3571 0.113563 100000 
0.994207 0.0551569 100000 0.113657 334.296 
0.999919 0.000435522 100000 0.299033 100000 
0.283555 0.859336 1.09316 546.251 1.91417 
0.314523 0.858849 1.42919 100000 1.8383 
0.999919 0.000435592 100000 0.309824 100000 
0.631684 0.628555 3.68079 0.337306 100000 
0.999925 0.000422151 100000 0.12091 100000 
0.967756 0.236159 57.1285 0.0937911 100000 
0.999925 0.00042393 100000 0.130675 100000 
0.865181 0.513689 12.323 0.113657 100000 
0.995884 0.03998 472.806 0.113657 100000 
0.999925 0.000420693 100000 0.113657 100000 
0.992992 0.0661634 100000 0.271341 298.274 
0.994265 0.0550913 338.32 0.12091 100000 
0.999928 0.000399568 100000 0.0466551 100000 
0.99992 0.000435122 100000 0.271341 100000 
0.999926 0.000415623 100000 0.0923008 100000 
0.740915 0.608061 6.13801 0.337306 100000 
0.999925 0.000422151 100000 0.12091 100000 
0.972618 0.211821 100000 0.12091 68.7522 
0.999925 0.000421614 100000 0.118168 100000 
0.962926 0.26707 51.553 0.174511 100000 
0.383008 0.742956 3.21185 485.204 2.82305 
0.993818 0.058905 312.215 0.113657 100000 
0.995941 0.0393715 100000 0.271341 520.767 
0.977913 0.181905 87.2337 0.157488 100000 
0.99992 0.000435206 100000 0.275579 100000 
0.996473 0.0343445 100000 0.118168 556.311 
0.999925 0.000420674 100000 0.113563 100000 
0.98607 0.124545 140.674 0.170323 100000 
0.938721 0.359253 29.2932 0.104489 100000 
0.999922 0.000433118 100000 0.217431 100000 
0.999921 0.00043449 100000 0.248143 100000 
0.838339 0.547862 100000 0.316557 11.0341 
0.994418 0.0530604 381.078 0.300896 100000 
0.999921 0.000434156 100000 0.239101 100000 
0.999922 0.000432374 100000 0.20536 100000 
0.997319 0.0262824 100000 0.12091 738.449 
0.995233 0.0465572 100000 0.160378 417.904 
0.807451 0.573339 100000 0.334878 8.99927 
0.997795 0.0215555 100000 0.113657 900.647 
0.999925 0.000422151 100000 0.12091 100000 
0.999927 0.000404453 100000 0.0581913 100000 
0.99992 0.000435122 100000 0.271341 100000 
0.999922 0.000431953 100000 0.199358 100000 
0.999922 0.000431953 100000 0.199358 100000 
0.923516 0.405873 100000 0.12091 23.3303 
0.999924 0.000428237 100000 0.160378 100000 
0.991547 0.0771082 254.271 0.338879 100000 
0.999926 0.00041136 100000 0.0776718 100000 
0.631951 0.628505 3.68079 0.334878 100000 
0.964205 0.255949 51.553 0.104489 100000 
0.999925 0.00042345 100000 0.127927 100000 
0.999927 0.000407474 100000 0.0661805 100000 
0.363199 0.767872 3.21185 100000 2.17842 
0.997341 0.0258081 100000 0.104489 738.449 
0.999925 0.000422151 100000 0.12091 100000 
0.995091 0.0474034 428.146 0.271341 100000 
0.985272 0.130291 100000 0.183895 134.052 
0.999925 0.000422151 100000 0.12091 100000 
0.997341 0.0258081 100000 0.104489 738.449 
0.999926 0.000415623 100000 0.0923008 100000 
0.77286 0.595005 100000 0.316557 7.23885 
0.983764 0.141578 123.23 0.217431 100000 
0.800768 0.573591 100000 0.130675 7.80067 
0.989793 0.0945191 100000 0.199358 196.304 
0.999919 0.000435614 100000 0.316557 100000 
0.999925 0.000422151 100000 0.12091 100000 
0.999926 0.000418668 100000 0.104489 100000 
0.999925 0.000420693 100000 0.113657 100000 
0.999921 0.000434156 100000 0.239101 100000 
0.999925 0.000422151 100000 0.12091 100000 
0.999923 0.000431129 100000 0.18886 100000 
0.999927 0.000408819 100000 0.0699882 100000 
0.999927 0.000404453 100000 0.0581913 100000 
0.400936 0.706642 3.44307 100000 3.56344 
0.999925 0.000422151 100000 0.12091 100000 
0.999926 0.000415623 100000 0.0923008 100000 
0.999922 0.000431953 100000 0.199358 100000 
0.999927 0.000409955 100000 0.0733409 100000 
0.999922 0.000431953 100000 0.199358 100000 
0.999925 0.00042393 100000 0.130675 100000 
0.999925 0.00042393 100000 0.130675 100000 
0.996098 0.0385935 515.53 0.174511 100000 
0.714978 0.615274 5.14069 0.241569 100000 
0.999925 0.00042393 100000 0.130675 100000 
0.960921 0.273032 47.2806 0.113657 100000 
0.999925 0.000420674 100000 0.113563 100000 
0.999926 0.000414441 100000 0.0879933 100000 
0.99992 0.000435206 100000 0.275579 100000 
0.999925 0.000420674 100000 0.113563 100000 
0.99536 0.0450371 419.9 0.12091 100000 
0.999919 0.000435522 100000 0.299033 100000 
0.999925 0.000419442 100000 0.107883 100000 
0.999926 0.000418668 100000 0.104489 100000 
0.999925 0.000419974 100000 0.110289 100000 
0.999926 0.000418668 100000 0.104489 100000 
0.996875 0.0304393 100000 0.113563 628.26 
0.999923 0.000429802 100000 0.174511 100000 
0.999923 0.000429367 100000 0.170323 100000 
0.996613 0.0329713 100000 0.275579 628.26 
0.999925 0.000420674 100000 0.113563 100000 
0.970518 0.227086 65.8547 0.18886 100000 
0.999927 0.000409955 100000 0.0733409 100000 
0.999921 0.00043367 100000 0.228022 100000 
0.99992 0.000435122 100000 0.271341 100000 
0.999922 0.000431953 100000 0.199358 100000 
0.98714 0.115615 158.009 0.239101 100000 
0.999927 0.000409955 100000 0.0733409 100000 
0.996442 0.0352781 571.285 0.190037 100000 
0.711992 0.616715 5.14069 0.271341 100000 
0.999926 0.000414412 100000 0.0878901 100000 
0.999927 0.000409955 100000 0.0733409 100000 
0.999925 0.000419974 100000 0.110289 100000 
0.996942 0.0287266 100000 0.0733409 628.748 
0.999924 0.000427676 100000 0.155853 100000 
0.999925 0.000419442 100000 0.107883 100000 
0.999919 0.000435614 100000 0.316557 100000 
0.999927 0.000409955 100000 0.0733409 100000 
0.999925 0.00042345 100000 0.127927 100000 
0.993599 0.0610809 302.536 0.12091 100000 
0.999927 0.000409955 100000 0.0733409 100000 
0.996502 0.0341205 606.892 0.275579 100000 
0.999919 0.000435522 100000 0.299033 100000 
0.274138 0.890508 1.09316 100000 1.27443 
0.992584 0.0694841 100000 0.113657 259.969 
0.965599 0.25313 57.1285 0.223815 100000 
0.999926 0.000415623 100000 0.0923008 100000 
0.771752 0.595034 100000 0.334878 7.25562 
0.999925 0.000422151 100000 0.12091 100000 
0.999925 0.000422151 100000 0.12091 100000 
0.995505 0.0433044 472.806 0.289677 100000 
0.999925 0.000421614 100000 0.118168 100000 
0.996875 0.0304393 100000 0.113563 628.26 
0.997213 0.0275504 711.622 0.130675 100000 
0.979022 0.171682 100000 0.113657 90.0647 
0.999925 0.00042345 100000 0.127927 100000 
0.999925 0.000422151 100000 0.12091 100000 
0.999925 0.000420674 100000 0.113563 100000 
0.995686 0.0416379 100000 0.113657 451.605 
0.999922 0.000433118 100000 0.217431 100000 
0.999925 0.00042393 100000 0.130675 100000 
0.997295 0.0266417 730.012 0.12091 100000 
0.996194 0.0369853 100000 0.271341 556.311 
0.999926 0.000418668 100000 0.104489 100000 
0.999925 0.000422151 100000 0.12091 100000 
0.982952 0.144455 100000 0.300896 122.288 
0.86512 0.519374 100000 0.176987 12.7492 
0.83064 0.55086 9.45318 0.12091 100000 
0.999918 0.000435622 100000 0.322573 100000 
0.721874 0.611845 5.61014 0.269195 682.053 
0.99637 0.0357813 100000 0.157488 551.338 
0.999927 0.000404453 100000 0.0581913 100000 
0.999922 0.000431953 100000 0.199358 100000 
0.996399 0.0355046 100000 0.158657 556.311 
0.975287 0.196089 100000 0.275579 82.57 
0.999927 0.000407474 100000 0.0661805 100000 
0.82819 0.551786 9.2549 0.113563 100000 
0.999927 0.000409955 100000 0.0733409 100000 
0.999923 0.000429367 100000 0.170323 100000 
0.999922 0.000431953 100000 0.199358 100000 
0.999918 0.000435622 100000 0.322573 100000 
0.996888 0.0302046 691.886 0.297684 100000 
0.99635 0.0358742 539.469 0.130675 100000 
0.997341 0.0258081 100000 0.104489 738.449 
0.999926 0.000418668 100000 0.104489 100000 
0.98782 0.109989 158.009 0.130675 100000 
0.965248 0.254906 100000 0.18886 55.6311 
0.348164 0.776015 3.21185 100000 1.91417 
0.999921 0.000434156 100000 0.239101 100000 
0.999925 0.000422151 100000 0.12091 100000 
0.999923 0.000429802 100000 0.174511 100000 
0.999925 0.000420674 100000 0.113563 100000 
0.9891 0.0987987 175.016 0.110289 100000 
0.999925 0.000420674 100000 0.113563 100000 
0.999923 0.000431129 100000 0.18886 100000 
0.999925 0.000420674 100000 0.113563 100000 
0.999927 0.000404453 100000 0.0581913 100000 
0.999928 0.000399568 100000 0.0466551 100000 
0.761106 0.600665 6.52138 0.239101 100000 
0.999925 0.00042393 100000 0.130675 100000 
0.965599 0.25313 57.1285 0.223815 100000 
0.999921 0.000433851 100000 0.231921 100000 
0.98861 0.102863 100000 0.12091 168.65 
0.999925 0.000422151 100000 0.12091 100000 
0.991302 0.0807451 100000 0.12091 221.895 
0.999927 0.000409955 100000 0.0733409 100000 
0.999926 0.000418668 100000 0.104489 100000 
0.999925 0.000422151 100000 0.12091 100000 
0.999927 0.000409955 100000 0.0733409 100000 
0.999922 0.000431953 100000 0.199358 100000 
0.999927 0.000409955 100000 0.0733409 100000 
0.822777 0.562144 100000 0.316557 9.878 
0.999927 0.000404453 100000 0.0581913 100000 
0.999923 0.000429367 100000 0.170323 100000 
0.999925 0.000420674 100000 0.113563 100000 
0.99992 0.000435122 100000 0.271341 100000 
0.783981 0.588238 100000 0.18886 7.25562 
0.987206 0.113908 100000 0.12091 149.816 
0.999923 0.000431129 100000 0.18886 100000 
0.99992 0.000435122 100000 0.271341 100000 
0.999925 0.000420674 100000 0.113563 100000 
0.991376 0.079361 100000 0.104489 221.895 
0.730863 0.61176 5.64705 0.271341 100000 
0.999927 0.000407474 100000 0.0661805 100000 
0.999922 0.000433118 100000 0.217431 100000 
0.999926 0.000416018 100000 0.0937911 100000 
0.999925 0.000420693 100000 0.113657 100000 
0.987882 0.109073 158.009 0.12091 100000 
0.999926 0.000418668 100000 0.104489 100000 
0.929589 0.392344 100000 0.157488 25.9969 
0.672605 0.62425 100000 0.289677 4.31476 
0.99992 0.000435122 100000 0.271341 100000 
0.999924 0.000428237 100000 0.160378 100000 
0.999925 0.000420674 100000 0.113563 100000 
0.925194 0.40249 100000 0.289677 25.9969 
0.999925 0.000420674 100000 0.113563 100000 
0.930873 0.38296 28.9277 0.337306 100000 
0.99992 0.000435122 100000 0.271341 100000 
0.99992 0.000435268 100000 0.279059 100000 
0.999927 0.000404453 100000 0.0581913 100000 
0.999926 0.000416018 100000 0.0937911 100000 
0.999925 0.000422151 100000 0.12091 100000 
0.899263 0.463112 100000 0.289677 18.7588 
0.717375 0.613381 5.64705 0.41477 100000 
0.999927 0.000404091 100000 0.0572818 100000 
0.999927 0.000407474 100000 0.0661805 100000 
0.997341 0.0258081 100000 0.104489 738.449 
0.984942 0.132514 100000 0.217431 133.282 
0.996147 0.0375309 548.555 0.271341 100000 
0.999926 0.000418668 100000 0.104489 100000 
0.999925 0.000420693 100000 0.113657 100000 
0.999923 0.000431129 100000 0.18886 100000 
0.714978 0.615274 5.14069 0.241569 100000 
0.874065 0.50234 100000 0.12091 13.4052 
0.999921 0.000434156 100000 0.239101 100000 
0.999925 0.00042393 100000 0.130675 100000 
0.999925 0.00042345 100000 0.127927 100000 
0.99992 0.000435206 100000 0.275579 100000 
0.984942 0.132514 100000 0.217431 133.282 
0.999925 0.000419442 100000 0.107883 100000 
0.999927 0.000408233 100000 0.0683087 100000 
0.981531 0.157391 108.375 0.223815 100000 
0.993124 0.0647712 100000 0.113563 280.745 
0.994131 0.0566292 351.22 0.239101 100000 
0.999925 0.000422151 100000 0.12091 100000 
0.999919 0.000435537 100000 0.300896 100000 
0.999926 0.00041228 100000 0.0806271 100000 
0.984783 0.133266 100000 0.239101 133.282 
0.997174 0.027702 754.383 0.271341 100000 
0.717375 0.613381 5.64705 0.41477 100000 
0.996098 0.0376713 548.555 0.297684 100000 
0.714978 0.615274 5.14069 0.241569 100000 
0.870474 0.512563 100000 0.183895 13.4052 
0.996186 0.0370117 100000 0.275579 556.311 
0.999925 0.000420693 100000 0.113657 100000 
0.999927 0.000407474 100000 0.0661805 100000 
0.999926 0.000418668 100000 0.104489 100000 
0.896232 0.467152 16.6514 0.12091 100000 
0.922054 0.407656 25.4271 0.338879 100000 
0.999924 0.000428237 100000 0.160378 100000 
0.999925 0.000422151 100000 0.12091 100000 
0.999925 0.000420674 100000 0.113563 100000 
0.987985 0.10729 158.009 0.104489 100000 
0.997341 0.0258081 100000 0.104489 738.449 
0.999925 0.000421597 100000 0.118083 100000 
0.997537 0.0239236 100000 0.104489 799.19 
0.997507 0.0245288 100000 0.127927 799.19 
0.999922 0.000433118 100000 0.217431 100000 
0.264187 0.892072 0.980321 100000 1.27443 
0.994828 0.0497292 100000 0.12091 376.692 
0.999927 0.000407474 100000 0.0661805 100000 
0.999922 0.000431953 100000 0.199358 100000 
0.999926 0.00041879 100000 0.105019 100000 
0.986838 0.118487 148.287 0.160378 100000 
0.999925 0.00042393 100000 0.130675 100000 
0.999927 0.000408819 100000 0.0699882 100000 
0.986608 0.11985 100000 0.217431 150.21 
0.999925 0.000419974 100000 0.110289 100000 
0.771752 0.595034 100000 0.334878 7.25562 
0.999927 0.000409955 100000 0.0733409 100000 
0.999928 0.000399568 100000 0.0466551 100000 
0.999923 0.000429802 100000 0.174511 100000 
0.865181 0.513689 12.323 0.113657 100000 
0.956512 0.289982 47.2806 0.337306 100000 
0.999925 0.000420693 100000 0.113657 100000 
0.985257 0.130357 100000 0.174511 133.282 
0.984432 0.133903 100000 0.299033 134.052 
0.99992 0.000435122 100000 0.271341 100000 
0.999925 0.00042393 100000 0.130675 100000 
0.999919 0.00043551 100000 0.297684 100000 
0.99992 0.000435122 100000 0.271341 100000 
0.995147 0.0467398 398.88 0.110289 100000 
0.999925 0.000422151 100000 0.12091 100000 
0.99992 0.000435206 100000 0.275579 100000 
0.979022 0.171682 100000 0.113657 90.0647 
0.986937 0.116321 158.009 0.271341 100000 
0.681948 0.619239 100000 0.202167 4.31476 
0.997213 0.0275504 711.622 0.130675 100000 
0.999925 0.000422151 100000 0.12091 100000 
0.999922 0.000432154 100000 0.202167 100000 
0.99992 0.000435122 100000 0.271341 100000 
0.999922 0.000432922 100000 0.214038 100000 
0.99992 0.000435122 100000 0.271341 100000 
0.999925 0.00042393 100000 0.130675 100000 
0.936276 0.372763 28.9277 0.160378 100000 
0.99992 0.000435206 100000 0.275579 100000 
0.999925 0.00042393 100000 0.130675 100000 
0.999924 0.000428329 100000 0.161145 100000 
0.999919 0.000435537 100000 0.300896 100000 
0.98714 0.115615 158.009 0.239101 100000 
0.999925 0.00042345 100000 0.127927 100000 
0.858455 0.528873 12.323 0.223815 100000 
0.264187 0.892072 0.980321 100000 1.27443 
0.938705 0.359395 29.2932 0.105019 100000 
0.999918 0.000435622 100000 0.322573 100000 
0.999919 0.000435614 100000 0.316557 100000 
0.999923 0.000429367 100000 0.170323 100000 
0.968872 0.235586 100000 0.20536 62.8748 
0.717375 0.613381 5.64705 0.41477 100000 
0.999922 0.000432374 100000 0.20536 100000 
0.985732 0.125158 100000 0.12091 134.052 
0.999925 0.000420693 100000 0.113657 100000 
0.78932 0.586943 100000 0.271341 7.80067 
0.999927 0.000404453 100000 0.0581913 100000 
0.997787 0.0217202 100000 0.12091 900.647 
0.999923 0.000431129 100000 0.18886 100000 
0.987239 0.113652 100000 0.12091 150.21 
0.984958 0.131313 100000 0.127927 127.492 
0.996458 0.0343723 548.555 0.104489 100000 
0.999925 0.000422151 100000 0.12091 100000 
0.997445 0.0249576 100000 0.113563 773.145 
0.644794 0.627701 100000 0.41477 4.04049 
0.999921 0.00043367 100000 0.228022 100000 
0.999923 0.000429802 100000 0.174511 100000 
0.86406 0.519412 100000 0.297684 13.4052 
0.999919 0.000435537 100000 0.300896 100000 
0.631684 0.628555 3.68079 0.337306 100000 
0.708235 0.61776 5.21379 0.338879 100000 
0.999919 0.000435537 100000 0.300896 100000 
0.999921 0.000434253 100000 0.241569 100000 
0.759646 0.601622 100000 0.271341 6.58024 
0.999927 0.000409955 100000 0.0733409 100000 
0.996622 0.0329233 100000 0.271341 628.748 
0.999922 0.000433118 100000 0.217431 100000 
0.999925 0.000419442 100000 0.107883 100000 
0.990837 0.0853602 211.088 0.130675 100000 
0.99992 0.000435122 100000 0.271341 100000 
0.999925 0.000422151 100000 0.12091 100000 
0.999921 0.00043367 100000 0.228022 100000 
0.985464 0.128556 100000 0.157488 134.052 
0.831657 0.549988 9.52196 0.12091 100000 
0.999925 0.000422151 100000 0.12091 100000 
0.999926 0.000415623 100000 0.0923008 100000 
0.999927 0.000404453 100000 0.0581913 100000 
0.999925 0.00042393 100000 0.130675 100000 
0.989547 0.0953097 100000 0.12091 184.049 
0.99992 0.000435122 100000 0.271341 100000 
0.999922 0.000433462 100000 0.223815 100000 
0.874376 0.486281 15.2949 0.113657 451.605 
0.999924 0.000428329 100000 0.161145 100000 
0.982464 0.148951 107.973 0.113657 100000 
0.995349 0.045134 418.938 0.12091 100000 
0.999922 0.000433118 100000 0.217431 100000 
0.999925 0.000420674 100000 0.113563 100000 
0.999927 0.000407474 100000 0.0661805 100000 
0.996384 0.0357108 100000 0.190037 562.922 
0.994641 0.0514367 100000 0.12091 363.292 
0.999925 0.000422151 100000 0.12091 100000 
0.999926 0.000416018 100000 0.0937911 100000 
0.999919 0.000435614 100000 0.316557 100000 
0.999919 0.000435522 100000 0.299033 100000 
0.999927 0.000407474 100000 0.0661805 100000 
0.999925 0.000419442 100000 0.107883 100000 
0.997329 0.0260808 100000 0.113563 738.449 
0.999924 0.000428329 100000 0.161145 100000 
0.999918 0.000435622 100000 0.322573 100000 
0.999923 0.000431227 100000 0.190037 100000 
0.999922 0.000432374 100000 0.20536 100000 
0.996875 0.0304393 100000 0.113563 628.26 
0.983448 0.142368 124.101 0.271341 100000 
0.999927 0.000405248 100000 0.0602242 100000 
0.999925 0.000420674 100000 0.113563 100000 
0.999928 0.000398988 100000 0.0453829 100000 
0.947747 0.330566 37.7627 0.271341 100000 
0.999927 0.000407474 100000 0.0661805 100000 
0.999925 0.00042393 100000 0.130675 100000 
0.999918 0.000435622 100000 0.322573 100000 
0.994265 0.0550913 338.32 0.12091 100000 
0.999927 0.000409955 100000 0.0733409 100000 
0.999926 0.000418668 100000 0.104489 100000 
0.99992 0.000435122 100000 0.271341 100000 
0.999926 0.000418668 100000 0.104489 100000 
0.999919 0.000435424 100000 0.289677 100000 
0.999925 0.000422151 100000 0.12091 100000 
0.999925 0.00042393 100000 0.130675 100000 
0.999919 0.000435614 100000 0.316557 100000 
0.999925 0.000420674 100000 0.113563 100000 
0.97768 0.182432 100000 0.239101 90.0647 
0.986098 0.12276 148.287 0.271341 100000 
0.99992 0.000435206 100000 0.275579 100000 
0.714978 0.615274 5.14069 0.241569 100000 
0.999927 0.000407474 100000 0.0661805 100000 
0.999921 0.00043367 100000 0.228022 100000 
0.999925 0.000420674 100000 0.113563 100000 
0.999924 0.000428237 100000 0.160378 100000 
0.999921 0.00043367 100000 0.228022 100000 
0.999928 0.000399568 100000 0.0466551 100000 
0.999925 0.000421614 100000 0.118168 100000 
0.999923 0.000429367 100000 0.170323 100000 
0.931249 0.382264 100000 0.107883 25.9969 
0.999924 0.000427882 100000 0.157488 100000 
0.999924 0.000428237 100000 0.160378 100000 
0.997341 0.0258081 100000 0.104489 738.449 
0.999922 0.000431953 100000 0.199358 100000 
0.999925 0.000420674 100000 0.113563 100000 
0.999922 0.000433118 100000 0.217431 100000 
0.985464 0.128556 100000 0.157488 134.052 
0.999925 0.000422151 100000 0.12091 100000 
0.999921 0.000434253 100000 0.241569 100000 
0.999923 0.000429802 100000 0.174511 100000 
0.972618 0.211821 100000 0.12091 68.7522 
0.992598 0.0680231 100000 0.0878901 256.942 
0.996344 0.0360942 100000 0.18886 556.311 
0.999923 0.000429802 100000 0.174511 100000 
0.999925 0.000420674 100000 0.113563 100000 
0.996458 0.0343723 548.555 0.104489 100000 
0.99992 0.000435122 100000 0.271341 100000 
0.999925 0.000420674 100000 0.113563 100000 
0.999925 0.00042393 100000 0.130675 100000 
0.999922 0.000432154 100000 0.202167 100000 
0.997507 0.0245288 100000 0.127927 799.19 
0.976789 0.184382 100000 0.322573 90.0647 
0.999925 0.000420693 100000 0.113657 100000 
0.999927 0.000408819 100000 0.0699882 100000 
0.999925 0.000420693 100000 0.113657 100000 
0.870474 0.512563 100000 0.183895 13.4052 
0.999925 0.000422151 100000 0.12091 100000 
0.999926 0.000418668 100000 0.104489 100000 
0.993235 0.0640201 100000 0.271341 309.197 
0.982908 0.146873 111.842 0.130675 100000 
0.999926 0.000418668 100000 0.104489 100000 
0.943216 0.349355 33.8486 0.228022 100000 
0.999925 0.000422151 100000 0.12091 100000 
0.999926 0.000418668 100000 0.104489 100000 
0.999922 0.000432017 100000 0.200248 100000 
0.999921 0.000434156 100000 0.239101 100000 
0.990556 0.0873727 203.647 0.12091 100000 
0.999926 0.000416018 100000 0.0937911 100000 
0.999925 0.000422151 100000 0.12091 100000 
0.996186 0.0370117 100000 0.275579 556.311 
0.999922 0.000432374 100000 0.20536 100000 
0.99992 0.000435122 100000 0.271341 100000 
0.999922 0.000433118 100000 0.217431 100000 
0.972618 0.211821 100000 0.12091 68.7522 
0.999925 0.000420693 100000 0.113657 100000 
0.999922 0.000433118 100000 0.217431 100000 
0.999926 0.000418668 100000 0.104489 100000 
0.999925 0.000422151 100000 0.12091 100000 
0.999918 0.000435622 100000 0.322573 100000 
0.999925 0.000419974 100000 0.110289 100000 
0.999919 0.000435537 100000 0.300896 100000 
0.999925 0.000420693 100000 0.113657 100000 
0.983713 0.141828 123.23 0.223815 100000 
0.99992 0.000435076 100000 0.269195 100000 
0.999923 0.000429367 100000 0.170323 100000 
0.999926 0.000418668 100000 0.104489 100000 
0.999925 0.000422151 100000 0.12091 100000 
0.991547 0.0771082 254.271 0.338879 100000 
0.314523 0.858849 1.42919 100000 1.8383 
0.999926 0.000416018 100000 0.0937911 100000 
0.838339 0.547862 100000 0.316557 11.0341 
0.999927 0.000404453 100000 0.0581913 100000 
0.999922 0.000433462 100000 0.223815 100000 
0.999927 0.000408819 100000 0.0699882 100000 
0.999927 0.000403801 100000 0.0565604 100000 
0.999926 0.000415623 100000 0.0923008 100000 
0.999925 0.000422151 100000 0.12091 100000 
0.985732 0.125158 100000 0.12091 134.052 
0.99992 0.000435122 100000 0.271341 100000 
0.800302 0.579067 100000 0.316557 8.52636 
0.681948 0.619239 100000 0.202167 4.31476 
0.991376 0.079361 100000 0.104489 221.895 
0.999925 0.000420674 100000 0.113563 100000 
0.999925 0.000421614 100000 0.118168 100000 
0.999919 0.000435537 100000 0.300896 100000 
0.999928 0.000399568 100000 0.0466551 100000 
0.99464 0.0521784 381.078 0.217431 100000 
0.999919 0.000435592 100000 0.309824 100000 
0.999922 0.000433118 100000 0.217431 100000 
0.999925 0.000420693 100000 0.113657 100000 
0.938221 0.363278 29.2932 0.12091 100000 
0.987239 0.113652 100000 0.12091 150.21 
0.972618 0.211821 100000 0.12091 68.7522 
0.999925 0.000422151 100000 0.12091 100000 
0.999919 0.000435522 100000 0.299033 100000 
0.999919 0.000435537 100000 0.300896 100000 
0.999926 0.000418668 100000 0.104489 100000 
0.98672 0.11946 150.361 0.20536 100000 
0.990055 0.0915374 100000 0.130675 194.595 
0.999925 0.00042393 100000 0.130675 100000 
0.969398 0.232614 100000 0.170323 62.8748 
0.996579 0.0334137 571.285 0.113563 100000 
0.892603 0.478073 100000 0.18886 16.6219 
0.999919 0.000435614 100000 0.316557 100000 
0.999919 0.000435537 100000 0.300896 100000 
0.999925 0.000420674 100000 0.113563 100000 
0.996481 0.0341807 100000 0.113657 556.311 
0.999926 0.000418668 100000 0.104489 100000 
