0.995603 0.0277332 614.334 100000 0.0484278 
0.994763 0.0399603 430.872 100000 0.0681199 
0.473514 0.911751 1.934 100000 0.0514887 
0.473514 0.911751 1.934 100000 0.0514887 
0.995439 0.0305508 0.0506609 100000 559.028 
0.971028 0.234884 0.0625655 100000 60.0676 
0.625772 0.879601 3.50509 100000 0.101315 
0.994763 0.0399603 430.872 100000 0.0681199 
0.607072 0.888586 3.15173 100000 0.0681199 
0.965926 0.267674 0.0663737 100000 51.0104 
0.664472 0.865798 0.0767047 100000 3.95907 
0.489198 0.908386 0.134843 100000 2.21348 
0.445843 0.912817 0.086016 100000 1.81911 
0.800051 0.751432 7.66644 100000 0.0786363 
0.600778 0.889127 3.15173 100000 0.0898802 
0.959823 0.296674 47.9003 100000 0.162201 
0.968482 0.235587 68.3922 100000 0.270299 
0.995242 0.0326878 0.0925505 100000 545.256 
0.533948 0.90546 2.43486 100000 0.0726113 
0.473514 0.911751 1.934 100000 0.0514887 
0.965926 0.267674 0.0663737 100000 51.0104 
0.811556 0.736538 8.13759 100000 0.0694138 
0.811556 0.736538 8.13759 100000 0.0694138 
0.85924 0.652194 11.6259 100000 0.0898802 
0.660892 0.866409 0.090179 100000 3.95907 
0.937153 0.405884 0.198693 100000 30.964 
0.993402 0.0550495 315.206 100000 0.0898802 
0.887407 0.589795 0.0633794 100000 14.3846 
0.984459 0.134624 120.839 100000 0.103618 
0.983318 0.1441 110.27 100000 0.0882748 
0.811556 0.736538 8.13759 100000 0.0694138 
0.811556 0.736538 8.13759 100000 0.0694138 
0.586062 0.895465 2.85769 100000 0.0496412 
0.811556 0.736538 8.13759 100000 0.0694138 
0.995464 0.0292894 0.0759423 100000 600.676 
0.830151 0.706272 9.37411 100000 0.0882748 
0.981364 0.159712 94.1879 100000 0.0514887 
0.568272 0.899831 2.66525 100000 0.0447454 
0.879709 0.606454 0.101408 100000 13.9485 
0.607072 0.888586 3.15173 100000 0.0681199 
0.991706 0.0711212 0.146609 100000 252.39 
0.995439 0.0305508 0.0506609 100000 559.028 
0.870368 0.629593 12.4617 100000 0.0694138 
0.995439 0.0305508 0.0506609 100000 559.028 
0.778817 0.78085 0.0506609 100000 6.55208 
0.800051 0.751432 7.66644 100000 0.0786363 
0.811556 0.736538 8.13759 100000 0.0694138 
0.984778 0.132741 116.995 100000 0.0557131 
0.96336 0.281597 47.9003 100000 0.0726113 
0.667636 0.865271 3.88896 100000 0.0447454 
0.986064 0.122175 128.439 100000 0.0557131 
0.984778 0.132741 116.995 100000 0.0557131 
0.692203 0.850557 0.0781343 100000 4.45314 
0.732422 0.81858 5.51799 100000 0.104333 
0.965717 0.268733 0.0767047 100000 51.2797 
0.660892 0.866409 0.090179 100000 3.95907 
0.991341 0.0762666 0.0442983 100000 212.631 
0.927211 0.446993 26.1638 100000 0.180153 
0.97896 0.177788 84.6272 100000 0.0681199 
0.982781 0.148424 106.118 100000 0.0836498 
0.811556 0.736538 8.13759 100000 0.0694138 
0.862196 0.644506 12.0839 100000 0.103618 
0.612906 0.887616 3.15173 100000 0.0484278 
0.823739 0.71164 9.37411 100000 0.128564 
0.991411 0.0750146 222.273 100000 0.0694138 
0.648304 0.874311 3.59767 100000 0.0447454 
0.773374 0.784774 0.0767047 100000 6.5499 
0.792464 0.762016 7.24952 100000 0.0681199 
0.473514 0.911751 1.934 100000 0.0514887 
0.746081 0.811009 5.64158 100000 0.0639712 
0.795484 0.76044 0.0607285 100000 7.27982 
0.881521 0.603424 0.086016 100000 13.9485 
0.800051 0.751432 7.66644 100000 0.0786363 
0.765829 0.789854 6.41602 100000 0.0898802 
0.980331 0.166826 94.1879 100000 0.101315 
0.718677 0.834769 0.0561172 100000 4.88686 
0.992762 0.0622976 0.0633794 100000 269.794 
0.607072 0.888586 3.15173 100000 0.0681199 
0.968482 0.235587 68.3922 100000 0.270299 
0.993584 0.0534283 0.086016 100000 324.838 
0.837291 0.695115 9.74466 100000 0.0786363 
0.586062 0.895465 2.85769 100000 0.0496412 
0.962104 0.287771 47.9003 100000 0.104333 
0.944663 0.381252 31.5581 100000 0.0832222 
0.489198 0.908386 0.134843 100000 2.21348 
0.936851 0.407752 30.3929 100000 0.179745 
0.473514 0.911751 1.934 100000 0.0514887 
0.99426 0.0461647 363.696 100000 0.0514887 
0.965926 0.267674 0.0663737 100000 51.0104 
0.473514 0.911751 1.934 100000 0.0514887 
0.787314 0.769082 0.0767047 100000 7.07169 
0.811556 0.736538 8.13759 100000 0.0694138 
0.995464 0.0292894 0.0759423 100000 600.676 
0.710864 0.839566 4.69911 100000 0.0484278 
0.984778 0.132741 116.995 100000 0.0557131 
0.811556 0.736538 8.13759 100000 0.0694138 
0.993179 0.057642 293.994 100000 0.0691554 
0.811556 0.736538 8.13759 100000 0.0694138 
0.811556 0.736538 8.13759 100000 0.0694138 
0.554939 0.900919 2.66525 100000 0.0882748 
0.475186 0.911556 2.00267 100000 0.0786363 
0.924337 0.467716 22.8556 100000 0.0898802 
0.995508 0.0288808 0.0625655 100000 600.676 
0.993402 0.0550495 315.206 100000 0.0898802 
0.887407 0.589795 0.0633794 100000 14.3846 
0.983318 0.1441 110.27 100000 0.0882748 
0.974749 0.208047 70.1505 100000 0.0694138 
0.625772 0.879601 3.50509 100000 0.101315 
0.984778 0.132741 116.995 100000 0.0557131 
0.995242 0.0326878 0.0925505 100000 545.256 
0.778817 0.78085 0.0506609 100000 6.55208 
0.986519 0.118549 0.101408 100000 139.485 
0.732422 0.81858 5.51799 100000 0.104333 
0.445843 0.912817 0.086016 100000 1.81911 
0.833248 0.703648 0.0811436 100000 9.45224 
0.811556 0.736538 8.13759 100000 0.0694138 
0.838738 0.693362 9.74466 100000 0.0694138 
0.995603 0.0277332 614.334 100000 0.0484278 
0.625772 0.879601 3.50509 100000 0.101315 
0.984548 0.134539 116.995 100000 0.0694138 
0.532112 0.905514 2.43486 100000 0.0785908 
0.867712 0.633892 12.4617 100000 0.0898802 
0.984459 0.134624 120.839 100000 0.103618 
0.732422 0.81858 5.51799 100000 0.104333 
0.953783 0.337796 0.0625655 100000 37.0198 
0.600778 0.889127 3.15173 100000 0.0898802 
0.778817 0.78085 0.0506609 100000 6.55208 
0.533948 0.90546 2.43486 100000 0.0726113 
0.800051 0.751432 7.66644 100000 0.0786363 
0.925364 0.464138 0.110289 100000 23.5846 
0.779655 0.778445 6.60765 100000 0.0496412 
0.489178 0.911129 0.0663737 100000 2.06404 
0.993703 0.0520934 328.25 100000 0.0726113 
0.473514 0.911751 1.934 100000 0.0514887 
0.591315 0.894022 0.0663737 100000 2.95391 
0.726184 0.826852 5.16868 100000 0.0709477 
0.800051 0.751432 7.66644 100000 0.0786363 
0.600778 0.889127 3.15173 100000 0.0898802 
0.993335 0.0555475 315.581 100000 0.101315 
0.811556 0.736538 8.13759 100000 0.0694138 
0.995346 0.0314268 0.0767047 100000 559.028 
0.660659 0.866442 0.0910615 100000 3.95907 
0.968482 0.235587 68.3922 100000 0.270299 
0.800051 0.751432 7.66644 100000 0.0786363 
0.986064 0.122175 128.439 100000 0.0557131 
0.985445 0.127227 124.617 100000 0.0694138 
0.778817 0.78085 0.0506609 100000 6.55208 
0.983318 0.1441 110.27 100000 0.0882748 
0.977394 0.190016 0.090179 100000 80.1023 
0.995709 0.0250769 683.922 100000 0.0514887 
0.836889 0.698033 9.37411 100000 0.0466364 
0.792464 0.762016 7.24952 100000 0.0681199 
0.750463 0.80833 5.64158 100000 0.0447454 
0.993797 0.0509317 339.809 100000 0.0832222 
0.830151 0.706272 9.37411 100000 0.0882748 
0.811556 0.736538 8.13759 100000 0.0694138 
0.992335 0.0665455 0.0663737 100000 252.39 
0.800051 0.751432 7.66644 100000 0.0786363 
0.837291 0.695115 9.74466 100000 0.0786363 
0.983864 0.139485 0.127871 100000 118.661 
0.972104 0.227616 0.0663737 100000 62.7356 
0.921371 0.482377 0.0663737 100000 21.2631 
0.811556 0.736538 8.13759 100000 0.0694138 
0.944663 0.381252 31.5581 100000 0.0832222 
0.660892 0.866409 0.090179 100000 3.95907 
0.811556 0.736538 8.13759 100000 0.0694138 
0.648304 0.874311 3.59767 100000 0.0447454 
0.99345 0.054647 315.581 100000 0.0832222 
0.770222 0.787334 6.41602 100000 0.0687334 
0.586062 0.895465 2.85769 100000 0.0496412 
0.778817 0.78085 0.0506609 100000 6.55208 
0.607072 0.888586 3.15173 100000 0.0681199 
0.607072 0.888586 3.15173 100000 0.0681199 
0.56062 0.900703 2.66525 100000 0.0694138 
0.965717 0.268733 0.0767047 100000 51.2797 
0.993584 0.0534283 0.086016 100000 324.838 
0.533948 0.90546 2.43486 100000 0.0726113 
0.995603 0.0277332 614.334 100000 0.0484278 
0.829814 0.708668 9.14732 100000 0.0681199 
0.554939 0.900919 2.66525 100000 0.0882748 
0.581689 0.896058 2.85769 100000 0.0639712 
0.800051 0.751432 7.66644 100000 0.0786363 
0.965717 0.268733 0.0767047 100000 51.2797 
0.981364 0.159712 94.1879 100000 0.0514887 
0.473514 0.911751 1.934 100000 0.0514887 
0.993582 0.0535885 311.096 100000 0.0514887 
0.989786 0.0906554 0.0561172 100000 178.991 
0.983318 0.1441 110.27 100000 0.0882748 
0.990955 0.0790389 214.566 100000 0.0898802 
0.778817 0.78085 0.0506609 100000 6.55208 
0.981364 0.159712 94.1879 100000 0.0514887 
0.485081 0.911269 0.0767047 100000 2.05803 
0.811556 0.736538 8.13759 100000 0.0694138 
0.96336 0.281597 47.9003 100000 0.0726113 
0.984548 0.134539 116.995 100000 0.0694138 
0.987729 0.10748 155.566 100000 0.104333 
0.984778 0.132741 116.995 100000 0.0557131 
0.820401 0.713701 9.37411 100000 0.149805 
0.580048 0.896217 2.85769 100000 0.0694138 
0.982781 0.148424 106.118 100000 0.0836498 
0.692203 0.850557 0.0781343 100000 4.45314 
0.984778 0.132741 116.995 100000 0.0557131 
0.815993 0.731708 8.13759 100000 0.0447454 
0.995553 0.0278016 0.0663737 100000 627.356 
0.994528 0.0426607 0.086016 100000 411.075 
0.778817 0.78085 0.0506609 100000 6.55208 
0.966594 0.261871 52.5212 100000 0.0694138 
0.974121 0.212402 68.3922 100000 0.0694138 
0.993693 0.0524452 315.581 100000 0.0447454 
0.63076 0.879207 3.50509 100000 0.0832222 
0.968482 0.235587 68.3922 100000 0.270299 
0.965926 0.267674 0.0663737 100000 51.0104 
0.732422 0.81858 5.51799 100000 0.104333 
0.993329 0.0556103 315.206 100000 0.101315 
0.581689 0.896058 2.85769 100000 0.0639712 
0.823739 0.71164 9.37411 100000 0.128564 
0.823739 0.71164 9.37411 100000 0.128564 
0.610732 0.888035 3.15173 100000 0.0557131 
0.811556 0.736538 8.13759 100000 0.0694138 
0.993511 0.0541431 315.206 100000 0.0726113 
0.985015 0.130749 120.839 100000 0.0694138 
0.989293 0.094464 170.622 100000 0.0557131 
0.991706 0.0711212 0.146609 100000 252.39 
0.887407 0.589795 0.0633794 100000 14.3846 
0.660892 0.866409 0.090179 100000 3.95907 
0.985808 0.124296 125.36 100000 0.0514887 
0.985884 0.12239 0.146609 100000 139.485 
0.995553 0.0278016 0.0663737 100000 627.356 
0.836597 0.698459 9.37411 100000 0.0484278 
0.993335 0.0555475 315.581 100000 0.101315 
0.806414 0.745383 7.66644 100000 0.0446091 
0.624949 0.879636 3.50509 100000 0.104333 
0.867712 0.633892 12.4617 100000 0.0898802 
0.753805 0.803549 5.89834 100000 0.0694138 
0.995242 0.0326878 0.0925505 100000 545.256 
0.984548 0.134539 116.995 100000 0.0694138 
0.994757 0.0400146 430.872 100000 0.0694138 
0.991341 0.0762666 0.0442983 100000 212.631 
0.811556 0.736538 8.13759 100000 0.0694138 
0.833248 0.703648 0.0811436 100000 9.45224 
0.995058 0.0360832 479.003 100000 0.0681199 
0.914415 0.504855 0.101408 100000 20.1868 
0.990087 0.0872413 189.554 100000 0.0726113 
0.688124 0.8549 0.0506609 100000 4.24453 
0.98742 0.11148 0.0633794 100000 143.846 
0.660892 0.866409 0.090179 100000 3.95907 
0.800051 0.751432 7.66644 100000 0.0786363 
0.660892 0.866409 0.090179 100000 3.95907 
0.535338 0.905396 2.43486 100000 0.0681199 
0.586062 0.895465 2.85769 100000 0.0496412 
0.991341 0.0762666 0.0442983 100000 212.631 
0.600778 0.889127 3.15173 100000 0.0898802 
0.713648 0.836761 0.0767047 100000 4.88686 
0.811556 0.736538 8.13759 100000 0.0694138 
0.968482 0.235587 68.3922 100000 0.270299 
0.991437 0.0745219 228.556 100000 0.0898802 
0.983864 0.139485 0.127871 100000 118.661 
0.718677 0.834769 0.0561172 100000 4.88686 
0.837198 0.697576 9.37411 100000 0.0447454 
0.97896 0.177788 84.6272 100000 0.0681199 
0.475186 0.911556 2.00267 100000 0.0786363 
0.811556 0.736538 8.13759 100000 0.0694138 
0.995039 0.0362525 479.003 100000 0.0726113 
0.778817 0.78085 0.0506609 100000 6.55208 
0.992021 0.0697295 0.0506609 100000 235.846 
0.994162 0.0470812 363.696 100000 0.0694138 
0.671519 0.86396 0.0506609 100000 3.95907 
0.968482 0.235587 68.3922 100000 0.270299 
0.974749 0.208047 70.1505 100000 0.0694138 
0.810985 0.737079 8.13759 100000 0.0726113 
0.805466 0.74642 7.66644 100000 0.0496412 
0.815327 0.732509 8.13759 100000 0.0484278 
0.981364 0.159712 94.1879 100000 0.0514887 
0.473514 0.911751 1.934 100000 0.0514887 
0.984459 0.134624 120.839 100000 0.103618 
0.814775 0.733152 8.13759 100000 0.0514887 
0.720023 0.834129 0.0506609 100000 4.88686 
0.814014 0.734007 8.13759 100000 0.0557131 
0.778817 0.78085 0.0506609 100000 6.55208 
0.765829 0.789854 6.41602 100000 0.0898802 
0.983318 0.1441 110.27 100000 0.0882748 
0.765829 0.789854 6.41602 100000 0.0898802 
0.54154 0.904854 2.43486 100000 0.0484278 
0.985612 0.125893 125.36 100000 0.0639712 
0.995464 0.0292894 0.0759423 100000 600.676 
0.974121 0.212402 68.3922 100000 0.0694138 
0.473514 0.911751 1.934 100000 0.0514887 
0.862196 0.644506 12.0839 100000 0.103618 
0.814775 0.733152 8.13759 100000 0.0514887 
0.811556 0.736538 8.13759 100000 0.0694138 
0.625772 0.879601 3.50509 100000 0.101315 
0.993402 0.0550495 315.206 100000 0.0898802 
0.634997 0.878612 3.50509 100000 0.0681199 
0.993335 0.0555475 315.581 100000 0.101315 
0.995242 0.0326878 0.0925505 100000 545.256 
0.965926 0.267674 0.0663737 100000 51.0104 
0.475186 0.911556 2.00267 100000 0.0786363 
0.995809 0.0210197 813.571 100000 0.0454084 
0.993408 0.0549872 315.581 100000 0.0898802 
0.710864 0.839566 4.69911 100000 0.0484278 
0.837291 0.695115 9.74466 100000 0.0786363 
0.660659 0.866442 0.0910615 100000 3.95907 
0.839636 0.693271 9.53716 100000 0.0447454 
0.986176 0.121231 128.439 100000 0.0484278 
0.988906 0.0972935 173.455 100000 0.103618 
0.625772 0.879601 3.50509 100000 0.101315 
0.994854 0.039089 430.872 100000 0.0484278 
0.984778 0.132741 116.995 100000 0.0557131 
0.99426 0.0461647 363.696 100000 0.0514887 
0.985299 0.128313 124.617 100000 0.0786363 
0.811556 0.736538 8.13759 100000 0.0694138 
0.995718 0.0249855 683.922 100000 0.0484278 
0.634997 0.878612 3.50509 100000 0.0681199 
0.445843 0.912817 0.086016 100000 1.81911 
0.614012 0.887375 3.15173 100000 0.0447454 
0.870368 0.629593 12.4617 100000 0.0694138 
0.784231 0.77108 0.0925505 100000 7.07169 
0.830151 0.706272 9.37411 100000 0.0882748 
0.993987 0.0485257 363.696 100000 0.101315 
0.980925 0.162959 94.1879 100000 0.0726113 
0.962676 0.285094 47.9003 100000 0.0898802 
0.964319 0.276063 47.9003 100000 0.0484278 
0.984459 0.134624 120.839 100000 0.103618 
0.986519 0.118549 0.101408 100000 139.485 
0.778817 0.78085 0.0506609 100000 6.55208 
0.808059 0.741462 7.96381 100000 0.0694138 
0.977895 0.18546 81.3571 100000 0.0786363 
0.783942 0.772119 6.91809 100000 0.0694138 
0.995439 0.0305508 0.0506609 100000 559.028 
0.600778 0.889127 3.15173 100000 0.0898802 
0.836098 0.69917 9.37411 100000 0.0514887 
0.995603 0.0277332 614.334 100000 0.0484278 
0.986735 0.117047 0.086016 100000 139.485 
0.988168 0.104105 157.996 100000 0.0832222 
0.983864 0.139485 0.127871 100000 118.661 
0.811556 0.736538 8.13759 100000 0.0694138 
0.808199 0.739485 8.13759 100000 0.0882748 
0.629357 0.879349 3.50509 100000 0.0882748 
0.925364 0.464138 0.110289 100000 23.5846 
0.473514 0.911751 1.934 100000 0.0514887 
0.530701 0.905532 2.43486 100000 0.0832222 
0.986519 0.118549 0.101408 100000 139.485 
0.744427 0.813332 5.51799 100000 0.0514887 
0.811788 0.736314 8.13759 100000 0.0681199 
0.773374 0.784774 0.0767047 100000 6.5499 
0.795484 0.76044 0.0607285 100000 7.27982 
0.925941 0.463305 22.3995 100000 0.0514887 
0.995533 0.0286401 0.0550845 100000 600.676 
0.660659 0.866442 0.0910615 100000 3.95907 
0.983318 0.1441 110.27 100000 0.0882748 
0.811556 0.736538 8.13759 100000 0.0694138 
0.83407 0.701864 9.37411 100000 0.0639712 
0.994913 0.0375967 469.413 100000 0.0898802 
0.473514 0.911751 1.934 100000 0.0514887 
0.995473 0.0288834 616.471 100000 0.0898802 
0.98411 0.137757 116.259 100000 0.0898802 
0.473514 0.911751 1.934 100000 0.0514887 
0.988694 0.0982729 0.155351 100000 178.991 
0.624949 0.879636 3.50509 100000 0.104333 
0.926034 0.462428 22.8556 100000 0.0681199 
0.737341 0.816302 5.55294 100000 0.0882748 
0.974628 0.208993 68.3922 100000 0.0514887 
0.993039 0.0588095 293.994 100000 0.0898802 
0.993723 0.0519233 328.25 100000 0.0694138 
0.836098 0.69917 9.37411 100000 0.0514887 
0.829893 0.706529 9.37411 100000 0.0898802 
0.732422 0.81858 5.51799 100000 0.104333 
0.984872 0.131936 116.259 100000 0.0447454 
0.607072 0.888586 3.15173 100000 0.0681199 
0.990955 0.0790389 214.566 100000 0.0898802 
0.692203 0.850557 0.0781343 100000 4.45314 
0.837291 0.695115 9.74466 100000 0.0786363 
0.696725 0.847418 4.51961 100000 0.0694138 
0.995089 0.0353352 0.0811436 100000 497.481 
0.995464 0.0292894 0.0759423 100000 600.676 
0.99345 0.054647 315.581 100000 0.0832222 
0.985015 0.130749 120.839 100000 0.0694138 
0.473514 0.911751 1.934 100000 0.0514887 
0.799748 0.751828 7.65267 100000 0.0786363 
0.993335 0.0555475 315.581 100000 0.101315 
0.811556 0.736538 8.13759 100000 0.0694138 
0.99345 0.054647 315.581 100000 0.0832222 
0.995039 0.0362525 479.003 100000 0.0726113 
0.475718 0.911545 1.934 100000 0.0447454 
0.987944 0.106259 148.677 100000 0.0484278 
0.991534 0.0739422 222.273 100000 0.0557131 
0.811556 0.736538 8.13759 100000 0.0694138 
0.995242 0.0326878 0.0925505 100000 545.256 
0.95147 0.348216 35.0964 100000 0.0557131 
0.773436 0.784708 0.0767047 100000 6.55208 
0.581689 0.896058 2.85769 100000 0.0639712 
0.56062 0.900703 2.66525 100000 0.0694138 
0.778817 0.78085 0.0506609 100000 6.55208 
0.85924 0.652194 11.6259 100000 0.0898802 
0.984459 0.134624 120.839 100000 0.103618 
0.995464 0.0292894 0.0759423 100000 600.676 
0.800051 0.751432 7.66644 100000 0.0786363 
0.533948 0.90546 2.43486 100000 0.0726113 
0.445843 0.912817 0.086016 100000 1.81911 
0.814775 0.733152 8.13759 100000 0.0514887 
0.778817 0.78085 0.0506609 100000 6.55208 
0.554939 0.900919 2.66525 100000 0.0882748 
0.985122 0.12957 124.617 100000 0.0898802 
0.581689 0.896058 2.85769 100000 0.0639712 
0.985445 0.127227 124.617 100000 0.0694138 
0.779655 0.778445 6.60765 100000 0.0496412 
0.993335 0.0555475 315.581 100000 0.101315 
0.770222 0.787334 6.41602 100000 0.0687334 
0.765829 0.789854 6.41602 100000 0.0898802 
0.99012 0.0869672 189.554 100000 0.0694138 
0.811556 0.736538 8.13759 100000 0.0694138 
0.841144 0.691466 0.0625655 100000 9.78745 
0.841565 0.689491 9.74466 100000 0.0514887 
0.612906 0.887616 3.15173 100000 0.0484278 
0.664472 0.865798 0.0767047 100000 3.95907 
0.995603 0.0277332 614.334 100000 0.0484278 
0.596685 0.889233 3.15173 100000 0.104333 
0.660892 0.866409 0.090179 100000 3.95907 
0.827583 0.708669 9.37411 100000 0.104333 
0.891326 0.575108 15.4786 100000 0.0898802 
0.953783 0.337796 0.0625655 100000 37.0198 
0.994528 0.0426607 0.086016 100000 411.075 
0.778817 0.78085 0.0506609 100000 6.55208 
0.986334 0.119093 0.134843 100000 142.596 
0.810985 0.737079 8.13759 100000 0.0726113 
0.63076 0.879207 3.50509 100000 0.0832222 
0.554939 0.900919 2.66525 100000 0.0882748 
0.607072 0.888586 3.15173 100000 0.0681199 
0.985445 0.127227 124.617 100000 0.0694138 
0.668056 0.864976 0.0633794 100000 3.95907 
0.991341 0.0762666 0.0442983 100000 212.631 
0.985299 0.128313 124.617 100000 0.0786363 
0.85924 0.652194 11.6259 100000 0.0898802 
0.983318 0.1441 110.27 100000 0.0882748 
0.866733 0.637814 12.0839 100000 0.0694138 
0.992493 0.064627 0.0925505 100000 267.365 
0.995346 0.0314268 0.0767047 100000 559.028 
0.88703 0.591401 0.0506609 100000 14.1266 
0.762857 0.79122 6.41602 100000 0.104333 
0.804325 0.747601 7.66644 100000 0.0557131 
0.660892 0.866409 0.090179 100000 3.95907 
0.489198 0.908386 0.134843 100000 2.21348 
0.990623 0.0828237 0.0767047 100000 201.868 
0.815108 0.732766 8.13759 100000 0.0496412 
0.811556 0.736538 8.13759 100000 0.0694138 
0.811556 0.736538 8.13759 100000 0.0694138 
0.625772 0.879601 3.50509 100000 0.101315 
0.993402 0.0550495 315.206 100000 0.0898802 
0.984026 0.138793 110.27 100000 0.0484278 
0.815993 0.731708 8.13759 100000 0.0447454 
0.905155 0.535147 17.7219 100000 0.0785908 
0.921371 0.482377 0.0663737 100000 21.2631 
0.995216 0.0338662 0.0633794 100000 510.104 
0.660659 0.866442 0.0910615 100000 3.95907 
0.607072 0.888586 3.15173 100000 0.0681199 
0.867712 0.633892 12.4617 100000 0.0898802 
0.987729 0.10748 155.566 100000 0.104333 
0.9911 0.0774398 222.273 100000 0.104333 
0.993467 0.0546443 311.096 100000 0.0694138 
0.533948 0.90546 2.43486 100000 0.0726113 
0.464925 0.912081 1.934 100000 0.0785908 
0.823739 0.71164 9.37411 100000 0.128564 
0.984778 0.132741 116.995 100000 0.0557131 
0.99299 0.0597227 276.487 100000 0.0484278 
0.727577 0.820803 0.127871 100000 5.50076 
0.596685 0.889233 3.15173 100000 0.104333 
0.554939 0.900919 2.66525 100000 0.0882748 
0.837291 0.695115 9.74466 100000 0.0786363 
0.992365 0.0662821 0.0625655 100000 252.39 
0.862196 0.644506 12.0839 100000 0.103618 
0.607072 0.888586 3.15173 100000 0.0681199 
0.607072 0.888586 3.15173 100000 0.0681199 
0.600778 0.889127 3.15173 100000 0.0898802 
0.811556 0.736538 8.13759 100000 0.0694138 
0.994763 0.0399603 430.872 100000 0.0681199 
0.580048 0.896217 2.85769 100000 0.0694138 
0.993582 0.0535885 311.096 100000 0.0514887 
0.993669 0.0526754 315.581 100000 0.0484278 
0.806414 0.745383 7.66644 100000 0.0446091 
0.596886 0.889232 3.15173 100000 0.103618 
0.993582 0.0535885 311.096 100000 0.0514887 
0.600778 0.889127 3.15173 100000 0.0898802 
0.658374 0.867661 3.88896 100000 0.0786363 
0.489198 0.908386 0.134843 100000 2.21348 
0.823739 0.71164 9.37411 100000 0.128564 
0.787314 0.769082 0.0767047 100000 7.07169 
0.951004 0.350664 0.101408 100000 36.3666 
0.932523 0.438449 0.0633794 100000 24.924 
0.473514 0.911751 1.934 100000 0.0514887 
0.740069 0.814956 5.56784 100000 0.0786363 
0.995657 0.0255844 683.922 100000 0.0694138 
0.984778 0.132741 116.995 100000 0.0557131 
0.554939 0.900919 2.66525 100000 0.0882748 
0.993402 0.0550495 315.206 100000 0.0898802 
0.581689 0.896058 2.85769 100000 0.0639712 
0.811556 0.736538 8.13759 100000 0.0694138 
0.63076 0.879207 3.50509 100000 0.0832222 
0.800051 0.751432 7.66644 100000 0.0786363 
0.887407 0.589795 0.0633794 100000 14.3846 
0.466784 0.912069 1.934 100000 0.0726113 
0.984232 0.136811 116.995 100000 0.0882748 
0.581689 0.896058 2.85769 100000 0.0639712 
0.984232 0.136811 116.995 100000 0.0882748 
0.660892 0.866409 0.090179 100000 3.95907 
0.995212 0.0342148 496.5 100000 0.0514887 
0.800051 0.751432 7.66644 100000 0.0786363 
0.489198 0.908386 0.134843 100000 2.21348 
0.473514 0.911751 1.934 100000 0.0514887 
0.994432 0.0438262 0.086016 100000 399.69 
0.489198 0.908386 0.134843 100000 2.21348 
0.984393 0.135678 116.995 100000 0.0786363 
0.692566 0.85046 0.0767047 100000 4.45314 
0.445843 0.912817 0.086016 100000 1.81911 
0.995216 0.0338662 0.0633794 100000 510.104 
0.664987 0.865544 0.0767047 100000 3.9674 
0.778817 0.78085 0.0506609 100000 6.55208 
0.986064 0.122175 128.439 100000 0.0557131 
0.60576 0.88874 3.15173 100000 0.0726113 
0.814775 0.733152 8.13759 100000 0.0514887 
0.981364 0.159712 94.1879 100000 0.0514887 
0.823739 0.71164 9.37411 100000 0.128564 
0.800051 0.751432 7.66644 100000 0.0786363 
0.974749 0.208047 70.1505 100000 0.0694138 
0.811556 0.736538 8.13759 100000 0.0694138 
0.994714 0.0403897 430.872 100000 0.0785908 
0.800051 0.751432 7.66644 100000 0.0786363 
0.778817 0.78085 0.0506609 100000 6.55208 
0.468193 0.912039 1.934 100000 0.0681199 
0.710864 0.839566 4.69911 100000 0.0484278 
0.535016 0.905413 2.43486 100000 0.0691554 
0.983318 0.1441 110.27 100000 0.0882748 
0.568272 0.899831 2.66525 100000 0.0447454 
0.791597 0.7627 7.24952 100000 0.0726113 
0.995158 0.0343881 0.0781343 100000 510.104 
0.475186 0.911556 2.00267 100000 0.0786363 
0.984459 0.134624 120.839 100000 0.103618 
0.811556 0.736538 8.13759 100000 0.0694138 
0.577294 0.896414 2.85769 100000 0.0786363 
0.814775 0.733152 8.13759 100000 0.0514887 
0.800051 0.751432 7.66644 100000 0.0786363 
0.99426 0.0461647 363.696 100000 0.0514887 
0.799202 0.752091 7.66644 100000 0.0832222 
0.99345 0.054647 315.581 100000 0.0832222 
0.811556 0.736538 8.13759 100000 0.0694138 
0.994899 0.0378259 465.453 100000 0.0876506 
0.468193 0.912039 1.934 100000 0.0681199 
0.800051 0.751432 7.66644 100000 0.0786363 
0.660892 0.866409 0.090179 100000 3.95907 
0.991706 0.0711212 0.146609 100000 252.39 
0.993797 0.0509317 339.809 100000 0.0832222 
0.696174 0.849353 0.0625655 100000 4.45314 
0.914415 0.504855 0.101408 100000 20.1868 
0.445843 0.912817 0.086016 100000 1.81911 
0.820401 0.713701 9.37411 100000 0.149805 
0.524966 0.907675 0.0506609 100000 2.2938 
0.801765 0.750003 7.66644 100000 0.0694138 
0.992565 0.0639429 0.090179 100000 269.794 
0.936851 0.407752 30.3929 100000 0.179745 
0.814775 0.733152 8.13759 100000 0.0514887 
0.991706 0.0711212 0.146609 100000 252.39 
0.965926 0.267674 0.0663737 100000 51.0104 
0.994686 0.0409269 420.298 100000 0.0681199 
0.98742 0.11148 0.0633794 100000 143.846 
0.732422 0.81858 5.51799 100000 0.104333 
0.581689 0.896058 2.85769 100000 0.0639712 
0.837291 0.695115 9.74466 100000 0.0786363 
0.962739 0.284783 47.9003 100000 0.0882748 
0.98488 0.131901 116.995 100000 0.0496412 
0.811556 0.736538 8.13759 100000 0.0694138 
0.804325 0.747601 7.66644 100000 0.0557131 
0.753805 0.803549 5.89834 100000 0.0694138 
0.991706 0.0711212 0.146609 100000 252.39 
0.580048 0.896217 2.85769 100000 0.0694138 
0.993511 0.0541431 315.206 100000 0.0726113 
0.830962 0.705438 9.37411 100000 0.0832222 
0.811556 0.736538 8.13759 100000 0.0694138 
0.814775 0.733152 8.13759 100000 0.0514887 
0.815108 0.732766 8.13759 100000 0.0496412 
0.778817 0.78085 0.0506609 100000 6.55208 
0.965717 0.268733 0.0767047 100000 51.2797 
0.814775 0.733152 8.13759 100000 0.0514887 
0.993444 0.0547089 315.206 100000 0.0832222 
0.607072 0.888586 3.15173 100000 0.0681199 
0.778817 0.78085 0.0506609 100000 6.55208 
0.995603 0.0277332 614.334 100000 0.0484278 
0.778817 0.78085 0.0506609 100000 6.55208 
0.732422 0.81858 5.51799 100000 0.104333 
0.988496 0.101317 162.036 100000 0.0786363 
0.993797 0.0509317 339.809 100000 0.0832222 
0.986866 0.116081 0.0767047 100000 139.485 
0.675606 0.856489 4.28956 100000 0.104333 
0.983653 0.141728 110.27 100000 0.0694138 
0.811556 0.736538 8.13759 100000 0.0694138 
0.660659 0.866442 0.0910615 100000 3.95907 
0.66409 0.865873 0.0781343 100000 3.95907 
0.801765 0.750003 7.66644 100000 0.0694138 
0.473514 0.911751 1.934 100000 0.0514887 
0.664472 0.865798 0.0767047 100000 3.95907 
0.991868 0.0707636 231.788 100000 0.0514887 
0.836889 0.698033 9.37411 100000 0.0466364 
0.778817 0.78085 0.0506609 100000 6.55208 
0.983043 0.146563 106.118 100000 0.0694138 
0.811556 0.736538 8.13759 100000 0.0694138 
0.981364 0.159712 94.1879 100000 0.0514887 
0.600778 0.889127 3.15173 100000 0.0898802 
0.586062 0.895465 2.85769 100000 0.0496412 
0.805694 0.746175 7.66644 100000 0.0484278 
0.984393 0.135678 116.995 100000 0.0786363 
0.587617 0.895192 2.85769 100000 0.0446091 
0.533948 0.90546 2.43486 100000 0.0726113 
0.959823 0.296674 47.9003 100000 0.162201 
0.732422 0.81858 5.51799 100000 0.104333 
0.587613 0.895193 2.85769 100000 0.0446207 
0.979343 0.175008 84.6272 100000 0.0514887 
0.965926 0.267674 0.0663737 100000 51.0104 
0.984548 0.134539 116.995 100000 0.0694138 
0.797973 0.752991 7.66644 100000 0.0898802 
0.829893 0.706529 9.37411 100000 0.0898802 
0.8097 0.738235 8.13759 100000 0.0798188 
0.580048 0.896217 2.85769 100000 0.0694138 
0.811556 0.736538 8.13759 100000 0.0694138 
0.986973 0.115114 0.0811436 100000 141.419 
0.965926 0.267674 0.0663737 100000 51.0104 
0.842773 0.68924 0.0506609 100000 9.77039 
0.815993 0.731708 8.13759 100000 0.0447454 
0.993219 0.0570618 301.529 100000 0.0832222 
0.797973 0.752991 7.66644 100000 0.0898802 
0.718677 0.834769 0.0561172 100000 4.88686 
0.779655 0.778445 6.60765 100000 0.0496412 
0.778817 0.78085 0.0506609 100000 6.55208 
0.799123 0.752151 7.66644 100000 0.0836498 
0.581689 0.896058 2.85769 100000 0.0639712 
0.580048 0.896217 2.85769 100000 0.0694138 
0.77667 0.781659 6.5146 100000 0.0514887 
0.810985 0.737079 8.13759 100000 0.0726113 
0.811556 0.736538 8.13759 100000 0.0694138 
0.815327 0.732509 8.13759 100000 0.0484278 
0.823739 0.71164 9.37411 100000 0.128564 
0.982666 0.149197 106.118 100000 0.0898802 
0.974121 0.212402 68.3922 100000 0.0694138 
0.800051 0.751432 7.66644 100000 0.0786363 
0.867712 0.633892 12.4617 100000 0.0898802 
0.829814 0.708668 9.14732 100000 0.0681199 
0.815327 0.732509 8.13759 100000 0.0484278 
0.991595 0.0732562 0.101408 100000 235.846 
0.744427 0.813332 5.51799 100000 0.0514887 
0.80278 0.74909 7.66644 100000 0.0639712 
0.944663 0.381252 31.5581 100000 0.0832222 
0.778817 0.78085 0.0506609 100000 6.55208 
0.993335 0.0555475 315.581 100000 0.101315 
0.692203 0.850557 0.0781343 100000 4.45314 
0.695932 0.849484 4.38125 100000 0.0447454 
0.985445 0.127227 124.617 100000 0.0694138 
0.99566 0.0255493 683.922 100000 0.0681199 
0.98738 0.11181 0.0663737 100000 143.846 
0.884315 0.595901 0.090179 100000 14.3846 
0.995039 0.0362525 479.003 100000 0.0726113 
0.660892 0.866409 0.090179 100000 3.95907 
0.814014 0.734007 8.13759 100000 0.0557131 
0.792464 0.762016 7.24952 100000 0.0681199 
0.881521 0.603424 0.086016 100000 13.9485 
0.97896 0.177788 84.6272 100000 0.0681199 
0.773374 0.784774 0.0767047 100000 6.5499 
0.770222 0.787334 6.41602 100000 0.0687334 
0.870368 0.629593 12.4617 100000 0.0694138 
0.65404 0.869319 3.84082 100000 0.0832222 
0.975429 0.203331 70.1505 100000 0.0447454 
0.778817 0.78085 0.0506609 100000 6.55208 
0.718677 0.834769 0.0561172 100000 4.88686 
0.832562 0.705207 9.14732 100000 0.0514887 
0.811556 0.736538 8.13759 100000 0.0694138 
0.98742 0.11148 0.0633794 100000 143.846 
0.965926 0.267674 0.0663737 100000 51.0104 
0.586062 0.895465 2.85769 100000 0.0496412 
0.624949 0.879636 3.50509 100000 0.104333 
0.979853 0.171132 88.5239 100000 0.0681199 
0.664472 0.865798 0.0767047 100000 3.95907 
0.994757 0.0400146 430.872 100000 0.0694138 
0.580048 0.896217 2.85769 100000 0.0694138 
0.888883 0.586411 0.0506609 100000 14.3846 
0.668056 0.864976 0.0633794 100000 3.95907 
0.672446 0.863648 0.0472832 100000 3.95907 
0.809019 0.738815 8.13759 100000 0.0836498 
0.779655 0.778445 6.60765 100000 0.0496412 
0.811556 0.736538 8.13759 100000 0.0694138 
0.776347 0.782761 0.0625655 100000 6.55208 
0.814775 0.733152 8.13759 100000 0.0514887 
0.445843 0.912817 0.086016 100000 1.81911 
0.858206 0.655386 11.3895 100000 0.0786363 
0.836889 0.698033 9.37411 100000 0.0466364 
0.814775 0.733152 8.13759 100000 0.0514887 
0.718677 0.834769 0.0561172 100000 4.88686 
0.741552 0.814948 5.51799 100000 0.0639712 
0.478062 0.911522 2.00267 100000 0.0694138 
0.606694 0.888633 3.15173 100000 0.0694138 
0.800051 0.751432 7.66644 100000 0.0786363 
0.770504 0.786369 0.0910615 100000 6.55208 
0.765829 0.789854 6.41602 100000 0.0898802 
0.800051 0.751432 7.66644 100000 0.0786363 
0.489198 0.908386 0.134843 100000 2.21348 
0.836597 0.698459 9.37411 100000 0.0484278 
0.974508 0.209828 68.3922 100000 0.0557131 
0.692203 0.850557 0.0781343 100000 4.45314 
0.533948 0.90546 2.43486 100000 0.0726113 
0.774647 0.783936 0.0708078 100000 6.55208 
0.815993 0.731708 8.13759 100000 0.0447454 
0.809095 0.738751 8.13759 100000 0.0832222 
0.985808 0.124296 125.36 100000 0.0514887 
0.830151 0.706272 9.37411 100000 0.0882748 
0.648304 0.874311 3.59767 100000 0.0447454 
0.810985 0.737079 8.13759 100000 0.0726113 
0.811556 0.736538 8.13759 100000 0.0694138 
0.965926 0.267674 0.0663737 100000 51.0104 
0.591315 0.894022 0.0663737 100000 2.95391 
0.805694 0.746175 7.66644 100000 0.0484278 
0.823739 0.71164 9.37411 100000 0.128564 
0.809019 0.738815 8.13759 100000 0.0836498 
0.988425 0.101769 163.04 100000 0.0898802 
0.978931 0.177994 84.6272 100000 0.0694138 
0.993584 0.0534283 0.086016 100000 324.838 
0.773374 0.784774 0.0767047 100000 6.5499 
0.974749 0.208047 70.1505 100000 0.0694138 
0.995242 0.0326878 0.0925505 100000 545.256 
0.473514 0.911751 1.934 100000 0.0514887 
0.973136 0.218151 68.3922 100000 0.104333 
0.811556 0.736538 8.13759 100000 0.0694138 
0.607072 0.888586 3.15173 100000 0.0681199 
0.984901 0.131729 116.995 100000 0.0484278 
0.811556 0.736538 8.13759 100000 0.0694138 
0.445843 0.912817 0.086016 100000 1.81911 
0.745991 0.812341 5.51799 100000 0.0447454 
0.98411 0.137757 116.259 100000 0.0898802 
0.664472 0.865798 0.0767047 100000 3.95907 
0.814014 0.734007 8.13759 100000 0.0557131 
0.473514 0.911751 1.934 100000 0.0514887 
0.474511 0.911664 1.934 100000 0.0484278 
0.473514 0.911751 1.934 100000 0.0514887 
0.540438 0.904983 2.43486 100000 0.051886 
0.965717 0.268733 0.0767047 100000 51.2797 
0.985122 0.12957 124.617 100000 0.0898802 
0.600778 0.889127 3.15173 100000 0.0898802 
0.801892 0.749892 7.66644 100000 0.0687334 
0.814775 0.733152 8.13759 100000 0.0514887 
0.862196 0.644506 12.0839 100000 0.103618 
0.753805 0.803549 5.89834 100000 0.0694138 
0.866768 0.637756 12.0839 100000 0.0691554 
0.660892 0.866409 0.090179 100000 3.95907 
0.473514 0.911751 1.934 100000 0.0514887 
0.86015 0.650924 11.6259 100000 0.0832222 
0.534936 0.905417 2.43486 100000 0.0694138 
