0.891973 0.0870089 0.0715859 15.3885 100000 
0.838843 0.130793 0.126037 9.94926 100000 
0.91429 0.0673958 0.0784587 20.028 100000 
0.883975 0.092141 0.114954 14.5173 100000 
0.767601 0.196609 0.0715859 6.12613 100000 
0.958714 0.0303664 0.0538597 44.544 100000 
0.978861 0.0125156 0.0749894 107.526 100000 
0.838843 0.130793 0.126037 9.94926 100000 
0.902341 0.0690291 0.339591 19.7287 100000 
0.97778 0.0137917 0.0515697 97.5908 100000 
0.891973 0.0870089 0.0715859 15.3885 100000 
0.408319 0.421954 0.0472808 1.262 100000 
0.979969 0.0115458 0.0538788 116.457 100000 
0.838843 0.130793 0.126037 9.94926 100000 
0.951292 0.0358221 0.0958461 37.8373 100000 
0.808906 0.161548 0.0571476 7.79554 100000 
0.891973 0.0870089 0.0715859 15.3885 100000 
0.843685 0.130547 0.0571476 9.94926 100000 
0.622491 0.313434 0.0455437 3.01347 100000 
0.838843 0.130793 0.126037 9.94926 100000 
0.955754 0.0328557 0.0538788 41.1838 100000 
0.838843 0.130793 0.126037 9.94926 100000 
0.982137 0.00872724 0.0715859 153.885 100000 
0.963378 0.0262641 0.0657156 51.478 100000 
0.828812 0.14452 0.0464375 8.86893 100000 
0.98213 0.00872738 0.0726522 153.885 100000 
0.979969 0.0115458 0.0538788 116.457 100000 
0.920727 0.061887 0.0783612 21.8429 100000 
0.799591 0.169797 0.0571476 7.34631 100000 
0.979599 0.0115554 0.099002 116.457 100000 
0.577813 0.342525 0.0472808 2.50328 100000 
0.9686 0.0213894 100000 62.3031 0.0549713 
0.840736 0.130702 0.099002 9.94926 100000 
0.767601 0.196609 0.0715859 6.12613 100000 
0.838843 0.130793 0.126037 9.94926 100000 
0.828243 0.144548 0.0538788 8.86893 100000 
0.978617 0.0125223 0.102581 107.526 100000 
0.838843 0.130793 0.126037 9.94926 100000 
0.838843 0.130793 0.126037 9.94926 100000 
0.977349 0.013804 0.0958461 97.5908 100000 
0.938603 0.0456606 100000 29.3301 0.0789361 
0.977434 0.0138015 0.0870851 97.5908 100000 
0.982137 0.00872724 0.0715859 153.885 100000 
0.622491 0.313434 0.0455437 3.01347 100000 
0.475086 0.396752 0.0472808 1.65521 100000 
0.891799 0.0870204 0.0749894 15.3885 100000 
0.838843 0.130793 0.126037 9.94926 100000 
0.213417 0.454391 0.0455437 0.495664 100000 
0.838843 0.130793 0.126037 9.94926 100000 
0.891973 0.0870089 0.0715859 15.3885 100000 
0.981943 0.0087316 0.102581 153.885 100000 
0.891973 0.0870089 0.0715859 15.3885 100000 
0.958714 0.0303664 0.0538597 44.544 100000 
0.977617 0.0137962 0.0683368 97.5908 100000 
0.843685 0.130547 0.0571476 9.94926 100000 
0.838843 0.130793 0.126037 9.94926 100000 
0.808906 0.161548 0.0571476 7.79554 100000 
0.982254 0.0087247 0.0527215 153.885 100000 
0.958848 0.0303603 0.0472808 44.544 100000 
0.977434 0.0138015 0.0870851 97.5908 100000 
0.982707 0.00800977 0.0472808 167.541 100000 
0.828243 0.144548 0.0538788 8.86893 100000 
0.430857 0.414509 0.0453781 1.38299 100000 
0.943589 0.0432934 0.0455663 31.2619 100000 
0.921668 0.0618275 0.0538788 21.8429 100000 
0.816568 0.155399 0.0475065 8.15689 100000 
0.308815 0.445564 0.0472808 0.817013 100000 
0.891973 0.0870089 0.0715859 15.3885 100000 
0.982669 0.00801053 0.0538788 167.541 100000 
0.979599 0.0115554 0.099002 116.457 100000 
0.838843 0.130793 0.126037 9.94926 100000 
0.981462 0.00974808 0.0612713 137.824 100000 
0.838843 0.130793 0.126037 9.94926 100000 
0.789746 0.173748 0.120495 7.1507 100000 
0.223312 0.454189 100000 0.532132 0.049168 
0.838843 0.130793 0.126037 9.94926 100000 
0.224792 0.45343 0.0538788 0.532132 100000 
0.983042 0.00669823 0.0784587 200.28 100000 
0.979969 0.0115458 0.0538788 116.457 100000 
0.979969 0.0115458 0.0538788 116.457 100000 
0.838843 0.130793 0.126037 9.94926 100000 
0.346079 0.435846 0.0783612 0.984038 100000 
0.838843 0.130793 0.126037 9.94926 100000 
0.767601 0.196609 0.0715859 6.12613 100000 
0.838843 0.130793 0.126037 9.94926 100000 
0.883975 0.092141 0.114954 14.5173 100000 
0.891973 0.0870089 0.0715859 15.3885 100000 
0.951218 0.0358259 0.099002 37.8373 100000 
0.457019 0.403671 0.0538788 1.54475 100000 
0.920727 0.061887 0.0783612 21.8429 100000 
0.978617 0.0125223 0.102581 107.526 100000 
0.838843 0.130793 0.126037 9.94926 100000 
0.883975 0.092141 0.114954 14.5173 100000 
0.843685 0.130547 0.0571476 9.94926 100000 
0.982288 0.00872399 0.0472808 153.885 100000 
0.891864 0.0870161 0.0737048 15.3885 100000 
0.915 0.06735 0.0612713 20.028 100000 
0.838843 0.130793 0.126037 9.94926 100000 
0.838843 0.130793 0.126037 9.94926 100000 
0.675375 0.273555 0.0571476 3.82661 100000 
0.673839 0.275299 0.0515697 3.78851 100000 
0.982707 0.00800977 0.0472808 167.541 100000 
0.589563 0.335335 0.0455437 2.6249 100000 
0.475086 0.396752 0.0472808 1.65521 100000 
0.832845 0.140229 0.0571476 9.18118 100000 
0.982137 0.00872724 0.0715859 153.885 100000 
0.840736 0.130702 0.099002 9.94926 100000 
0.838843 0.130793 0.126037 9.94926 100000 
0.767601 0.196609 0.0715859 6.12613 100000 
0.332929 0.440731 0.0538788 0.915912 100000 
0.838843 0.130793 0.126037 9.94926 100000 
0.840736 0.130702 0.099002 9.94926 100000 
0.838843 0.130793 0.126037 9.94926 100000 
0.838843 0.130793 0.126037 9.94926 100000 
0.840736 0.130702 0.099002 9.94926 100000 
0.982137 0.00872724 0.0715859 153.885 100000 
0.840736 0.130702 0.099002 9.94926 100000 
0.269503 0.450805 0.0455663 0.674004 100000 
0.799591 0.169797 0.0571476 7.34631 100000 
0.979969 0.0115458 0.0538788 116.457 100000 
0.680813 0.265574 100000 3.97865 0.0627057 
0.798089 0.171984 0.0455437 7.23232 100000 
0.768976 0.196603 0.0571476 6.12613 100000 
0.954415 0.03292 0.114954 41.1838 100000 
0.774096 0.186729 0.126037 6.5408 100000 
0.980692 0.0105902 0.0715859 126.943 100000 
0.767601 0.196609 0.0715859 6.12613 100000 
0.43725 0.411449 0.0527215 1.4251 100000 
0.975978 0.0154741 0.0538788 87.047 100000 
0.979377 0.0115614 0.126037 116.457 100000 
0.843685 0.130547 0.0571476 9.94926 100000 
0.828747 0.144523 0.0472808 8.86893 100000 
0.713353 0.244583 0.0453781 4.54917 100000 
0.838843 0.130793 0.126037 9.94926 100000 
0.814475 0.156545 0.0579584 8.0893 100000 
0.383241 0.429428 0.0472808 1.13631 100000 
0.838843 0.130793 0.126037 9.94926 100000 
0.655193 0.289239 0.0527215 3.48641 100000 
0.28482 0.44895 0.0472808 0.728244 100000 
0.827678 0.144575 0.0612713 8.86893 100000 
0.979768 0.0115509 0.0783612 116.457 100000 
0.83688 0.130881 0.154184 9.94926 100000 
0.838843 0.130793 0.126037 9.94926 100000 
0.673839 0.275299 0.0515697 3.78851 100000 
0.854631 0.119604 0.0783612 10.9661 100000 
0.958714 0.0303664 0.0538597 44.544 100000 
0.977726 0.0137932 0.0571476 97.5908 100000 
0.982788 0.00769002 0.0612713 174.511 100000 
0.80771 0.16159 0.0715859 7.79554 100000 
0.780683 0.186675 0.0538788 6.5408 100000 
0.87634 0.100429 0.0784587 13.2367 100000 
0.828243 0.144548 0.0538788 8.86893 100000 
0.982137 0.00872724 0.0715859 153.885 100000 
0.801307 0.165228 0.0996771 7.59584 100000 
0.982115 0.0087277 0.0749894 153.885 100000 
0.982137 0.00872724 0.0715859 153.885 100000 
0.207492 0.45468 100000 0.485031 0.0509715 
0.98003 0.0115443 0.0464375 116.457 100000 
0.843685 0.130547 0.0571476 9.94926 100000 
0.308815 0.445564 0.0472808 0.817013 100000 
0.98321 0.00613759 0.0538788 218.429 100000 
0.982651 0.00801091 0.0571476 167.541 100000 
0.739416 0.222155 0.0538788 5.21179 100000 
0.838843 0.130793 0.126037 9.94926 100000 
0.977349 0.013804 0.0958461 97.5908 100000 
0.309505 0.445454 0.0472808 0.819656 100000 
0.878132 0.100312 0.0472808 13.2367 100000 
0.955754 0.0328557 0.0538788 41.1838 100000 
0.844383 0.130507 0.0472808 9.94926 100000 
0.982137 0.00872724 0.0715859 153.885 100000 
0.915 0.06735 0.0612713 20.028 100000 
0.982094 0.00872818 0.0784587 153.885 100000 
0.982288 0.00872399 0.0472808 153.885 100000 
0.843916 0.130534 0.0538788 9.94926 100000 
0.982247 0.00872486 0.0538788 153.885 100000 
0.622491 0.313434 0.0455437 3.01347 100000 
0.95798 0.0309837 0.0538788 43.6608 100000 
0.887062 0.0919419 0.0571476 14.5173 100000 
0.91114 0.0685234 0.126037 19.7287 100000 
0.981239 0.0101498 0.0472808 132.367 100000 
0.361336 0.435252 0.0455437 1.03363 100000 
0.835359 0.130943 0.176087 9.94926 100000 
0.979969 0.0115458 0.0538788 116.457 100000 
0.838843 0.130793 0.126037 9.94926 100000 
0.789746 0.173748 0.120495 7.1507 100000 
0.767601 0.196609 0.0715859 6.12613 100000 
0.980627 0.0107519 0.0612713 125.022 100000 
0.978617 0.0125223 0.102581 107.526 100000 
0.763323 0.200288 0.0715859 5.98157 100000 
0.982094 0.00872818 0.0784587 153.885 100000 
0.842665 0.130602 0.0715859 9.94926 100000 
0.838843 0.130793 0.126037 9.94926 100000 
0.891973 0.0870089 0.0715859 15.3885 100000 
0.82673 0.144619 0.0737048 8.86893 100000 
0.838843 0.130793 0.126037 9.94926 100000 
0.978617 0.0125223 0.102581 107.526 100000 
0.842665 0.130602 0.0715859 9.94926 100000 
0.982288 0.00872399 0.0472808 153.885 100000 
0.796672 0.172026 0.0618523 7.23232 100000 
0.891864 0.0870161 0.0737048 15.3885 100000 
0.982137 0.00872724 0.0715859 153.885 100000 
0.838843 0.130793 0.126037 9.94926 100000 
0.977769 0.013792 0.0527215 97.5908 100000 
0.840485 0.130715 0.102581 9.94926 100000 
0.838843 0.130793 0.126037 9.94926 100000 
0.343052 0.435893 992.412 0.984038 0.0538248 
0.943589 0.0432934 0.0455663 31.2619 100000 
0.98113 0.0101962 0.0571476 131.79 100000 
0.983042 0.00669823 0.0784587 200.28 100000 
0.838843 0.130793 0.126037 9.94926 100000 
0.838843 0.130793 0.126037 9.94926 100000 
0.642223 0.299297 0.0472808 3.28371 100000 
0.834028 0.130995 0.19532 9.94926 100000 
0.891973 0.0870089 0.0715859 15.3885 100000 
0.448162 0.407189 0.0538788 1.49048 100000 
0.977585 0.0137971 0.0715859 97.5908 100000 
0.982137 0.00872724 0.0715859 153.885 100000 
0.838843 0.130793 0.126037 9.94926 100000 
0.981965 0.00873108 0.099002 153.885 100000 
0.526296 0.372243 0.0455663 2.03008 100000 
0.842665 0.130602 0.0715859 9.94926 100000 
0.842443 0.130614 0.0747357 9.94926 100000 
0.982137 0.00872724 0.0715859 153.885 100000 
0.838843 0.130793 0.126037 9.94926 100000 
0.828812 0.14452 0.0464375 8.86893 100000 
0.840736 0.130702 0.099002 9.94926 100000 
0.921712 0.0618247 0.0527215 21.8429 100000 
0.841007 0.130689 0.0951534 9.94926 100000 
0.844383 0.130507 0.0472808 9.94926 100000 
0.981894 0.0092509 0.0527215 145.173 100000 
0.89288 0.0869486 0.0538597 15.3885 100000 
0.577813 0.342525 0.0472808 2.50328 100000 
0.834444 0.130979 0.189309 9.94926 100000 
0.895496 0.0843434 0.0612713 15.8885 100000 
0.308815 0.445564 0.0472808 0.817013 100000 
0.838843 0.130793 0.126037 9.94926 100000 
0.799591 0.169797 0.0571476 7.34631 100000 
0.808906 0.161548 0.0571476 7.79554 100000 
0.982707 0.00800977 0.0472808 167.541 100000 
0.918838 0.0620534 0.126037 21.8241 100000 
0.983042 0.00669823 0.0784587 200.28 100000 
0.838843 0.130793 0.126037 9.94926 100000 
0.982137 0.00872724 0.0715859 153.885 100000 
0.838843 0.130793 0.126037 9.94926 100000 
0.957826 0.0309908 0.0612713 43.6608 100000 
0.975195 0.0154985 0.126037 87.047 100000 
0.834444 0.130979 0.189309 9.94926 100000 
0.346079 0.435846 0.0783612 0.984038 100000 
0.838843 0.130793 0.126037 9.94926 100000 
0.808906 0.161548 0.0571476 7.79554 100000 
0.838843 0.130793 0.126037 9.94926 100000 
0.838843 0.130793 0.126037 9.94926 100000 
0.789269 0.173754 0.126037 7.1507 100000 
0.838843 0.130793 0.126037 9.94926 100000 
0.838843 0.130793 0.126037 9.94926 100000 
0.982254 0.0087247 0.0527215 153.885 100000 
0.838843 0.130793 0.126037 9.94926 100000 
0.915 0.06735 0.0612713 20.028 100000 
0.981025 0.0101987 0.0715859 131.79 100000 
0.893306 0.0869199 0.0455437 15.3885 100000 
0.840736 0.130702 0.099002 9.94926 100000 
0.844518 0.1305 0.0453781 9.94926 100000 
0.599355 0.328106 0.0538788 2.74609 100000 
0.789269 0.173754 0.126037 7.1507 100000 
0.767601 0.196609 0.0715859 6.12613 100000 
0.843916 0.130534 0.0538788 9.94926 100000 
0.673839 0.275299 0.0515697 3.78851 100000 
0.844506 0.1305 0.0455437 9.94926 100000 
0.807142 0.161609 0.0784587 7.79554 100000 
0.875943 0.101945 0.0538788 13.015 100000 
0.844518 0.1305 0.0453781 9.94926 100000 
0.843685 0.130547 0.0571476 9.94926 100000 
0.843685 0.130547 0.0571476 9.94926 100000 
0.883386 0.0921776 0.126037 14.5173 100000 
0.83688 0.130881 0.154184 9.94926 100000 
0.482497 0.393557 0.0464375 1.70434 100000 
0.982137 0.00872724 0.0715859 153.885 100000 
0.83688 0.130881 0.154184 9.94926 100000 
0.269503 0.450805 0.0455663 0.674004 100000 
0.842665 0.130602 0.0715859 9.94926 100000 
0.942066 0.0433771 0.0996771 31.2619 100000 
0.98321 0.00613759 0.0538788 218.429 100000 
0.806259 0.164212 0.0527215 7.6452 100000 
0.982137 0.00872724 0.0715859 153.885 100000 
0.843998 0.130529 0.0527215 9.94926 100000 
0.963763 0.0257614 0.0784587 52.4952 100000 
0.89288 0.0869486 0.0538597 15.3885 100000 
0.806356 0.164208 0.0515697 7.6452 100000 
0.275732 0.450146 0.0455437 0.695506 100000 
0.816568 0.155399 0.0475065 8.15689 100000 
0.843916 0.130534 0.0538788 9.94926 100000 
0.9808 0.0105876 0.0571476 126.943 100000 
0.955754 0.0328557 0.0538788 41.1838 100000 
0.780685 0.186675 0.0538597 6.5408 100000 
0.822764 0.144782 0.126037 8.86893 100000 
0.843685 0.130547 0.0571476 9.94926 100000 
0.870069 0.105107 0.0958461 12.6181 100000 
0.838843 0.130793 0.126037 9.94926 100000 
0.83688 0.130881 0.154184 9.94926 100000 
0.87634 0.100429 0.0784587 13.2367 100000 
0.892938 0.0869447 0.0527215 15.3885 100000 
0.780789 0.186673 0.0527215 6.5408 100000 
0.841007 0.130689 0.0951534 9.94926 100000 
0.780683 0.186675 0.0538788 6.5408 100000 
0.840736 0.130702 0.099002 9.94926 100000 
0.983172 0.0066958 0.0515697 200.28 100000 
0.838843 0.130793 0.126037 9.94926 100000 
0.838843 0.130793 0.126037 9.94926 100000 
0.768976 0.196603 0.0571476 6.12613 100000 
0.308815 0.445564 0.0472808 0.817013 100000 
0.475086 0.396752 0.0472808 1.65521 100000 
0.839618 0.130757 0.114954 9.94926 100000 
0.843685 0.130547 0.0571476 9.94926 100000 
0.232505 0.451814 0.0715859 0.561221 100000 
0.958714 0.0303664 0.0538597 44.544 100000 
0.844383 0.130507 0.0472808 9.94926 100000 
0.799591 0.169797 0.0571476 7.34631 100000 
0.767601 0.196609 0.0715859 6.12613 100000 
0.774096 0.186729 0.126037 6.5408 100000 
0.957076 0.0310255 0.0973408 43.6608 100000 
0.982094 0.00872817 0.0783612 153.885 100000 
0.766958 0.19661 0.0783612 6.12613 100000 
0.838843 0.130793 0.126037 9.94926 100000 
0.982254 0.0087247 0.0527215 153.885 100000 
0.891973 0.0870089 0.0715859 15.3885 100000 
0.798089 0.171984 0.0455437 7.23232 100000 
0.483053 0.389945 0.0783612 1.73761 100000 
0.900653 0.0801131 0.0538597 16.7541 100000 
0.408319 0.421954 0.0472808 1.262 100000 
0.982788 0.00769002 0.0612713 174.511 100000 
0.843998 0.130529 0.0527215 9.94926 100000 
0.977056 0.0138127 0.126037 97.5908 100000 
0.80771 0.16159 0.0715859 7.79554 100000 
0.799591 0.169797 0.0571476 7.34631 100000 
0.838843 0.130793 0.126037 9.94926 100000 
0.843916 0.130534 0.0538788 9.94926 100000 
0.827678 0.144575 0.0612713 8.86893 100000 
0.840736 0.130702 0.099002 9.94926 100000 
0.269503 0.450805 0.0455663 0.674004 100000 
0.840736 0.130702 0.099002 9.94926 100000 
0.739416 0.222155 0.0538788 5.21179 100000 
0.622491 0.313434 0.0455437 3.01347 100000 
0.883975 0.092141 0.114954 14.5173 100000 
0.981462 0.00974808 0.0612713 137.824 100000 
0.793984 0.173667 0.0715859 7.1507 100000 
0.80357 0.165164 0.0726522 7.59584 100000 
0.680813 0.265574 100000 3.97865 0.0627057 
0.981462 0.00974808 0.0612713 137.824 100000 
0.97599 0.0154737 0.0527215 87.047 100000 
0.835359 0.130943 0.176087 9.94926 100000 
0.798089 0.171984 0.0455437 7.23232 100000 
0.767601 0.196609 0.0715859 6.12613 100000 
0.921669 0.0618275 0.0538597 21.8429 100000 
0.838843 0.130793 0.126037 9.94926 100000 
0.835802 0.130926 0.169693 9.94926 100000 
0.828812 0.14452 0.0464375 8.86893 100000 
0.982247 0.00872486 0.0538788 153.885 100000 
0.675375 0.273555 0.0571476 3.82661 100000 
0.982137 0.00872724 0.0715859 153.885 100000 
0.891799 0.0870204 0.0749894 15.3885 100000 
0.839618 0.130757 0.114954 9.94926 100000 
0.844383 0.130507 0.0472808 9.94926 100000 
0.891622 0.087032 0.0784587 15.3885 100000 
0.838843 0.130793 0.126037 9.94926 100000 
0.844079 0.130525 0.0515697 9.94926 100000 
0.827993 0.14456 0.0571476 8.86893 100000 
0.842188 0.130628 0.0783612 9.94926 100000 
0.803091 0.165179 0.0783612 7.59584 100000 
0.826376 0.144635 0.0783612 8.86893 100000 
0.982115 0.0087277 0.0749894 153.885 100000 
0.841007 0.130689 0.0951534 9.94926 100000 
0.981961 0.00873118 0.0996771 153.885 100000 
0.979969 0.0115458 0.0538788 116.457 100000 
0.943954 0.0402645 0.176087 33.7658 100000 
0.982254 0.0087247 0.0527215 153.885 100000 
0.982247 0.00872486 0.0538788 153.885 100000 
0.891918 0.0870125 0.0726522 15.3885 100000 
0.838843 0.130793 0.126037 9.94926 100000 
0.822764 0.144782 0.126037 8.86893 100000 
0.982115 0.0087277 0.0749894 153.885 100000 
0.87634 0.100429 0.0784587 13.2367 100000 
0.891973 0.0870089 0.0715859 15.3885 100000 
0.309505 0.445454 0.0472808 0.819656 100000 
0.622491 0.313434 0.0455437 3.01347 100000 
0.844383 0.130507 0.0472808 9.94926 100000 
0.430857 0.414509 0.0453781 1.38299 100000 
0.799591 0.169797 0.0571476 7.34631 100000 
0.224792 0.45343 0.0538788 0.532132 100000 
0.982788 0.00769002 0.0612713 174.511 100000 
0.825554 0.144671 0.0891645 8.86893 100000 
0.256754 0.450839 0.0612713 0.636459 100000 
0.981933 0.00925006 0.0468147 145.173 100000 
0.838843 0.130793 0.126037 9.94926 100000 
0.82729 0.144593 0.0663584 8.86893 100000 
0.87634 0.100429 0.0784587 13.2367 100000 
0.838843 0.130793 0.126037 9.94926 100000 
0.937322 0.0485797 0.0475065 27.8538 100000 
0.933247 0.0507362 0.099002 26.7159 100000 
0.475086 0.396752 0.0472808 1.65521 100000 
0.838843 0.130793 0.126037 9.94926 100000 
0.799591 0.169797 0.0571476 7.34631 100000 
0.842665 0.130602 0.0715859 9.94926 100000 
0.843916 0.130534 0.0538788 9.94926 100000 
0.982254 0.0087247 0.0527215 153.885 100000 
0.842665 0.130602 0.0715859 9.94926 100000 
0.982568 0.00801261 0.0715859 167.541 100000 
0.389667 0.427831 0.0449612 1.16607 100000 
0.834028 0.130995 0.19532 9.94926 100000 
0.856797 0.119474 0.0455437 10.9661 100000 
0.767601 0.196609 0.0715859 6.12613 100000 
0.793891 0.173669 0.0726522 7.1507 100000 
0.975898 0.0154765 0.0612713 87.047 100000 
0.28482 0.44895 0.0472808 0.728244 100000 
0.844383 0.130507 0.0472808 9.94926 100000 
0.958714 0.0303664 0.0538597 44.544 100000 
0.887693 0.0918996 0.0453781 14.5173 100000 
0.838843 0.130793 0.126037 9.94926 100000 
0.982247 0.00872486 0.0538788 153.885 100000 
0.887062 0.0919419 0.0571476 14.5173 100000 
0.838843 0.130793 0.126037 9.94926 100000 
0.914294 0.0673955 0.0783612 20.028 100000 
0.982262 0.00872455 0.0515697 153.885 100000 
0.82888 0.144516 0.0455437 8.86893 100000 
0.975786 0.0154799 0.0715859 87.047 100000 
0.838843 0.130793 0.126037 9.94926 100000 
0.981769 0.00925368 0.0715859 145.173 100000 
0.920727 0.061887 0.0783612 21.8429 100000 
0.838843 0.130793 0.126037 9.94926 100000 
0.796672 0.172026 0.0618523 7.23232 100000 
0.892711 0.0869599 0.0571476 15.3885 100000 
0.844383 0.130507 0.0472808 9.94926 100000 
0.767601 0.196609 0.0715859 6.12613 100000 
0.839618 0.130757 0.114954 9.94926 100000 
0.982288 0.00872399 0.0472808 153.885 100000 
0.828243 0.144548 0.0538788 8.86893 100000 
0.982669 0.00801053 0.0538788 167.541 100000 
0.434604 0.412966 0.0472808 1.40571 100000 
0.982919 0.00680227 0.099002 197.287 100000 
0.828243 0.144548 0.0538788 8.86893 100000 
0.982288 0.00872399 0.0472808 153.885 100000 
0.974869 0.0160377 0.0996771 84.0911 100000 
0.293279 0.447989 0.0455437 0.758136 100000 
0.517803 0.375769 0.0538788 1.97094 100000 
0.43725 0.411449 0.0527215 1.4251 100000 
0.232505 0.451814 0.0715859 0.561221 100000 
0.977822 0.0137905 0.0472808 97.5908 100000 
0.977838 0.01379 0.0455663 97.5908 100000 
0.383241 0.429428 0.0472808 1.13631 100000 
0.977519 0.013799 0.0783612 97.5908 100000 
0.977027 0.0144614 0.0571476 93.1089 100000 
0.213417 0.454391 0.0455437 0.495664 100000 
0.843916 0.130534 0.0538788 9.94926 100000 
0.838843 0.130793 0.126037 9.94926 100000 
0.622491 0.313434 0.0455437 3.01347 100000 
0.981886 0.00925107 0.0538788 145.173 100000 
0.840485 0.130715 0.102581 9.94926 100000 
0.843685 0.130547 0.0571476 9.94926 100000 
0.838843 0.130793 0.126037 9.94926 100000 
0.840736 0.130702 0.099002 9.94926 100000 
0.816568 0.155399 0.0475065 8.15689 100000 
0.883975 0.092141 0.114954 14.5173 100000 
0.673839 0.275299 0.0515697 3.78851 100000 
0.332929 0.440731 0.0538788 0.915912 100000 
0.95798 0.0309837 0.0538788 43.6608 100000 
0.434604 0.412966 0.0472808 1.40571 100000 
0.298762 0.446175 100000 0.791003 0.0549713 
0.838843 0.130793 0.126037 9.94926 100000 
0.977757 0.0137923 0.0538788 97.5908 100000 
0.843916 0.130534 0.0538788 9.94926 100000 
0.838843 0.130793 0.126037 9.94926 100000 
0.838843 0.130793 0.126037 9.94926 100000 
0.828243 0.144548 0.0538788 8.86893 100000 
0.841574 0.13066 0.0870851 9.94926 100000 
0.213417 0.454391 0.0455437 0.495664 100000 
0.795529 0.173627 0.0538788 7.1507 100000 
0.977726 0.0137932 0.0571476 97.5908 100000 
0.455709 0.404318 0.0527215 1.53565 100000 
0.979377 0.0115614 0.126037 116.457 100000 
0.838843 0.130793 0.126037 9.94926 100000 
0.308815 0.445564 0.0472808 0.817013 100000 
0.978316 0.0132463 0.0538788 101.588 100000 
0.361336 0.435252 0.0455437 1.03363 100000 
0.838843 0.130793 0.126037 9.94926 100000 
0.977822 0.0137905 0.0472808 97.5908 100000 
0.843685 0.130547 0.0571476 9.94926 100000 
0.982137 0.00872724 0.0715859 153.885 100000 
0.54446 0.35656 0.099002 2.24705 100000 
0.817684 0.150707 100000 8.37825 0.0627057 
0.5552 0.348213 0.119526 2.37205 100000 
0.844383 0.130507 0.0472808 9.94926 100000 
0.977284 0.0138059 0.102581 97.5908 100000 
0.801307 0.165228 0.0996771 7.59584 100000 
0.806259 0.164212 0.0527215 7.6452 100000 
0.770997 0.195658 0.0472808 6.16369 100000 
0.843685 0.130547 0.0571476 9.94926 100000 
0.523579 0.373673 0.0455437 2.00805 100000 
0.842665 0.130602 0.0715859 9.94926 100000 
0.98321 0.00613759 0.0538788 218.429 100000 
0.842665 0.130602 0.0715859 9.94926 100000 
0.955683 0.0328592 0.0571476 41.1838 100000 
0.780683 0.186675 0.0538788 6.5408 100000 
0.982137 0.00872724 0.0715859 153.885 100000 
0.843916 0.130534 0.0538788 9.94926 100000 
0.979377 0.0115614 0.126037 116.457 100000 
0.981239 0.0101498 0.0472808 132.367 100000 
0.982669 0.00801053 0.0538788 167.541 100000 
0.982294 0.00872388 0.0464375 153.885 100000 
0.976059 0.0154716 0.0464375 87.047 100000 
0.835359 0.130943 0.176087 9.94926 100000 
0.982137 0.00872724 0.0715859 153.885 100000 
0.838843 0.130793 0.126037 9.94926 100000 
0.983174 0.00662236 0.0538788 202.499 100000 
0.835359 0.130943 0.176087 9.94926 100000 
0.842989 0.130585 0.0670052 9.94926 100000 
0.436881 0.411586 0.0527215 1.42296 100000 
0.824808 0.144702 0.099002 8.86893 100000 
0.891973 0.0870089 0.0715859 15.3885 100000 
0.98302 0.00680027 0.0784587 197.287 100000 
0.943589 0.0432934 0.0455663 31.2619 100000 
0.75049 0.210947 0.0749894 5.58796 100000 
0.346079 0.435846 0.0783612 0.984038 100000 
0.838843 0.130793 0.126037 9.94926 100000 
0.982247 0.00872486 0.0538788 153.885 100000 
0.842665 0.130602 0.0715859 9.94926 100000 
0.50766 0.381006 0.0527215 1.89132 100000 
0.457019 0.403671 0.0538788 1.54475 100000 
0.982137 0.00872724 0.0715859 153.885 100000 
0.838843 0.130793 0.126037 9.94926 100000 
0.526296 0.372243 0.0455663 2.03008 100000 
0.97332 0.0171379 0.126037 78.778 100000 
0.979377 0.0115614 0.126037 116.457 100000 
0.844505 0.1305 0.0455663 9.94926 100000 
0.982288 0.00872399 0.0472808 153.885 100000 
0.767601 0.196609 0.0715859 6.12613 100000 
0.843685 0.130547 0.0571476 9.94926 100000 
0.841574 0.13066 0.0870851 9.94926 100000 
0.842665 0.130602 0.0715859 9.94926 100000 
0.844506 0.1305 0.0455437 9.94926 100000 
0.977723 0.0137932 0.0574158 97.5908 100000 
0.768583 0.196605 0.0612713 6.12613 100000 
0.308815 0.445564 0.0472808 0.817013 100000 
0.833176 0.140212 0.0527215 9.18118 100000 
0.642223 0.299297 0.0472808 3.28371 100000 
0.982421 0.008449 0.0538597 158.885 100000 
0.982137 0.00872724 0.0715859 153.885 100000 
0.977769 0.013792 0.0527215 97.5908 100000 
0.673839 0.275299 0.0515697 3.78851 100000 
0.534107 0.362277 0.099002 2.1553 100000 
0.914015 0.0683397 0.0571476 19.7287 100000 
0.977349 0.013804 0.0958461 97.5908 100000 
0.693661 0.258653 0.0636139 4.17964 100000 
0.823601 0.14475 0.114954 8.86893 100000 
0.887237 0.0919302 0.0538788 14.5173 100000 
0.975898 0.0154765 0.0612713 87.047 100000 
0.223312 0.454189 100000 0.532132 0.049168 
0.975978 0.0154741 0.0538788 87.047 100000 
0.828243 0.144548 0.0538788 8.86893 100000 
0.838843 0.130793 0.126037 9.94926 100000 
0.918901 0.0620007 0.126037 21.8429 100000 
0.791876 0.173712 0.0958461 7.1507 100000 
0.842665 0.130602 0.0715859 9.94926 100000 
0.789746 0.173748 0.120495 7.1507 100000 
0.838843 0.130793 0.126037 9.94926 100000 
0.412829 0.420665 0.0455437 1.28453 100000 
0.983125 0.00669666 0.0612713 200.28 100000 
0.763323 0.200288 0.0715859 5.98157 100000 
0.675375 0.273555 0.0571476 3.82661 100000 
0.975488 0.0154891 0.099002 87.047 100000 
0.842181 0.130628 0.0784587 9.94926 100000 
0.838843 0.130793 0.126037 9.94926 100000 
0.983161 0.006696 0.0538788 200.28 100000 
0.98321 0.00613759 0.0538788 218.429 100000 
0.838843 0.130793 0.126037 9.94926 100000 
0.838843 0.130793 0.126037 9.94926 100000 
0.980047 0.0111053 0.0958461 121.141 100000 
0.843394 0.130563 0.0612713 9.94926 100000 
0.808906 0.161548 0.0571476 7.79554 100000 
0.980446 0.0110774 0.0472808 121.34 100000 
0.838843 0.130793 0.126037 9.94926 100000 
0.827993 0.14456 0.0571476 8.86893 100000 
0.346079 0.435846 0.0783612 0.984038 100000 
0.9823 0.00872375 0.0453781 153.885 100000 
0.963378 0.0262641 0.0657156 51.478 100000 
0.828747 0.144523 0.0472808 8.86893 100000 
0.213417 0.454391 0.0455437 0.495664 100000 
0.827678 0.144575 0.0612713 8.86893 100000 
0.979048 0.0125106 0.0538788 107.526 100000 
0.844079 0.130525 0.0515697 9.94926 100000 
0.835359 0.130943 0.176087 9.94926 100000 
0.981239 0.0101498 0.0472808 132.367 100000 
0.673839 0.275299 0.0515697 3.78851 100000 
0.834444 0.130979 0.189309 9.94926 100000 
0.838843 0.130793 0.126037 9.94926 100000 
0.828747 0.144523 0.0472808 8.86893 100000 
0.767601 0.196609 0.0715859 6.12613 100000 
0.982094 0.00872818 0.0784587 153.885 100000 
0.828243 0.144548 0.0538788 8.86893 100000 
0.622491 0.313434 0.0455437 3.01347 100000 
0.808564 0.16156 0.0612713 7.79554 100000 
0.768976 0.196603 0.0571476 6.12613 100000 
0.843685 0.130547 0.0571476 9.94926 100000 
0.838843 0.130793 0.126037 9.94926 100000 
0.983215 0.0061375 0.0527215 218.429 100000 
0.955366 0.0328743 0.0715859 41.1838 100000 
0.840736 0.130702 0.099002 9.94926 100000 
0.838843 0.130793 0.126037 9.94926 100000 
0.983161 0.006696 0.0538597 200.28 100000 
0.840736 0.130702 0.099002 9.94926 100000 
0.404307 0.422275 0.0571476 1.24779 100000 
0.269503 0.450805 0.0455663 0.674004 100000 
0.982137 0.00872724 0.0715859 153.885 100000 
0.840736 0.130702 0.099002 9.94926 100000 
0.981894 0.0092509 0.0527215 145.173 100000 
0.982137 0.00872724 0.0715859 153.885 100000 
0.977585 0.0137971 0.0715859 97.5908 100000 
0.982137 0.00872724 0.0715859 153.885 100000 
0.845989 0.127649 0.0715859 10.2053 100000 
0.843916 0.130534 0.0538788 9.94926 100000 
0.838843 0.130793 0.126037 9.94926 100000 
0.844506 0.1305 0.0455437 9.94926 100000 
0.789269 0.173754 0.126037 7.1507 100000 
0.91565 0.0673077 0.0455437 20.028 100000 
0.840736 0.130702 0.099002 9.94926 100000 
0.801307 0.165228 0.0996771 7.59584 100000 
0.977726 0.0137932 0.0571476 97.5908 100000 
0.891973 0.0870089 0.0715859 15.3885 100000 
0.863084 0.1123 0.0749894 11.7423 100000 
0.842665 0.130602 0.0715859 9.94926 100000 
0.843916 0.130534 0.0538788 9.94926 100000 
0.799591 0.169797 0.0571476 7.34631 100000 
0.840485 0.130715 0.102581 9.94926 100000 
0.833583 0.140191 0.0472808 9.18118 100000 
0.840958 0.130691 0.0958461 9.94926 100000 
0.838843 0.130793 0.126037 9.94926 100000 
0.838843 0.130793 0.126037 9.94926 100000 
0.983161 0.006696 0.0538788 200.28 100000 
0.297007 0.447336 0.0472808 0.772571 100000 
0.826891 0.144611 0.0715859 8.86893 100000 
0.975978 0.0154741 0.0538788 87.047 100000 
0.843916 0.130534 0.0538788 9.94926 100000 
0.840736 0.130702 0.099002 9.94926 100000 
0.844443 0.130504 0.0464375 9.94926 100000 
0.891973 0.0870089 0.0715859 15.3885 100000 
0.956481 0.0310534 0.126037 43.6608 100000 
0.465204 0.401157 0.0455437 1.58932 100000 
0.958714 0.0303664 0.0538597 44.544 100000 
0.842665 0.130602 0.0715859 9.94926 100000 
0.213417 0.454391 0.0455437 0.495664 100000 
0.842665 0.130602 0.0715859 9.94926 100000 
0.840736 0.130702 0.099002 9.94926 100000 
0.844383 0.130507 0.0472808 9.94926 100000 
0.982137 0.00872724 0.0715859 153.885 100000 
0.840736 0.130702 0.099002 9.94926 100000 
0.98321 0.00613759 0.0538788 218.429 100000 
0.798089 0.171984 0.0455437 7.23232 100000 
0.840736 0.130702 0.099002 9.94926 100000 
0.982247 0.00872486 0.0538788 153.885 100000 
0.98003 0.0115443 0.0464375 116.457 100000 
0.891488 0.088175 0.0538788 15.1652 100000 
0.844443 0.130504 0.0464375 9.94926 100000 
0.958714 0.0303664 0.0538597 44.544 100000 
0.842188 0.130628 0.0783612 9.94926 100000 
0.841574 0.13066 0.0870851 9.94926 100000 
0.981894 0.0092509 0.0527215 145.173 100000 
0.838843 0.130793 0.126037 9.94926 100000 
0.983125 0.00669666 0.0612713 200.28 100000 
0.768976 0.196603 0.0571476 6.12613 100000 
0.622491 0.313434 0.0455437 3.01347 100000 
0.838843 0.130793 0.126037 9.94926 100000 
0.979969 0.0115458 0.0538788 116.457 100000 
0.383241 0.429428 0.0472808 1.13631 100000 
0.982288 0.00872399 0.0472808 153.885 100000 
0.828243 0.144548 0.0538788 8.86893 100000 
0.844506 0.1305 0.0455437 9.94926 100000 
0.769288 0.196601 0.0538788 6.12613 100000 
0.7701 0.196594 0.0453781 6.12613 100000 
0.835359 0.130943 0.176087 9.94926 100000 
0.978617 0.0125223 0.102581 107.526 100000 
0.94555 0.0361049 0.339862 37.8373 100000 
0.964735 0.0253168 0.0515697 53.3712 100000 
0.955754 0.0328557 0.0538788 41.1838 100000 
0.892711 0.0869599 0.0571476 15.3885 100000 
0.28482 0.44895 0.0472808 0.728244 100000 
0.91114 0.0685234 0.126037 19.7287 100000 
0.838843 0.130793 0.126037 9.94926 100000 
0.982376 0.00844994 0.0612713 158.885 100000 
0.893217 0.0869259 0.0472808 15.3885 100000 
0.237134 0.451542 0.0715859 0.57587 100000 
0.842188 0.130628 0.0783612 9.94926 100000 
0.979969 0.0115458 0.0538788 116.457 100000 
0.981943 0.0087316 0.102581 153.885 100000 
0.828812 0.14452 0.0464375 8.86893 100000 
0.33003 0.442 0.0455437 0.899953 100000 
0.981462 0.00974808 0.0612713 137.824 100000 
0.706174 0.2496 0.0538788 4.41339 100000 
0.838843 0.130793 0.126037 9.94926 100000 
0.844383 0.130507 0.0472808 9.94926 100000 
0.589563 0.335335 0.0455437 2.6249 100000 
0.838843 0.130793 0.126037 9.94926 100000 
0.838843 0.130793 0.126037 9.94926 100000 
0.805852 0.165087 0.0455663 7.59584 100000 
0.796106 0.17361 0.0472808 7.1507 100000 
0.828812 0.14452 0.0464375 8.86893 100000 
0.981572 0.00974562 0.0455663 137.824 100000 
0.838843 0.130793 0.126037 9.94926 100000 
0.982137 0.00872724 0.0715859 153.885 100000 
0.842665 0.130602 0.0715859 9.94926 100000 
0.981965 0.00873108 0.099002 153.885 100000 
0.982788 0.00769002 0.0612713 174.511 100000 
0.982137 0.00872724 0.0715859 153.885 100000 
0.842665 0.130602 0.0715859 9.94926 100000 
0.843916 0.130534 0.0538788 9.94926 100000 
0.840013 0.130738 0.109312 9.94926 100000 
0.713353 0.244583 0.0453781 4.54917 100000 
0.673839 0.275299 0.0515697 3.78851 100000 
0.840958 0.130691 0.0958461 9.94926 100000 
0.843685 0.130547 0.0571476 9.94926 100000 
0.983125 0.00669666 0.0612713 200.28 100000 
0.87634 0.100429 0.0784587 13.2367 100000 
0.979019 0.0125114 0.0571476 107.526 100000 
0.838843 0.130793 0.126037 9.94926 100000 
0.622491 0.313434 0.0455437 3.01347 100000 
0.840736 0.130702 0.099002 9.94926 100000 
0.843685 0.130547 0.0571476 9.94926 100000 
0.979969 0.0115458 0.0538788 116.457 100000 
0.892879 0.0869487 0.0538788 15.3885 100000 
0.921976 0.0576752 0.189309 23.558 100000 
0.887437 0.0919168 0.0501428 14.5173 100000 
0.842665 0.130602 0.0715859 9.94926 100000 
0.838843 0.130793 0.126037 9.94926 100000 
0.895496 0.0843434 0.0612713 15.8885 100000 
0.842665 0.130602 0.0715859 9.94926 100000 
0.838843 0.130793 0.126037 9.94926 100000 
0.838843 0.130793 0.126037 9.94926 100000 
0.744016 0.217618 0.0612713 5.3599 100000 
0.842665 0.130602 0.0715859 9.94926 100000 
0.840736 0.130702 0.099002 9.94926 100000 
0.780683 0.186675 0.0538788 6.5408 100000 
0.983042 0.00669823 0.0784587 200.28 100000 
0.843394 0.130563 0.0612713 9.94926 100000 
0.806356 0.164208 0.0515697 7.6452 100000 
0.843685 0.130547 0.0571476 9.94926 100000 
0.840485 0.130715 0.102581 9.94926 100000 
0.982137 0.00872724 0.0715859 153.885 100000 
0.838843 0.130793 0.126037 9.94926 100000 
0.838843 0.130793 0.126037 9.94926 100000 
0.982828 0.00768921 0.0538788 174.511 100000 
0.794267 0.17366 0.0683368 7.1507 100000 
0.8392 0.130777 0.120918 9.94926 100000 
0.665857 0.27933 0.0715859 3.69353 100000 
