1.69227e-10 2.73834e-07
4.19948e-09 3.23435e-06
9.92103e-08 3.8116e-05
2.15945e-06 0.000429635
4.09181e-05 0.00428046
0.000612413 0.0327312
0.00624765 0.156173
0.0374221 0.413341
0.127497 0.694788
0.276672 0.911748
0.444694 1.05745
0.594002 1.14985
0.709334 1.20603
0.791333 1.23775
0.846803 1.25202
0.883209 1.25222
0.906665 1.23889
0.921604 1.21021
0.931052 1.16249
0.937 1.09106
0.940735 0.992132
0.943076 0.865843
0.944542 0.719082
0.945459 0.565573
0.946032 0.421543
0.946391 0.299495
0.946615 0.204676
0.946755 0.135856
0.946843 0.0883337
0.946898 0.0566358
0.946932 0.0359787
0.946953 0.0227199
0.946967 0.0142925
