4.24472e-08 1.76268e-05
4.14487e-07 0.000106163
3.87352e-06 0.000606493
3.36872e-05 0.00317316
0.000260022 0.0143083
0.00163777 0.0501939
0.0072168 0.118274
0.0181403 0.164459
0.0255812 0.136702
0.0254402 0.0801497
0.0216235 0.0394654
0.0171172 0.018102
0.0130519 0.00810275
0.00972387 0.00360129
0.0071271 0.00159712
0.0051588 0.000707047
0.00369641 0.000312201
0.00262614 0.000137381
0.0018522 6.0213e-05
0.00129805 2.62791e-05
0.000904594 1.14202e-05
0.000627247 4.94228e-06
0.000432976 2.13036e-06
6.75028e-95 2.07488e-97
0 nan
