5.74755e-08 2.3803e-05
5.61236e-07 0.000143886
5.24492e-06 0.000826898
4.56141e-05 0.00436856
0.000352081 0.0200182
0.00221762 0.072145
0.00977189 0.178169
0.0245628 0.269836
0.0346382 0.256405
0.0344472 0.175508
0.0292792 0.0994628
0.0231775 0.0509778
0.0176729 0.0247437
0.0131666 0.0116326
0.00965043 0.00535617
0.00698526 0.00242978
0.00500512 0.00108972
0.00355592 0.000484247
0.00250796 0.000213541
0.00175762 9.35501e-05
0.00122486 4.07493e-05
0.000849322 1.76601e-05
0.00058627 7.61902e-06
9.1402e-95 7.42242e-97
0 nan
