1 1 2 1 2 1 1 2 2 1 2 1 1 2 1  0.000107635 1.40771e-05
1 2 1 2 1 1 2 2 2 1 1 1 1 2 1  0.000129267 1.33733e-05
1 2 1 2 1 1 1 2 2 1 2 1 1 2 1  0.000124333 9.10749e-06
1 2 1 2 1 1 2 2 2 1 2 1 1 2 1  5.77849e-05 4.49375e-06
1 2 1 1 2 1 1 2 1 1 1 2 1 2 1  0.000127487 5.47659e-06
1 2 1 2 1 1 2 1 2 1 1 2 1 2 1  0.000119407 1.50571e-05
1 2 1 2 2 1 2 2 1 1 2 2 1 2 1  7.27437e-05 4.95998e-06
1 2 1 2 2 1 2 2 1 1 1 2 1 2 1  0.000121315 1.45698e-05
1 1 2 2 1 1 1 1 2 1 2 2 1 1 1  0.000318248 1.45519e-05
1 2 1 1 1 1 2 2 2 1 1 1 1 2 1  0.00013594 1.16041e-05
1 2 1 2 1 1 2 1 1 1 1 2 1 2 1  0.000306165 1.91561e-05
1 1 1 2 2 1 2 2 1 1 1 2 1 1 1  0.000320691 2.09195e-05
1 2 2 2 1 1 2 1 2 1 1 2 1 1 1  0.000335193 2.55396e-05
1 2 1 2 1 1 2 1 2 1 2 2 1 2 1  4.65094e-05 3.3376e-06
1 2 1 1 2 1 2 1 1 1 2 2 1 1 1  0.000107751 1.06065e-05
1 2 2 1 1 1 2 2 2 1 2 2 1 1 1  0.000256215 1.40525e-05
1 2 2 2 2 1 2 1 2 1 2 2 1 2 1  0.000656192 2.07339e-05
1 2 2 1 2 1 2 2 1 1 2 2 1 1 1  0.000112995 6.35801e-06
1 1 2 1 1 1 2 1 2 1 2 1 1 2 1  0.000133307 1.49511e-05
1 2 2 2 1 1 1 2 2 1 1 2 1 2 1  0.000272433 1.53093e-05
1 2 1 2 1 1 2 2 2 1 2 2 1 2 1  0.000204024 1.96936e-05
1 2 2 2 1 1 2 1 2 1 2 2 1 1 1  0.00012475 1.52899e-05
1 2 1 2 1 1 2 1 2 1 2 2 1 1 1  0.000114347 1.11174e-05
1 1 2 1 1 1 1 2 2 1 2 1 1 2 1  0.000342633 1.00583e-05
1 1 2 1 2 1 1 2 1 1 1 2 1 2 1  0.000132126 1.48814e-05
1 2 1 2 1 1 2 1 1 1 2 2 1 1 1  0.000126436 1.48456e-05
1 2 1 2 1 1 1 2 1 1 1 1 1 2 1  0.000542479 5.0462e-05
1 1 2 1 2 1 2 1 2 1 2 1 1 2 1  4.15005e-05 8.90855e-06
1 1 2 2 1 1 1 2 2 1 1 2 1 2 1  0.000383666 3.26285e-05
1 2 1 2 1 1 1 2 1 1 2 1 1 2 1  0.000139757 1.74814e-05
1 2 2 2 1 1 1 1 2 1 1 1 1 2 1  0.00049802 3.96904e-05
1 2 2 2 1 1 2 1 1 1 2 2 1 1 1  0.00043506 1.27065e-05
1 2 1 1 2 1 2 2 1 1 1 2 1 2 1  0.000112302 8.47678e-06
1 2 1 1 2 1 2 2 2 1 1 1 1 1 1  0.0004364 4.10976e-05
1 2 1 1 1 1 2 2 2 1 2 1 1 2 1  0.0001195 8.6226e-06
1 2 1 2 1 1 2 2 2 1 2 2 1 1 1  0.000698464 2.20897e-05
1 1 2 1 1 1 2 2 2 1 2 1 1 2 1  0.000364207 2.91847e-05
1 2 2 2 1 1 1 2 1 1 1 2 1 1 1  0.00113939 4.80367e-05
1 1 2 2 1 1 2 1 2 1 2 2 1 2 1  0.000121157 1.49166e-05
1 2 2 2 2 1 1 2 1 1 2 2 1 2 1  0.000611084 1.75183e-05
1 2 1 1 1 1 1 1 2 1 2 2 1 2 1  0.00202067 0.000120418
1 2 1 2 2 1 2 1 2 1 2 2 1 1 1  0.000125737 1.24206e-05
1 1 2 1 2 1 2 2 1 1 2 2 1 1 1  0.0001419 1.42265e-05
1 2 1 1 2 1 2 2 1 1 2 2 1 2 1  0.000106059 1.22783e-05
1 2 1 2 1 1 1 2 1 1 2 2 1 2 1  0.000389605 3.63496e-05
1 2 2 2 2 1 2 1 1 1 2 2 1 1 1  0.000499306 1.97924e-05
1 1 1 2 1 1 1 2 2 1 2 2 1 1 1  0.00248483 8.58585e-05
1 1 1 2 1 1 2 1 2 1 2 2 1 2 1  9.81185e-05 1.31069e-05
1 1 2 1 1 1 2 1 1 1 2 2 1 2 1  0.000449489 2.70379e-05
1 1 1 2 1 1 2 2 1 1 2 1 1 2 1  0.000497615 2.85598e-05
1 1 2 1 2 1 1 2 1 1 2 2 1 2 1  0.00013048 9.06803e-06
1 1 2 2 1 1 2 1 2 1 2 2 1 1 1  0.000156642 2.03971e-05
1 1 1 2 1 1 2 1 2 1 1 2 1 2 1  0.000128631 1.52856e-05
1 1 2 1 2 1 2 2 1 1 1 2 1 1 1  0.000326079 3.09425e-05
1 2 2 1 2 1 2 2 1 1 1 2 1 2 1  0.000146377 1.05197e-05
1 2 1 2 2 1 2 1 1 1 1 1 1 2 1  0.000459658 4.87431e-05
1 1 2 1 2 1 2 2 1 1 2 1 1 1 1  0.000320394 1.8021e-05
1 1 2 1 2 1 2 2 1 1 1 1 1 1 1  0.00110476 7.19228e-05
1 1 2 1 2 1 2 1 1 1 1 2 1 1 1  0.00119919 4.9934e-05
1 2 2 2 1 1 2 1 2 1 1 1 1 2 1  0.000351579 2.47534e-05
1 2 2 2 1 1 1 2 1 1 2 2 1 2 1  0.000738209 4.05905e-05
1 2 2 1 2 1 1 2 2 1 1 2 1 2 1  0.000456573 2.62301e-05
1 2 2 2 1 1 1 2 2 1 2 2 1 1 1  0.000750683 4.46194e-05
1 1 2 2 1 1 1 2 2 1 2 2 1 1 1  0.000533107 2.38345e-05
1 2 2 2 1 1 1 2 2 1 2 2 1 2 1  0.000436883 1.23411e-05
1 1 2 1 1 1 2 2 2 1 2 2 1 2 1  0.000739568 4.89256e-05
1 1 1 1 1 1 2 2 1 1 1 2 1 2 1  0.00115898 9.00636e-05
1 1 1 1 1 1 2 2 1 1 2 1 1 2 1  0.00114934 7.7108e-05
1 1 2 2 1 1 2 1 2 1 1 2 1 2 1  0.000408536 1.1655e-05
1 1 2 1 1 1 2 1 2 1 2 2 1 2 1  0.000367454 1.60857e-05
1 1 2 2 1 1 1 2 2 1 2 2 1 2 1  0.000302234 1.43606e-05
1 2 1 2 1 1 1 2 2 1 1 1 1 1 1  0.00114496 6.30645e-05
1 2 2 1 2 1 1 2 1 1 1 2 1 2 1  3.74663e-05 3.72728e-06
1 2 2 1 1 1 2 1 1 1 2 1 1 1 1  0.00121235 8.06349e-05
1 2 1 1 2 1 2 2 1 1 2 1 1 2 1  0.00014629 1.53666e-05
1 2 2 1 1 1 2 1 2 1 1 1 1 2 1  0.000825374 1.06242e-05
1 2 2 1 2 1 2 2 1 1 2 2 1 2 1  7.78619e-05 7.65063e-06
1 1 2 1 2 1 2 2 1 1 2 2 1 2 1  0.000132084 1.67702e-05
1 2 2 2 1 1 1 2 1 1 2 2 1 1 1  0.00208436 0.000108667
1 1 2 2 2 1 2 2 1 1 1 2 1 1 1  0.000505055 3.4902e-05
1 1 2 2 1 1 1 2 1 1 2 1 1 2 1  0.000463172 2.34497e-05
1 1 2 2 1 1 1 1 1 1 2 2 1 1 1  0.00111101 2.70865e-05
1 2 1 2 2 1 2 1 1 1 1 2 1 2 1  0.000418234 2.12649e-05
1 1 2 2 2 1 1 2 1 1 1 2 1 2 1  0.000403069 1.96294e-05
1 1 2 1 2 1 2 1 2 1 1 1 1 2 1  0.000490787 1.74335e-05
1 1 2 1 2 1 2 2 1 1 1 2 1 2 1  0.00039771 1.97838e-05
1 2 2 2 1 1 2 2 1 1 2 1 1 2 1  0.000730593 3.33372e-05
1 2 2 1 2 1 2 2 1 1 2 1 1 2 1  0.00011845 7.64e-06
1 1 1 2 2 1 1 2 2 1 1 2 1 1 1  0.00246347 5.29734e-05
1 2 2 1 1 1 2 2 2 1 2 1 1 1 1  0.000371295 2.38916e-05
1 1 1 1 2 1 2 2 2 1 2 2 1 1 1  0.0022019 5.90366e-05
1 2 2 2 2 1 1 2 2 1 1 1 1 2 1  0.00251877 0.000127187
1 1 2 2 1 1 2 2 1 1 1 2 1 1 1  0.000266354 1.55318e-05
1 2 2 2 1 1 2 2 2 1 2 1 1 1 1  0.000722336 2.8819e-05
1 1 1 2 2 1 2 2 2 1 2 2 1 1 1  0.00346726 0.000113518
1 1 2 2 1 1 2 1 2 1 2 1 1 1 1  0.000383996 1.60214e-05
1 2 1 2 1 1 2 2 1 1 2 1 1 1 1  0.000794397 5.30921e-05
1 2 2 1 1 1 2 1 2 1 2 2 1 2 1  0.000698415 4.54628e-05
1 2 2 2 1 1 2 2 2 1 2 2 1 1 1  0.000459594 3.31767e-05
1 2 2 2 2 1 2 2 2 1 1 1 1 2 1  0.00256069 5.59059e-05
1 2 1 1 1 1 1 2 2 1 1 2 1 1 1  0.00107673 3.9068e-05
1 2 2 2 2 1 1 2 2 1 2 1 1 1 1  0.00252788 7.56061e-05
1 1 2 2 2 1 1 2 2 1 1 1 1 2 1  0.0021287 3.70352e-05
1 2 2 2 1 1 1 1 1 1 2 2 1 2 1  0.00226332 9.49227e-05
1 1 2 1 1 1 2 2 2 1 1 2 1 2 1  0.00204339 7.7929e-05
1 2 2 2 1 1 2 2 1 1 1 2 1 1 1  0.000540644 2.0478e-05
1 2 2 2 2 1 1 2 2 1 1 1 1 1 1  0.00288927 0.000105914
1 1 1 2 1 1 2 2 2 1 1 2 1 1 1  0.00114419 5.89125e-05
1 2 2 1 1 1 1 2 2 1 1 2 1 1 1  0.000344951 3.14043e-05
1 1 1 1 1 1 2 2 2 1 1 2 1 2 1  0.00191665 4.59947e-05
1 2 1 2 2 1 1 2 2 1 2 2 1 1 1  0.00242321 0.000104591
1 2 2 2 1 1 2 2 1 1 2 1 1 1 1  0.00219972 0.000151337
1 1 2 2 2 1 2 2 1 1 2 2 1 1 1  0.000795494 4.38132e-05
1 1 2 2 2 1 2 1 1 1 1 2 1 2 1  0.0022272 8.2751e-05
1 2 2 2 1 1 1 2 2 1 1 1 1 2 1  0.000441004 1.26564e-05
1 2 2 2 1 1 1 2 1 1 1 1 1 2 1  0.00116245 5.43679e-05
1 1 1 2 1 1 1 2 2 1 2 2 1 2 1  0.000857623 2.66024e-05
1 2 2 1 1 1 1 1 1 1 1 2 1 2 1  0.00245887 0.000127956
1 2 1 1 2 1 1 1 1 1 1 1 1 2 1  0.0023502 0.000119527
1 1 2 2 2 1 2 1 1 1 2 1 1 1 1  0.00109764 5.38097e-05
1 1 2 1 2 1 2 1 2 1 1 1 1 1 1  0.00236868 5.0959e-05
1 1 2 2 2 1 1 2 2 1 1 1 1 1 1  0.00247617 7.15567e-05
1 2 2 2 2 1 1 1 2 1 1 2 1 1 1  0.00258021 8.52997e-05
1 2 1 2 1 1 1 1 1 1 2 2 1 2 1  0.000730115 2.35942e-05
1 1 2 1 1 1 2 2 1 1 1 1 1 2 1  0.00230215 0.000105858
1 1 2 2 2 1 2 2 1 1 2 2 1 2 1  0.000434701 1.92186e-05
1 2 2 1 2 1 1 1 2 1 1 1 1 2 1  0.00178844 7.7407e-05
1 2 2 2 2 1 2 1 2 1 2 2 1 1 1  0.000763408 4.55769e-05
1 1 1 1 1 1 2 2 2 1 2 2 1 2 1  0.00210911 9.50728e-05
1 1 2 1 2 1 2 2 2 1 2 2 1 2 1  0.00071847 2.00232e-05
1 1 1 1 1 1 2 1 1 1 2 2 1 2 1  0.00106162 6.06776e-05
1 2 2 1 2 1 1 1 2 1 2 2 1 2 1  0.00194006 6.15811e-05
1 2 2 1 2 1 2 2 2 1 1 1 1 2 1  0.000346157 2.80115e-05
1 1 2 1 2 1 1 2 2 1 2 2 1 2 1  0.000565934 3.74108e-05
1 2 1 2 2 1 2 1 1 1 2 2 1 1 1  4.6464e-05 5.40052e-06
1 1 2 1 2 1 2 1 2 1 1 2 1 1 1  0.00244592 0.000138409
1 2 1 2 2 1 2 2 1 1 1 1 1 2 1  0.000380187 3.38932e-05
1 1 1 2 1 1 1 2 1 1 2 2 1 1 1  0.00221371 7.90047e-05
1 1 2 2 2 1 2 1 1 1 1 1 1 1 1  0.00224262 0.000100864
1 1 1 1 2 1 1 2 2 1 2 2 1 2 1  0.00288798 5.5185e-05
1 2 2 1 2 1 2 1 1 1 1 1 1 1 1  0.00208761 0.000103295
1 2 2 2 1 1 1 1 1 1 2 2 1 1 1  0.00182807 6.93909e-05
1 2 2 2 2 1 1 1 1 1 2 1 1 1 1  0.00234753 4.47612e-05
1 1 1 1 1 1 2 2 2 1 1 1 1 2 1  0.00119583 4.54192e-05
1 2 1 2 1 1 1 1 2 1 2 2 1 1 1  0.000754511 5.05795e-05
1 2 1 2 2 1 1 1 1 1 2 1 1 1 1  0.00108573 6.62947e-05
1 2 1 2 1 1 2 2 1 1 1 1 1 1 1  0.00103841 6.20493e-05
1 1 2 1 1 1 1 1 1 1 2 2 1 2 1  0.0011628 6.69815e-05
1 2 2 2 1 1 1 1 1 1 2 1 1 2 1  0.000782544 1.94098e-05
1 1 1 2 1 1 2 2 2 1 1 1 1 1 1  0.00231606 8.54251e-05
1 1 1 2 2 1 1 2 1 1 2 1 1 2 1  0.000437895 2.28257e-05
1 1 1 2 2 1 2 2 1 1 2 2 1 2 1  0.000302513 2.00919e-05
1 2 2 1 2 1 2 2 2 1 1 2 1 2 1  0.000538063 2.76893e-05
1 2 2 1 2 1 2 1 1 1 2 2 1 1 1  0.000382484 1.53178e-05
1 1 2 2 2 1 1 1 1 1 2 1 1 1 1  0.00222512 4.45853e-05
1 2 2 2 1 1 2 2 2 1 1 1 1 1 1  0.000892505 1.77996e-05
1 1 1 2 2 1 1 2 1 1 2 1 1 1 1  0.00212133 7.88674e-05
1 2 1 2 2 1 1 2 1 1 1 1 1 2 1  0.00114031 6.99782e-05
1 2 2 1 1 1 1 1 1 1 1 1 1 2 1  0.00243836 0.00010021
1 2 2 1 2 1 1 1 2 1 1 2 1 1 1  0.00187762 6.14475e-05
1 1 2 1 2 1 2 1 1 1 2 2 1 1 1  0.000333943 2.16843e-05
1 1 2 2 1 1 1 2 2 1 1 2 1 1 1  0.000348812 1.85861e-05
1 1 1 1 1 1 2 2 1 1 1 1 1 2 1  0.0024619 0.000144354
1 2 2 1 2 1 2 2 2 1 1 1 1 1 1  0.000808861 5.4066e-05
1 2 1 1 2 1 1 2 1 1 1 1 1 2 1  0.000534781 3.80277e-05
1 1 1 2 2 1 1 2 2 1 2 1 1 1 1  0.00246919 9.84535e-05
1 2 2 2 2 1 1 1 1 1 1 1 1 2 1  0.00221408 8.73479e-05
1 2 1 1 2 1 1 2 1 1 2 1 1 2 1  0.000321876 1.0243e-05
1 1 2 1 2 1 2 2 2 1 2 2 1 1 1  0.000740118 3.11318e-05
1 1 2 1 1 1 1 2 2 1 2 1 1 1 1  0.000541197 5.46961e-05
1 1 2 2 2 1 2 1 1 1 2 1 1 2 1  0.000379644 1.75398e-05
1 1 1 1 2 1 2 1 1 1 2 2 1 2 1  0.00104394 7.48848e-05
1 1 1 2 2 1 1 1 2 1 1 2 1 2 1  0.00277642 4.95643e-05
1 2 1 1 1 1 1 2 2 1 1 2 1 2 1  0.0011972 3.93598e-05
1 2 2 1 2 1 2 2 1 1 1 2 1 1 1  0.000124815 1.02052e-05
1 2 2 1 2 1 2 1 2 1 1 1 1 2 1  0.00106163 3.28941e-05
1 1 1 1 1 1 1 2 2 1 1 2 1 1 1  0.00237911 0.000130657
1 1 1 1 2 1 2 2 2 1 2 1 1 2 1  0.000443068 2.55972e-05
1 1 2 1 2 1 1 1 1 1 2 2 1 1 1  0.00122708 3.46392e-05
1 1 1 1 2 1 2 2 2 1 1 1 1 2 1  0.00177575 5.00132e-05
1 1 1 1 1 1 2 2 1 1 2 1 1 1 1  0.0025487 4.30733e-05
1 2 2 1 1 1 1 2 1 1 2 2 1 2 1  0.000531624 2.28837e-05
1 2 1 2 1 1 2 2 2 1 2 1 1 1 1  0.000396563 2.66227e-05
1 1 2 2 1 1 2 2 1 1 2 2 1 1 1  0.000552618 3.24821e-05
1 1 1 1 2 1 2 1 1 1 1 1 1 2 1  0.00235242 9.78027e-05
1 1 1 1 2 1 1 1 1 1 2 2 1 2 1  0.00232052 0.000108606
1 2 2 1 1 1 1 2 1 1 1 1 1 2 1  0.000536493 5.81827e-05
1 1 1 2 2 1 2 1 1 1 1 1 1 2 1  0.00103201 5.58241e-05
1 1 1 1 1 1 1 2 2 1 1 2 1 2 1  0.00248989 3.59531e-05
1 1 2 1 2 1 2 1 1 1 1 1 1 2 1  0.00111374 5.14278e-05
1 1 2 2 1 1 1 1 2 1 1 1 1 2 1  0.00120915 8.22805e-05
1 2 2 2 2 1 2 2 2 1 1 2 1 1 1  0.00330397 8.7789e-05
1 1 2 2 2 1 1 2 2 1 1 2 1 1 1  0.00230729 9.40386e-05
1 1 2 2 1 1 2 2 2 1 2 2 1 2 1  0.000436398 1.88627e-05
1 2 2 1 1 1 2 2 2 1 1 1 1 1 1  0.000476247 1.65698e-05
1 1 1 1 2 1 2 2 1 1 2 2 1 1 1  0.000340561 7.40981e-06
1 2 2 1 2 1 2 2 2 1 2 1 1 2 1  8.0085e-05 7.91982e-06
1 1 2 1 2 1 1 1 2 1 2 2 1 1 1  0.00113646 4.43597e-05
1 1 2 2 2 1 2 2 2 1 1 2 1 1 1  0.00347228 6.91028e-05
1 2 2 2 2 1 2 2 1 1 2 2 1 1 1  0.000713619 3.7624e-05
1 1 2 1 1 1 2 2 2 1 2 1 1 1 1  0.0011679 3.20529e-05
1 1 2 1 2 1 1 2 2 1 1 2 1 2 1  0.00122635 3.59417e-05
1 1 2 1 2 1 2 2 1 1 1 1 1 2 1  0.00078941 2.9531e-05
1 2 1 2 2 1 2 2 2 1 2 1 1 2 1  0.000207897 7.57503e-06
1 2 2 2 2 1 2 2 1 1 2 1 1 1 1  0.00267948 9.11356e-05
1 2 2 2 2 1 2 2 2 1 2 1 1 1 1  0.00326235 0.00010455
1 2 2 2 2 1 2 2 2 1 2 1 1 2 1  0.000841051 2.74541e-05
1 2 2 1 1 1 2 2 1 1 2 1 1 2 1  0.000359173 2.52222e-05
1 2 1 2 2 1 1 2 1 1 1 2 1 2 1  0.000405258 2.24103e-05
1 1 2 2 1 1 2 1 2 1 1 1 1 1 1  0.00116078 4.91569e-05
1 1 2 2 2 1 2 2 2 1 1 1 1 1 1  0.00423809 0.000120684
1 1 1 2 2 1 1 2 1 1 1 1 1 2 1  0.00111064 7.45104e-05
1 1 1 2 2 1 2 2 1 1 1 1 1 1 1  0.00120684 5.90045e-05
1 2 1 2 2 1 2 1 2 1 2 1 1 2 1  5.94821e-05 7.14037e-06
1 2 1 2 2 1 2 1 2 1 1 1 1 2 1  0.000359558 2.65138e-05
1 1 1 2 2 1 1 1 2 1 2 1 1 1 1  0.00111691 6.63235e-05
1 2 2 2 2 1 1 2 2 1 2 2 1 1 1  0.00336697 0.000103126
1 2 1 1 1 1 1 2 2 1 1 1 1 2 1  0.000550663 3.9817e-05
1 1 2 1 2 1 2 2 2 1 1 1 1 1 1  0.00249225 9.00892e-05
1 2 1 1 2 1 2 1 1 1 2 2 1 2 1  0.000392078 1.51065e-05
1 1 2 1 2 1 2 2 2 1 1 2 1 2 1  0.00193291 5.83545e-05
1 1 1 1 2 1 2 1 1 1 1 2 1 2 1  0.00210351 6.70523e-05
1 2 2 1 1 1 2 2 2 1 1 1 1 2 1  0.000423127 2.7512e-05
1 2 2 2 2 1 2 1 1 1 2 2 1 2 1  0.000558998 1.18298e-05
1 1 2 1 1 1 1 1 2 1 2 2 1 2 1  0.00107321 4.0797e-05
1 1 2 2 2 1 2 1 2 1 2 2 1 1 1  0.000790716 5.18334e-05
1 2 2 2 2 1 1 2 2 1 1 2 1 2 1  0.00273489 9.94827e-05
1 1 1 2 1 1 2 2 1 1 2 2 1 2 1  0.000367131 3.51726e-05
1 2 1 1 1 1 1 2 2 1 2 2 1 2 1  0.00236324 4.30537e-05
1 2 1 2 2 1 1 2 2 1 2 1 1 2 1  0.000675928 1.41409e-05
1 1 1 2 1 1 2 1 1 1 2 2 1 2 1  0.000307144 3.51279e-05
1 2 2 2 1 1 2 2 2 1 2 1 1 2 1  0.000213609 1.89155e-05
1 1 1 2 2 1 1 2 1 1 1 2 1 1 1  0.00106978 9.25271e-05
1 2 2 2 1 1 2 1 1 1 1 2 1 2 1  0.00246778 5.06291e-05
1 2 2 1 2 1 1 2 2 1 2 2 1 2 1  0.000694027 4.62909e-05
1 1 2 2 2 1 2 1 2 1 1 1 1 1 1  0.00248847 8.6319e-05
1 2 2 2 1 1 2 2 1 1 2 2 1 1 1  0.000707376 2.39138e-05
1 2 2 1 2 1 1 1 2 1 1 1 1 1 1  0.00232681 6.63877e-05
1 2 1 2 2 1 1 1 2 1 2 1 1 1 1  0.000756008 7.31443e-05
1 1 2 2 2 1 1 1 1 1 2 2 1 2 1  0.00222155 5.46584e-05
1 1 2 2 2 1 2 2 2 1 1 1 1 2 1  0.00230438 4.25758e-05
1 2 1 1 2 1 2 2 1 1 1 1 1 2 1  0.0003394 1.40257e-05
1 1 1 2 2 1 2 2 2 1 2 2 1 2 1  0.00326929 0.000146912
1 1 2 2 1 1 2 1 2 1 2 1 1 2 1  0.000129028 6.5042e-06
1 2 1 1 1 1 2 2 1 1 2 2 1 1 1  0.000484038 4.82951e-05
1 1 1 2 2 1 1 2 2 1 2 2 1 1 1  0.00421385 9.55317e-05
1 2 2 1 2 1 1 1 1 1 1 2 1 1 1  0.00127673 7.06521e-05
1 1 1 1 2 1 2 1 1 1 2 1 1 1 1  0.00123252 7.43596e-05
1 1 2 1 2 1 1 2 1 1 1 2 1 1 1  0.000574897 4.16307e-05
1 1 2 2 1 1 2 1 1 1 2 2 1 2 1  0.000370648 2.55408e-05
1 2 1 1 2 1 2 1 1 1 1 2 1 2 1  0.000783362 3.84301e-05
1 1 1 2 1 1 1 1 1 1 2 2 1 1 1  0.00241763 8.71379e-05
1 1 2 1 1 1 1 2 1 1 1 2 1 1 1  0.00135926 0.000119144
1 2 1 2 2 1 2 2 2 1 1 2 1 2 1  0.000747089 3.05037e-05
1 1 1 1 2 1 2 1 2 1 2 2 1 2 1  0.00120027 7.40966e-05
1 2 2 2 2 1 2 2 2 1 1 2 1 2 1  0.00316064 8.69421e-05
1 2 2 1 1 1 2 1 2 1 2 1 1 2 1  0.000108875 1.34141e-05
1 1 2 2 2 1 1 2 1 1 2 2 1 1 1  0.00235741 7.02146e-05
1 1 2 1 2 1 2 1 1 1 2 1 1 1 1  0.00054585 1.07714e-05
1 1 1 1 2 1 1 1 1 1 2 2 1 1 1  0.0026091 0.000167213
1 2 2 2 2 1 2 1 2 1 2 1 1 2 1  0.000172004 1.2085e-05
1 1 2 1 2 1 1 2 2 1 2 1 1 1 1  0.000356473 1.73838e-05
1 2 2 2 1 1 2 1 2 1 2 2 1 2 1  0.000184206 5.04621e-06
1 1 2 2 2 1 1 2 2 1 2 2 1 2 1  0.0031854 5.46426e-05
1 2 2 1 2 1 1 1 1 1 2 2 1 1 1  0.00167755 8.81702e-05
1 2 2 2 2 1 1 2 1 1 1 2 1 1 1  0.00121099 3.70546e-05
1 1 1 2 2 1 2 2 2 1 1 2 1 2 1  0.00246633 3.42679e-05
1 1 1 2 2 1 2 1 1 1 2 2 1 2 1  0.000489555 2.16263e-05
1 2 2 2 2 1 1 1 2 1 1 2 1 2 1  0.00292635 5.52279e-05
1 2 2 1 1 1 2 2 2 1 1 2 1 1 1  0.000377429 1.6201e-05
1 2 1 1 2 1 2 2 2 1 2 1 1 1 1  0.000365309 1.83586e-05
1 1 2 1 1 1 2 1 2 1 1 1 1 2 1  0.00116634 7.02405e-05
1 1 2 2 2 1 1 1 2 1 1 1 1 1 1  0.00225431 0.000123376
1 1 1 1 1 1 1 2 1 1 2 2 1 2 1  0.00117485 4.30838e-05
1 2 2 2 1 1 2 2 1 1 1 2 1 2 1  0.000764492 3.93477e-05
1 2 1 2 2 1 1 1 1 1 2 2 1 1 1  0.000529808 1.55696e-05
1 2 2 1 2 1 2 2 2 1 2 1 1 1 1  0.000276948 6.02927e-06
1 2 2 2 2 1 2 1 2 1 1 2 1 2 1  0.00214451 4.98432e-05
1 1 1 2 2 1 1 1 2 1 1 2 1 1 1  0.00220754 9.19165e-05
1 1 2 2 2 1 2 2 1 1 1 1 1 1 1  0.00245645 6.84713e-05
1 1 1 2 1 1 2 2 1 1 2 2 1 1 1  0.00109183 6.37148e-05
1 1 1 1 1 1 1 1 1 1 2 2 1 2 1  0.00229961 0.000176071
1 2 2 1 1 1 2 1 1 1 2 2 1 2 1  0.000869367 4.463e-05
1 2 1 2 2 1 1 2 1 1 1 2 1 1 1  0.000805299 5.07274e-05
1 2 2 1 2 1 1 1 1 1 2 1 1 2 1  0.000754489 4.42135e-05
1 2 2 2 2 1 2 2 2 1 1 1 1 1 1  0.00438363 0.000158926
1 2 2 1 2 1 2 1 1 1 1 2 1 1 1  0.000730785 2.98508e-05
1 1 2 2 1 1 2 1 1 1 2 1 1 2 1  0.000479207 4.60826e-05
1 2 1 1 2 1 1 1 2 1 1 2 1 2 1  0.00228684 9.21048e-05
1 1 2 2 1 1 2 2 1 1 1 1 1 2 1  0.00237491 8.91115e-05
1 2 1 1 2 1 1 2 2 1 2 2 1 2 1  0.00242196 8.21248e-05
1 1 2 1 1 1 2 2 2 1 1 1 1 2 1  0.00178743 6.92761e-05
1 2 1 1 2 1 2 2 2 1 1 1 1 2 1  0.000387109 2.34879e-05
1 2 1 2 2 1 2 2 2 1 1 2 1 1 1  0.000697514 2.57855e-05
1 1 1 1 2 1 2 2 1 1 1 1 1 2 1  0.00108313 4.5159e-05
1 2 1 1 2 1 1 1 2 1 2 2 1 2 1  0.00242153 3.20973e-05
1 1 2 2 1 1 2 2 1 1 2 1 1 2 1  0.000778334 8.04601e-05
1 1 1 1 2 1 1 2 2 1 2 2 1 1 1  0.00248472 6.3721e-05
1 1 2 2 1 1 2 2 2 1 2 1 1 2 1  0.00073224 6.41955e-05
1 2 1 1 2 1 2 1 2 1 1 2 1 2 1  0.000969015 4.98098e-05
1 1 1 1 2 1 2 2 2 1 1 2 1 2 1  0.00241966 6.35631e-05
1 1 2 2 2 1 1 1 2 1 2 2 1 1 1  0.00239548 0.000115272
1 2 1 1 1 1 1 2 2 1 2 1 1 1 1  0.0011712 7.26108e-05
1 2 1 2 2 1 1 1 2 1 1 2 1 1 1  0.00177133 4.1379e-05
1 1 2 2 1 1 2 1 1 1 1 1 1 2 1  0.00217217 0.000103525
1 1 1 1 1 1 2 2 2 1 2 2 1 1 1  0.00244879 9.18237e-05
1 2 1 1 1 1 2 1 1 1 1 2 1 2 1  0.00120392 5.18784e-05
1 1 1 2 1 1 2 2 2 1 2 2 1 2 1  0.000745115 4.4105e-05
1 2 1 2 1 1 1 2 2 1 2 1 1 1 1  0.00073883 5.21359e-05
1 1 1 2 1 1 2 1 2 1 1 2 1 1 1  0.000489498 3.2066e-05
1 2 1 2 1 1 2 1 1 1 1 2 1 1 1  0.000538205 1.54844e-05
1 2 2 1 1 1 2 1 1 1 1 1 1 1 1  0.00275423 8.91252e-05
1 2 2 2 1 1 1 2 2 1 2 1 1 1 1  0.000383851 2.89087e-05
1 1 2 2 2 1 1 1 1 1 1 2 1 1 1  0.00231454 6.40792e-05
1 2 2 2 2 1 1 2 1 1 2 2 1 1 1  0.00196404 5.76789e-05
1 2 2 2 2 1 2 2 1 1 2 1 1 2 1  0.000784552 4.20197e-05
1 1 2 1 2 1 2 2 2 1 1 1 1 2 1  0.00104243 2.56126e-05
1 2 2 1 1 1 1 2 2 1 1 1 1 2 1  0.00032407 1.74903e-05
1 2 2 1 1 1 1 1 1 1 2 2 1 1 1  0.00223877 8.92655e-05
1 1 1 2 1 1 2 2 2 1 2 1 1 2 1  0.000360058 2.55216e-05
1 2 1 1 1 1 2 2 2 1 2 1 1 1 1  0.000500921 3.52794e-05
1 1 1 2 1 1 2 1 2 1 2 2 1 1 1  0.000313201 2.58975e-05
1 1 2 1 2 1 1 2 2 1 1 1 1 1 1  0.00104223 3.35904e-05
1 2 1 1 2 1 1 1 1 1 2 2 1 1 1  0.00110236 3.71399e-05
1 2 2 1 2 1 1 2 1 1 2 2 1 2 1  0.000149622 1.06017e-05
1 2 2 1 1 1 2 2 1 1 1 2 1 1 1  0.000317267 2.71627e-05
1 1 1 1 2 1 2 2 1 1 2 1 1 1 1  0.000566232 4.48725e-05
1 2 2 1 2 1 1 2 1 1 1 1 1 2 1  0.00013013 1.43819e-05
1 1 1 1 1 1 1 2 2 1 2 1 1 2 1  0.00114315 7.76707e-05
1 2 2 2 2 1 1 1 1 1 2 2 1 2 1  0.00160759 4.01474e-05
1 2 1 1 2 1 2 2 2 1 2 2 1 2 1  0.000770118 3.75198e-05
1 2 2 1 2 1 1 1 2 1 2 2 1 1 1  0.00206931 9.60599e-05
1 1 2 2 2 1 2 1 1 1 1 1 1 2 1  0.00177336 0.000116496
1 2 2 2 2 1 2 1 2 1 1 1 1 1 1  0.0028412 5.99422e-05
1 1 2 2 2 1 2 1 1 1 1 2 1 1 1  0.00117979 2.88e-05
1 2 1 2 2 1 2 2 1 1 1 1 1 1 1  0.000461179 2.56157e-05
1 2 2 1 1 1 1 1 2 1 2 1 1 2 1  0.000326479 2.78991e-05
1 2 2 2 2 1 2 2 1 1 1 2 1 2 1  0.000710337 3.28514e-05
1 2 1 2 2 1 1 1 1 1 2 2 1 2 1  0.000932637 1.95237e-05
1 2 1 1 2 1 2 1 2 1 2 1 1 1 1  0.000325102 1.64524e-05
1 2 2 2 1 1 1 2 1 1 2 1 1 2 1  0.000397051 2.78448e-05
1 1 2 2 2 1 2 2 2 1 2 2 1 1 1  0.00445094 0.000107106
1 2 1 1 2 1 2 1 2 1 2 1 1 2 1  0.000117146 5.90119e-06
1 2 1 1 2 1 2 1 1 1 1 1 1 2 1  0.00113578 6.01138e-05
1 2 1 1 2 1 2 2 2 1 1 2 1 2 1  0.000472567 2.47622e-05
1 1 2 2 1 1 2 1 2 1 1 1 1 2 1  0.000778366 3.69609e-05
1 1 2 2 2 1 1 2 1 1 1 2 1 1 1  0.00117173 2.98606e-05
1 2 1 1 2 1 1 2 1 1 2 2 1 2 1  0.000384413 2.16015e-05
1 1 1 1 2 1 2 1 2 1 1 1 1 2 1  0.00106997 2.73056e-05
1 2 2 1 1 1 1 1 1 1 1 2 1 1 1  0.00241769 0.000127583
1 1 1 1 1 1 1 2 2 1 2 1 1 1 1  0.00244081 8.96003e-05
1 1 1 1 2 1 1 2 2 1 1 1 1 2 1  0.00212924 5.92978e-05
1 2 2 2 1 1 1 1 1 1 1 2 1 2 1  0.00247031 7.32324e-05
1 2 2 2 2 1 2 2 2 1 2 2 1 1 1  0.004056 9.78584e-05
1 2 2 1 2 1 1 2 1 1 2 1 1 2 1  0.000102231 1.08723e-05
1 2 1 1 1 1 1 2 1 1 2 2 1 1 1  0.00232071 8.42041e-05
1 2 2 1 2 1 2 1 1 1 1 1 1 2 1  0.00172108 6.82425e-05
1 2 2 1 1 1 1 2 2 1 2 1 1 2 1  0.000149949 1.53086e-05
1 1 2 1 1 1 1 2 2 1 1 2 1 1 1  0.000581184 5.89383e-05
1 2 2 2 2 1 1 1 2 1 1 1 1 2 1  0.00248235 0.00012981
1 1 2 2 2 1 1 1 1 1 1 1 1 2 1  0.00114077 6.01246e-05
1 1 2 2 1 1 2 2 2 1 2 2 1 1 1  0.000775344 3.66351e-05
1 2 2 1 1 1 1 1 2 1 2 2 1 1 1  0.00106305 7.55745e-05
1 2 2 1 2 1 1 2 2 1 2 2 1 1 1  0.000730829 3.53593e-05
1 1 2 2 1 1 1 2 2 1 2 1 1 1 1  0.00113649 6.49703e-05
1 2 2 2 1 1 1 1 1 1 2 1 1 1 1  0.0010702 4.23453e-05
1 1 1 1 2 1 2 1 1 1 2 2 1 1 1  0.00058547 2.82238e-05
1 1 1 2 2 1 1 1 1 1 2 1 1 1 1  0.00241056 0.000122804
1 1 1 2 2 1 2 1 1 1 1 2 1 1 1  0.000562019 2.4907e-05
1 1 1 1 1 1 2 2 1 1 2 2 1 2 1  0.0010978 4.2713e-05
1 2 2 2 2 1 2 2 1 1 1 1 1 2 1  0.00247053 8.38378e-05
1 1 2 1 2 1 1 1 2 1 2 1 1 1 1  0.000546585 2.95596e-05
1 2 2 1 1 1 1 1 1 1 2 1 1 2 1  0.0011296 2.19325e-05
1 2 1 2 1 1 1 1 2 1 2 2 1 2 1  0.000330584 2.06211e-05
1 1 1 1 1 1 1 2 2 1 2 2 1 1 1  0.00227708 7.87245e-05
1 1 2 2 1 1 2 2 1 1 2 1 1 1 1  0.00254139 7.10967e-05
1 1 1 2 1 1 2 2 2 1 2 1 1 1 1  0.00207193 4.24641e-05
1 1 1 2 1 1 1 2 2 1 2 1 1 2 1  0.00046809 1.96114e-05
1 2 1 2 1 1 1 2 2 1 2 2 1 1 1  0.00197939 0.000125298
1 1 2 1 2 1 2 2 2 1 2 1 1 2 1  0.000154165 1.21941e-05
1 2 2 1 1 1 2 1 2 1 1 2 1 1 1  0.00107995 4.37218e-05
1 2 2 1 1 1 1 2 1 1 2 1 1 1 1  0.0011389 5.52929e-05
1 2 1 1 2 1 1 2 1 1 2 2 1 1 1  0.000762365 4.81591e-05
1 1 1 2 1 1 1 2 2 1 2 1 1 1 1  0.00222873 7.96294e-05
1 1 2 2 2 1 2 2 1 1 1 2 1 2 1  0.000718916 5.31262e-05
1 1 1 1 1 1 2 2 2 1 2 1 1 2 1  0.000826439 3.14164e-05
1 2 2 2 2 1 1 2 2 1 2 2 1 2 1  0.00330892 8.18714e-05
1 1 1 2 1 1 2 1 1 1 1 2 1 2 1  0.000543976 2.06694e-05
1 2 1 2 2 1 1 2 2 1 1 2 1 2 1  0.00246112 7.95263e-05
1 2 1 2 2 1 1 1 1 1 1 2 1 1 1  0.00109307 4.61086e-05
1 1 2 1 1 1 1 1 2 1 1 2 1 2 1  0.00238344 5.63475e-05
1 2 2 1 1 1 1 2 2 1 2 2 1 2 1  0.000791723 3.81049e-05
1 2 1 1 2 1 2 1 1 1 2 1 1 1 1  0.000518325 4.58005e-05
1 1 1 2 2 1 1 2 1 1 1 1 1 1 1  0.00252839 0.000167168
1 1 2 2 2 1 1 2 2 1 2 1 1 1 1  0.00228443 7.47052e-05
1 2 2 1 1 1 1 1 2 1 1 1 1 2 1  0.00110815 3.69848e-05
1 1 1 2 2 1 1 1 2 1 1 1 1 2 1  0.00228918 8.75221e-05
1 1 1 2 2 1 2 1 2 1 2 2 1 2 1  0.000558551 3.14317e-05
1 2 1 1 2 1 1 1 2 1 1 1 1 1 1  0.00234172 0.000113829
1 1 1 2 2 1 1 1 1 1 2 1 1 2 1  0.00104932 5.99618e-05
1 1 2 2 2 1 1 1 2 1 1 2 1 2 1  0.0023694 5.58451e-05
1 1 1 2 2 1 1 1 1 1 2 2 1 2 1  0.0025278 7.01312e-05
1 2 1 2 1 1 1 1 1 1 2 2 1 1 1  0.00106608 5.88482e-05
1 2 1 1 1 1 1 2 2 1 2 1 1 2 1  0.000328906 5.93815e-06
1 2 2 1 2 1 1 1 1 1 1 2 1 2 1  0.000568569 2.66228e-05
1 2 2 1 2 1 1 1 2 1 2 1 1 1 1  0.00114104 1.99834e-06
1 1 2 2 2 1 1 1 2 1 1 2 1 1 1  0.00204825 7.19873e-05
1 2 1 1 2 1 1 1 2 1 2 2 1 1 1  0.00174304 7.38113e-05
1 1 1 2 2 1 1 2 2 1 1 1 1 1 1  0.00244845 0.000100987
1 1 1 2 2 1 1 2 2 1 1 2 1 2 1  0.00287921 7.38701e-05
1 2 1 1 2 1 1 1 1 1 2 2 1 2 1  0.00172837 0.000125773
1 2 1 1 1 1 1 1 2 1 1 2 1 2 1  0.00224463 0.000129973
1 2 2 1 1 1 1 2 1 1 1 2 1 2 1  0.000250789 7.71076e-06
1 2 2 1 2 1 2 2 1 1 1 1 1 2 1  0.000419715 2.15313e-05
1 2 1 2 2 1 2 2 2 1 1 1 1 2 1  0.000682806 3.06733e-05
1 2 2 1 2 1 2 2 1 1 2 1 1 1 1  0.000342173 2.23119e-05
1 2 2 1 1 1 1 1 2 1 1 2 1 1 1  0.0011072 5.58167e-05
1 2 1 2 1 1 1 2 1 1 1 1 1 1 1  0.00240161 0.000134387
1 1 2 1 1 1 1 1 2 1 2 1 1 2 1  0.000513091 7.74647e-05
1 2 1 1 1 1 2 2 2 1 2 2 1 2 1  0.000697496 4.59833e-05
1 2 2 1 1 1 1 1 1 1 2 2 1 2 1  0.00256904 5.79067e-05
1 1 2 2 2 1 1 1 1 1 2 2 1 1 1  0.00253206 9.83096e-05
1 1 1 2 2 1 2 1 2 1 1 1 1 1 1  0.00112978 3.80175e-05
1 2 2 2 2 1 2 2 2 1 2 2 1 2 1  0.00346609 9.35067e-05
1 2 2 1 2 1 1 1 1 1 2 2 1 2 1  0.000955904 3.75271e-05
1 1 2 2 2 1 1 1 2 1 1 1 1 2 1  0.00186428 6.88066e-05
1 1 2 2 2 1 1 1 1 1 1 2 1 2 1  0.00176647 7.61589e-05
1 2 2 2 1 1 2 2 1 1 2 2 1 2 1  0.000418231 2.32458e-05
1 1 2 1 2 1 2 1 1 1 1 1 1 1 1  0.00228718 9.05291e-05
1 2 2 2 1 1 1 2 1 1 1 2 1 2 1  0.000533901 1.85319e-05
1 1 1 2 2 1 2 1 1 1 1 2 1 2 1  0.0011964 3.57059e-05
1 1 1 1 1 1 2 2 1 1 2 2 1 1 1  0.0011647 3.74841e-05
1 1 2 1 1 1 1 1 2 1 2 1 1 1 1  0.00115206 7.15095e-05
1 1 2 2 2 1 1 2 2 1 2 2 1 1 1  0.00339579 6.15768e-05
1 2 2 2 2 1 1 1 1 1 1 2 1 2 1  0.00194888 6.29861e-05
1 1 2 1 2 1 2 2 2 1 2 1 1 1 1  0.000494048 3.69018e-05
1 1 2 2 2 1 2 2 1 1 2 1 1 2 1  0.000752762 2.67411e-05
1 1 2 1 2 1 1 2 1 1 2 2 1 1 1  0.00035315 1.56637e-05
1 1 1 1 2 1 2 1 2 1 1 2 1 1 1  0.00205805 7.79086e-05
1 1 2 2 2 1 1 1 2 1 2 2 1 2 1  0.00269304 7.92716e-05
1 1 2 2 2 1 2 2 1 1 1 1 1 2 1  0.00223969 9.69453e-05
1 1 2 2 2 1 1 2 1 1 2 1 1 2 1  0.000373419 3.422e-05
1 2 2 1 2 1 1 2 1 1 2 2 1 1 1  0.000367137 4.84092e-06
1 1 1 2 1 1 1 1 2 1 2 2 1 1 1  0.00106894 5.47347e-05
1 1 1 2 2 1 1 2 2 1 2 1 1 2 1  0.000788038 3.33148e-05
1 2 1 1 1 1 2 1 2 1 2 2 1 2 1  0.000333078 2.97342e-05
1 2 2 2 2 1 2 1 2 1 1 2 1 1 1  0.00250781 0.0001266
1 2 2 2 2 1 1 1 1 1 2 2 1 1 1  0.00202652 5.1005e-05
1 2 2 2 1 1 2 1 2 1 2 1 1 2 1  5.80461e-05 7.10446e-06
1 1 2 1 1 1 2 1 2 1 1 1 1 1 1  0.00250247 0.000141645
1 1 1 1 2 1 1 2 1 1 2 2 1 1 1  0.00105797 5.2823e-05
1 2 2 1 1 1 2 1 1 1 1 2 1 1 1  0.00116525 5.92704e-05
1 1 2 2 1 1 1 1 2 1 2 2 1 2 1  0.000357899 2.55418e-05
1 1 2 2 1 1 1 2 1 1 2 2 1 1 1  0.00116006 2.20442e-05
1 1 1 2 1 1 2 2 1 1 1 1 1 1 1  0.00241579 0.000104044
1 1 2 1 1 1 2 2 1 1 1 2 1 1 1  0.000573061 1.71225e-05
1 1 2 1 2 1 1 1 2 1 1 2 1 1 1  0.00229677 0.000117051
1 1 2 2 2 1 2 1 1 1 2 2 1 2 1  0.000708389 5.51837e-05
1 1 2 1 2 1 2 2 2 1 1 2 1 1 1  0.00233268 7.46261e-05
1 2 1 1 2 1 2 2 2 1 2 2 1 1 1  0.00069343 1.74188e-05
1 2 1 1 2 1 2 1 2 1 2 2 1 2 1  0.000479267 1.6758e-05
1 2 2 2 2 1 1 1 1 1 1 2 1 1 1  0.00222094 0.000109548
1 2 1 1 2 1 2 2 2 1 2 1 1 2 1  0.000124286 1.39423e-05
1 1 2 2 1 1 2 1 1 1 1 1 1 1 1  0.00236164 0.000116927
1 2 2 2 1 1 2 1 1 1 1 1 1 1 1  0.00230518 0.000115058
1 2 1 2 2 1 1 1 2 1 2 2 1 2 1  0.00125518 4.58405e-05
1 2 1 2 2 1 1 2 1 1 1 1 1 1 1  0.00233209 0.000134871
1 2 2 1 2 1 2 2 2 1 2 2 1 2 1  0.000375996 1.52676e-05
1 1 1 2 1 1 2 1 1 1 1 2 1 1 1  0.00119949 3.38805e-05
1 1 1 1 2 1 1 2 2 1 2 1 1 2 1  0.000516096 3.00296e-05
1 1 1 1 2 1 1 2 2 1 1 1 1 1 1  0.00241293 0.000158924
1 1 2 1 1 1 2 2 1 1 1 1 1 1 1  0.00253514 8.71983e-05
1 1 2 1 2 1 1 2 2 1 2 2 1 1 1  0.000545758 3.60824e-05
1 1 1 2 2 1 1 2 2 1 2 2 1 2 1  0.00437733 0.000163857
1 2 2 1 2 1 1 2 2 1 1 2 1 1 1  0.000442414 2.08702e-05
1 2 2 1 2 1 2 1 2 1 1 2 1 1 1  0.00207939 6.48513e-05
1 1 1 1 2 1 1 2 1 1 2 2 1 2 1  0.000472096 3.26363e-05
1 2 1 1 2 1 1 2 2 1 1 2 1 2 1  0.00111901 4.36114e-05
1 1 2 1 1 1 1 2 2 1 2 2 1 2 1  0.000526454 1.19369e-05
1 2 1 1 1 1 1 2 2 1 2 2 1 1 1  0.00252169 7.79123e-05
1 2 1 2 2 1 2 2 2 1 1 1 1 1 1  0.000812977 6.64496e-06
1 1 1 1 2 1 1 1 2 1 2 2 1 2 1  0.00262381 8.27225e-05
1 1 2 2 1 1 2 2 2 1 1 1 1 1 1  0.00264517 0.000110205
1 1 1 2 2 1 1 1 1 1 1 2 1 2 1  0.00230226 0.00013893
1 2 1 1 2 1 2 2 1 1 2 1 1 1 1  0.000340005 1.48134e-05
1 1 2 1 2 1 2 1 2 1 2 1 1 1 1  0.000267548 2.06626e-05
1 1 1 2 2 1 1 1 1 1 2 2 1 1 1  0.00244386 7.63259e-05
1 1 1 2 2 1 1 2 1 1 2 2 1 1 1  0.00252458 8.15119e-05
1 2 2 2 1 1 1 2 1 1 2 1 1 1 1  0.00189055 0.000120559
1 1 1 2 1 1 2 2 1 1 1 1 1 2 1  0.00119922 5.35156e-05
1 2 1 1 1 1 2 2 2 1 1 2 1 1 1  0.000440027 3.63291e-05
1 2 2 2 2 1 2 1 1 1 1 2 1 1 1  0.00119913 5.57984e-05
1 2 1 2 1 1 1 2 1 1 2 2 1 1 1  0.00171752 0.000104631
1 2 2 1 1 1 2 1 2 1 2 2 1 1 1  0.000366057 2.90424e-05
1 1 1 2 2 1 1 1 2 1 2 2 1 2 1  0.00282849 0.000102309
1 2 2 2 2 1 2 1 1 1 1 2 1 2 1  0.00206245 0.000101126
1 1 1 1 1 1 1 2 1 1 2 2 1 1 1  0.00258957 0.000147068
1 1 2 1 2 1 1 2 2 1 1 1 1 2 1  0.000777598 2.05071e-05
1 2 1 1 2 1 1 1 1 1 2 1 1 1 1  0.00244165 0.00010316
1 2 1 1 1 1 2 2 2 1 2 2 1 1 1  0.000846338 2.32532e-05
1 2 2 2 2 1 2 2 1 1 1 2 1 1 1  0.000550817 4.39629e-05
1 1 1 1 1 1 2 2 2 1 2 1 1 1 1  0.00233141 0.000116771
1 2 1 1 2 1 1 1 1 1 1 2 1 2 1  0.00108005 5.1124e-05
1 1 2 1 1 1 2 2 1 1 2 1 1 1 1  0.00114987 4.86028e-05
1 1 1 1 2 1 2 2 2 1 2 2 1 2 1  0.00252344 0.000142657
1 1 2 1 2 1 1 1 2 1 1 1 1 2 1  0.00113979 3.7714e-05
1 2 1 1 2 1 1 2 2 1 1 1 1 2 1  0.00115854 5.7579e-05
1 2 1 1 1 1 2 2 1 1 2 1 1 1 1  0.00115818 3.81407e-05
1 1 1 2 2 1 1 2 2 1 1 1 1 2 1  0.00243417 5.60379e-05
1 1 1 2 1 1 2 2 1 1 2 1 1 1 1  0.00211571 7.05923e-05
1 1 1 2 2 1 2 2 1 1 2 1 1 2 1  0.000406581 2.102e-05
1 2 1 1 2 1 1 2 1 1 2 1 1 1 1  0.001179 0.000103041
1 2 2 1 2 1 1 1 1 1 2 1 1 1 1  0.00222716 0.000110699
1 1 2 1 2 1 2 1 2 1 1 2 1 2 1  0.00186741 7.62517e-05
1 2 2 1 1 1 1 1 1 1 2 1 1 1 1  0.00257569 0.000120908
1 1 1 2 1 1 1 1 1 1 2 2 1 2 1  0.00106513 5.20992e-05
1 1 2 1 1 1 1 1 1 1 1 2 1 2 1  0.00243854 0.000153178
1 1 2 1 1 1 2 2 2 1 2 2 1 1 1  0.000494446 2.20787e-05
1 2 1 2 2 1 1 1 2 1 1 1 1 1 1  0.00241981 0.000110119
1 1 1 1 2 1 1 2 2 1 1 2 1 2 1  0.0029259 6.68084e-05
1 2 1 2 2 1 2 2 2 1 2 2 1 2 1  0.000858024 4.52084e-05
1 2 2 1 1 1 2 2 1 1 1 2 1 2 1  0.000515819 3.02929e-05
1 1 2 1 2 1 2 1 1 1 2 2 1 2 1  0.000397793 2.7687e-05
1 1 1 2 2 1 2 2 1 1 2 1 1 1 1  0.0011306 2.74484e-05
1 2 2 1 1 1 2 1 2 1 1 2 1 2 1  0.00213411 5.4561e-05
1 1 2 1 1 1 1 2 1 1 2 2 1 1 1  0.000552055 2.642e-05
1 1 2 1 2 1 1 2 2 1 1 2 1 1 1  0.0012026 3.61082e-05
1 2 1 1 2 1 1 2 2 1 2 2 1 1 1  0.00212073 6.21452e-05
1 1 2 1 2 1 1 1 2 1 1 1 1 1 1  0.00246957 7.22286e-05
1 2 1 2 2 1 2 2 1 1 2 1 1 2 1  0.00013114 1.38502e-05
1 2 2 2 2 1 2 2 1 1 2 2 1 2 1  0.000337515 1.58263e-05
1 2 2 1 2 1 2 1 2 1 1 1 1 1 1  0.002541 0.000109033
1 1 1 1 2 1 1 2 2 1 2 1 1 1 1  0.00114037 6.75785e-05
1 1 2 1 2 1 1 1 2 1 2 2 1 2 1  0.00116233 6.10363e-05
1 2 2 1 2 1 1 1 1 1 1 1 1 2 1  0.00108455 5.78405e-05
1 2 1 2 2 1 2 2 2 1 2 1 1 1 1  0.000641432 1.0881e-05
1 2 1 2 2 1 1 1 2 1 1 2 1 2 1  0.00243041 7.55613e-05
1 1 2 1 2 1 2 1 2 1 2 2 1 2 1  0.000453825 1.16887e-05
1 1 2 2 1 1 1 2 2 1 2 1 1 2 1  0.00036184 2.94989e-05
1 1 2 1 2 1 1 1 2 1 1 2 1 2 1  0.00222347 6.90709e-05
1 2 2 2 1 1 1 1 1 1 1 2 1 1 1  0.00218016 0.00012631
1 2 2 2 2 1 2 1 2 1 2 1 1 1 1  0.00057632 1.18688e-05
1 2 2 2 1 1 1 1 2 1 1 2 1 1 1  0.000484953 3.35592e-05
1 2 1 1 1 1 1 1 2 1 2 2 1 1 1  0.00213371 4.67462e-05
1 1 2 1 1 1 1 1 2 1 2 2 1 1 1  0.000473701 2.31512e-05
1 1 2 2 1 1 1 2 1 1 1 1 1 1 1  0.00246709 0.000103037
1 1 2 2 2 1 1 2 1 1 1 1 1 1 1  0.00228752 0.000111134
1 1 1 2 2 1 2 2 1 1 1 1 1 2 1  0.00112597 4.42855e-05
1 2 2 1 2 1 1 2 2 1 2 1 1 2 1  0.000114581 6.91267e-06
1 2 1 1 2 1 1 1 2 1 1 2 1 1 1  0.00107382 6.33335e-05
1 1 1 2 2 1 2 2 2 1 2 1 1 1 1  0.00233099 0.000102247
1 1 1 1 1 1 1 2 2 1 1 1 1 2 1  0.00248978 5.87897e-05
1 2 2 2 1 1 1 1 2 1 2 2 1 2 1  0.000720724 2.52455e-05
1 1 2 2 1 1 2 2 1 1 1 1 1 1 1  0.00239439 8.89775e-05
1 1 1 2 1 1 2 2 2 1 1 2 1 2 1  0.000396303 1.78519e-05
1 1 2 1 1 1 2 2 1 1 2 1 1 2 1  0.000472377 1.92214e-05
1 1 1 2 2 1 2 2 2 1 1 1 1 1 1  0.00230849 5.17577e-05
1 1 2 2 1 1 2 2 2 1 2 1 1 1 1  0.00219558 9.19945e-05
1 1 1 1 2 1 2 2 1 1 1 2 1 2 1  0.000473564 3.93963e-05
1 1 1 2 2 1 2 2 2 1 2 1 1 2 1  0.000708564 4.92236e-05
1 2 1 2 1 1 2 2 1 1 2 1 1 2 1  0.000125803 1.53788e-05
1 2 1 2 2 1 2 2 2 1 2 2 1 1 1  0.000829904 2.64977e-05
1 2 1 2 1 1 1 2 2 1 1 1 1 2 1  0.000314598 2.28374e-05
1 2 1 2 1 1 1 1 1 1 1 2 1 1 1  0.00224651 9.08616e-05
1 1 1 1 2 1 2 1 2 1 2 1 1 2 1  0.000124604 1.16443e-05
1 2 2 1 2 1 2 2 2 1 1 2 1 1 1  0.000713127 5.36793e-05
1 1 2 2 1 1 2 2 2 1 1 1 1 2 1  0.00215484 6.1286e-05
1 1 1 1 1 1 1 1 2 1 2 2 1 1 1  0.00225549 0.000109488
1 2 2 1 1 1 2 2 1 1 2 2 1 2 1  0.000267646 1.85149e-05
1 1 2 2 2 1 2 1 2 1 1 1 1 2 1  0.000926146 3.90109e-05
1 1 2 1 2 1 1 1 1 1 1 2 1 1 1  0.00254782 0.000167194
1 1 2 2 1 1 1 1 1 1 1 1 1 2 1  0.00253551 8.6175e-05
1 1 2 2 1 1 1 1 1 1 2 1 1 2 1  0.00118503 8.42129e-05
1 2 1 1 1 1 1 1 1 1 2 2 1 2 1  0.00219659 0.000146845
1 1 1 2 1 1 1 2 2 1 1 1 1 2 1  0.00105093 4.62144e-05
1 1 2 2 1 1 1 1 2 1 2 1 1 2 1  0.000346064 2.45386e-05
1 1 1 2 2 1 2 1 2 1 2 2 1 1 1  0.000538952 2.41496e-05
1 1 2 2 1 1 1 2 1 1 2 2 1 2 1  0.000402604 1.69379e-05
1 1 2 1 1 1 2 1 2 1 2 2 1 1 1  0.000292218 1.64793e-05
1 1 2 2 1 1 1 1 1 1 2 2 1 2 1  0.0011466 8.28562e-05
1 1 1 2 1 1 1 2 1 1 2 2 1 2 1  0.000435381 3.19824e-05
1 2 2 1 1 1 2 2 1 1 1 1 1 1 1  0.00114975 2.7886e-05
1 2 2 1 2 1 2 1 2 1 1 2 1 2 1  0.00149023 4.49047e-05
1 2 2 2 1 1 2 2 1 1 1 1 1 1 1  0.00247439 8.08724e-05
1 2 2 2 1 1 2 2 2 1 1 2 1 1 1  0.000277141 1.09597e-05
1 2 2 1 1 1 2 2 1 1 2 2 1 1 1  0.000402115 3.17255e-05
1 2 2 2 1 1 2 1 1 1 2 1 1 1 1  0.0007795 4.91831e-05
1 2 2 2 2 1 1 2 1 1 1 1 1 1 1  0.00303419 7.20725e-05
1 1 2 2 1 1 2 1 1 1 1 2 1 1 1  0.000575665 4.38601e-05
1 2 2 2 1 1 2 1 1 1 1 1 1 2 1  0.00210652 6.35755e-05
1 2 2 2 1 1 2 1 1 1 2 1 1 2 1  0.0003825 7.93349e-06
1 2 2 2 1 1 2 2 1 1 1 1 1 2 1  0.00228178 8.64046e-05
1 2 2 1 1 1 2 2 2 1 2 1 1 2 1  0.000117277 1.6188e-05
1 2 2 2 1 1 2 2 2 1 1 2 1 2 1  0.000420597 2.12712e-05
1 2 2 1 1 1 2 1 2 1 2 1 1 1 1  0.000315323 2.00378e-05
1 2 1 2 2 1 1 2 1 1 2 2 1 1 1  0.00099031 7.19807e-05
1 2 2 2 2 1 1 2 1 1 1 2 1 2 1  0.000440105 1.15672e-05
1 2 2 1 2 1 2 1 1 1 1 2 1 2 1  0.000994557 2.25012e-05
1 1 2 1 1 1 2 2 1 1 2 2 1 2 1  0.00038191 2.87513e-05
1 2 1 1 1 1 1 1 1 1 1 2 1 2 1  0.0023784 0.000142116
1 2 1 1 1 1 2 2 1 1 2 2 1 2 1  0.000392911 4.4573e-05
1 1 2 1 1 1 1 2 1 1 2 2 1 2 1  0.000334357 1.4922e-05
1 1 2 2 1 1 2 2 1 1 2 2 1 2 1  0.000274124 2.10361e-05
1 1 2 2 1 1 2 1 1 1 2 1 1 1 1  0.00113829 6.82657e-05
1 1 2 2 1 1 1 1 2 1 2 1 1 1 1  0.000533171 4.58099e-05
1 2 2 1 1 1 2 1 2 1 1 1 1 1 1  0.00116405 5.90299e-05
1 1 1 2 1 1 2 2 2 1 1 1 1 2 1  0.000773256 6.15393e-05
1 1 2 1 1 1 1 1 2 1 1 1 1 2 1  0.00239304 7.68394e-05
1 1 2 1 1 1 2 1 2 1 1 2 1 2 1  0.00180047 5.5572e-05
1 2 1 1 1 1 1 2 1 1 1 2 1 2 1  0.000507564 3.5441e-05
1 2 2 1 1 1 1 1 2 1 1 2 1 2 1  0.00256231 6.91135e-05
1 1 2 2 1 1 1 1 1 1 1 2 1 2 1  0.00122631 7.05674e-05
1 1 2 2 1 1 2 1 1 1 1 2 1 2 1  0.00111385 4.32793e-05
1 1 2 2 1 1 1 1 2 1 1 2 1 2 1  0.000457067 2.89895e-05
1 2 2 1 2 1 2 1 2 1 2 2 1 2 1  0.000538529 2.62728e-05
1 1 2 1 1 1 2 1 2 1 2 1 1 1 1  0.000577875 1.66119e-05
1 2 2 1 1 1 2 1 1 1 1 1 1 2 1  0.00237388 0.000111573
1 1 1 1 1 1 2 1 2 1 2 2 1 1 1  0.00104258 5.02399e-05
1 2 1 2 2 1 2 2 1 1 1 2 1 1 1  0.000114129 7.21239e-06
1 2 1 2 1 1 2 2 1 1 2 2 1 1 1  0.00040596 2.74379e-05
1 2 1 2 2 1 2 1 1 1 1 2 1 1 1  0.000138546 9.12015e-06
1 2 1 2 2 1 1 2 2 1 2 1 1 1 1  0.00206619 0.000106671
1 2 2 2 2 1 2 1 1 1 2 1 1 1 1  0.00125737 5.38873e-05
1 2 2 2 1 1 2 2 2 1 2 2 1 2 1  0.000301224 2.74454e-05
1 1 1 2 1 1 2 2 2 1 2 2 1 1 1  0.00241572 4.94956e-05
1 2 2 1 1 1 1 1 2 1 2 1 1 1 1  0.00054249 4.45101e-05
1 2 1 2 2 1 2 1 1 1 2 2 1 2 1  0.000124935 1.1729e-05
1 1 2 2 1 1 2 2 2 1 1 2 1 1 1  0.000496202 2.4455e-05
1 1 1 1 2 1 1 2 2 1 1 2 1 1 1  0.00209449 4.37313e-05
1 1 2 1 1 1 2 1 1 1 1 2 1 2 1  0.00239864 0.00012472
1 1 1 1 2 1 2 2 2 1 1 1 1 1 1  0.00213099 0.000127269
1 2 1 2 2 1 1 2 2 1 1 2 1 1 1  0.00210998 0.000122311
1 1 1 2 2 1 2 2 2 1 1 2 1 1 1  0.00219109 5.37377e-05
1 1 2 1 1 1 1 2 2 1 1 2 1 2 1  0.00116012 4.62521e-05
1 2 1 1 2 1 2 2 1 1 2 2 1 1 1  0.000113385 1.22336e-05
1 2 2 1 2 1 1 1 2 1 2 1 1 2 1  0.000415061 2.81666e-05
1 1 2 1 1 1 1 2 1 1 1 2 1 2 1  0.000571871 2.59084e-05
1 2 1 1 2 1 2 1 2 1 2 2 1 1 1  0.000401519 2.85957e-05
1 2 1 2 2 1 1 1 2 1 1 1 1 2 1  0.00202101 0.000103044
1 1 2 1 2 1 2 1 1 1 1 2 1 2 1  0.00180271 8.71596e-05
1 1 2 2 2 1 2 1 2 1 1 2 1 2 1  0.00199654 5.24318e-05
1 1 1 2 2 1 2 1 2 1 1 2 1 2 1  0.00116158 4.97121e-05
1 1 1 2 2 1 2 1 1 1 2 2 1 1 1  0.000255861 9.47164e-06
1 1 2 2 2 1 1 1 2 1 2 1 1 1 1  0.00109858 5.05323e-05
1 1 1 2 2 1 1 1 2 1 1 1 1 1 1  0.00228466 0.000161158
1 2 1 2 2 1 1 2 1 1 2 2 1 2 1  0.000369752 1.14439e-05
1 2 2 1 1 1 2 2 1 1 2 1 1 1 1  0.00119487 4.42031e-05
1 1 1 2 2 1 2 1 2 1 1 2 1 1 1  0.00106994 9.25755e-05
1 2 1 2 2 1 2 1 2 1 1 2 1 1 1  0.000377018 8.1336e-06
1 1 2 2 2 1 2 1 2 1 1 2 1 1 1  0.00222516 0.000102218
1 2 1 1 2 1 2 1 1 1 2 1 1 2 1  0.000275282 7.01049e-06
1 2 2 2 1 1 2 2 2 1 1 1 1 2 1  0.00062697 2.3998e-05
1 1 1 2 2 1 2 1 1 1 2 1 1 2 1  0.000331922 1.97968e-05
1 2 1 1 1 1 2 2 2 1 1 2 1 2 1  0.000442246 2.88135e-05
1 2 2 1 1 1 2 1 1 1 2 2 1 1 1  0.000504091 3.82835e-05
1 1 2 1 1 1 2 1 2 1 1 2 1 1 1  0.00115495 7.93469e-05
1 1 1 1 2 1 2 1 2 1 1 2 1 2 1  0.00225712 7.43653e-05
1 2 2 2 2 1 1 2 1 1 2 1 1 1 1  0.00252879 7.19985e-05
1 2 1 2 2 1 1 2 2 1 1 1 1 2 1  0.00234422 9.00158e-05
1 2 2 2 2 1 1 1 2 1 2 1 1 2 1  0.000519191 1.5105e-05
1 2 1 1 2 1 1 2 2 1 2 1 1 1 1  0.00107504 4.44296e-05
1 1 2 1 2 1 1 1 1 1 1 2 1 2 1  0.00121421 6.16038e-05
1 2 2 2 2 1 2 1 1 1 2 1 1 2 1  0.00049093 1.64541e-05
1 2 1 2 1 1 2 1 2 1 1 2 1 1 1  0.000344318 1.83703e-05
1 1 1 2 2 1 2 1 2 1 2 1 1 2 1  0.000108917 3.91951e-06
1 2 2 1 1 1 2 2 1 1 1 1 1 2 1  0.00104541 3.55083e-05
1 2 1 2 2 1 1 1 2 1 2 2 1 1 1  0.000963813 5.01346e-05
1 2 1 2 2 1 1 2 2 1 2 2 1 2 1  0.00257857 7.16697e-05
1 1 2 2 1 1 1 2 1 1 1 2 1 2 1  0.000383269 2.61066e-05
1 2 2 1 2 1 2 1 2 1 2 1 1 2 1  0.000136606 9.98754e-06
1 1 1 1 1 1 2 2 2 1 1 2 1 1 1  0.00217712 7.555e-05
1 2 1 2 2 1 1 2 1 1 2 1 1 1 1  0.00183233 0.000110881
1 2 2 1 2 1 2 2 2 1 2 2 1 1 1  0.000421713 2.23865e-05
1 2 2 1 2 1 2 1 1 1 2 1 1 1 1  0.00111682 3.57086e-05
1 2 2 2 1 1 1 1 2 1 2 2 1 1 1  0.000423351 2.24046e-05
1 1 2 2 1 1 2 2 2 1 1 2 1 2 1  0.000684179 2.3223e-05
1 1 2 2 1 1 1 2 1 1 1 1 1 2 1  0.00111214 4.89848e-05
1 2 2 2 2 1 1 1 2 1 1 1 1 1 1  0.00294908 0.000143816
1 1 1 2 1 1 1 2 2 1 1 1 1 1 1  0.00249362 0.000183797
1 2 2 1 1 1 1 2 1 1 2 2 1 1 1  0.00117792 5.39309e-05
1 1 2 2 2 1 1 2 1 1 1 1 1 2 1  0.000827354 4.31562e-05
1 2 1 2 1 1 2 2 1 1 1 1 1 2 1  0.000336899 2.54097e-05
1 2 1 2 2 1 2 2 1 1 2 2 1 1 1  0.000124765 8.09187e-06
1 2 1 2 2 1 2 2 1 1 2 1 1 1 1  0.000393956 2.15892e-05
1 1 1 2 2 1 2 2 2 1 1 1 1 2 1  0.002096 3.65394e-05
1 2 2 1 1 1 1 2 1 1 1 2 1 1 1  0.000536371 1.36544e-05
1 2 2 2 2 1 1 1 2 1 2 1 1 1 1  0.00120224 6.19688e-05
1 2 2 2 2 1 1 2 1 1 1 1 1 2 1  0.00112963 5.35329e-05
1 2 2 1 1 1 1 1 2 1 2 2 1 2 1  0.00240973 0.000124288
1 1 2 2 1 1 1 2 2 1 1 1 1 1 1  0.00111186 4.70601e-05
1 2 1 1 2 1 1 1 2 1 2 1 1 1 1  0.00111729 6.82663e-05
1 1 2 1 2 1 2 1 2 1 2 2 1 1 1  0.000482642 2.07081e-05
1 2 1 1 2 1 1 2 2 1 1 2 1 1 1  0.000765839 7.44762e-05
1 2 1 2 1 1 2 2 2 1 1 1 1 1 1  0.000477847 1.52661e-05
1 2 1 1 2 1 1 1 2 1 2 1 1 2 1  0.000429169 3.06535e-05
1 2 2 2 2 1 1 1 2 1 2 2 1 1 1  0.00202307 3.63347e-05
1 2 1 2 2 1 2 1 2 1 1 2 1 2 1  0.000462526 2.50143e-05
1 2 1 1 1 1 1 2 1 1 2 2 1 2 1  0.00112048 5.78394e-05
1 2 2 1 2 1 1 1 2 1 1 2 1 2 1  0.00193812 5.31342e-05
1 2 1 2 2 1 2 1 2 1 2 2 1 2 1  0.000174218 1.25171e-05
1 2 2 1 2 1 1 2 1 1 2 1 1 1 1  0.000410617 1.31613e-05
1 2 2 2 2 1 2 1 2 1 1 1 1 2 1  0.00126406 2.02299e-05
1 1 2 2 2 1 2 1 2 1 2 1 1 1 1  0.000483106 3.47479e-05
1 2 2 2 2 1 1 1 1 1 2 1 1 2 1  0.00100037 4.77158e-05
1 2 1 2 2 1 1 1 1 1 2 1 1 2 1  0.000727512 3.95742e-05
1 2 1 1 1 1 2 1 2 1 2 2 1 1 1  0.000417486 1.85735e-05
1 1 1 2 2 1 2 2 1 1 2 2 1 1 1  0.000539951 2.74355e-05
1 2 1 2 2 1 2 1 1 1 2 1 1 2 1  0.000108338 9.18289e-06
1 1 1 2 1 1 1 2 2 1 1 2 1 1 1  0.00115818 6.78481e-05
1 2 1 2 2 1 1 1 1 1 1 1 1 2 1  0.00213548 7.67337e-05
1 1 2 2 1 1 1 2 1 1 1 2 1 1 1  0.000580729 3.41369e-05
1 2 1 1 1 1 1 2 1 1 1 1 1 2 1  0.00117554 7.44373e-05
1 2 1 2 1 1 1 2 1 1 1 2 1 2 1  0.000313083 2.69334e-05
1 2 1 2 1 1 1 1 1 1 1 2 1 2 1  0.0010965 6.93418e-05
1 2 1 2 1 1 2 2 1 1 1 2 1 1 1  0.000343641 2.41033e-05
1 1 1 1 1 1 2 1 2 1 1 2 1 2 1  0.00112286 5.39515e-05
1 1 2 1 2 1 1 1 2 1 2 1 1 2 1  0.000117684 6.70462e-06
1 1 2 2 2 1 1 2 2 1 2 1 1 2 1  0.000652131 2.70219e-05
1 2 2 2 2 1 1 1 2 1 2 2 1 2 1  0.00211598 4.91651e-05
1 2 2 1 2 1 2 1 2 1 2 2 1 1 1  0.000714635 3.07533e-05
1 1 2 2 2 1 2 2 2 1 2 2 1 2 1  0.00377334 7.93822e-05
1 1 1 1 2 1 2 1 2 1 2 2 1 1 1  0.00108678 4.9523e-05
1 2 2 2 1 1 1 2 1 1 1 1 1 1 1  0.00222541 0.000148291
1 1 2 2 2 1 1 2 1 1 2 1 1 1 1  0.00202405 7.02581e-05
1 2 2 2 1 1 2 1 1 1 1 2 1 1 1  0.00115469 4.55397e-05
1 2 2 2 1 1 2 1 2 1 1 2 1 2 1  0.000710952 1.77452e-05
1 1 1 2 1 1 2 1 1 1 2 2 1 1 1  0.000460448 9.53509e-06
1 2 1 2 2 1 1 2 2 1 1 1 1 1 1  0.00241088 8.87476e-05
1 2 1 1 2 1 1 2 2 1 1 1 1 1 1  0.00112748 5.98049e-05
1 1 1 2 2 1 1 2 1 1 1 2 1 2 1  0.000468165 1.74501e-05
1 2 1 1 2 1 2 1 2 1 1 1 1 1 1  0.000966964 4.14364e-05
1 2 1 1 2 1 2 2 2 1 1 2 1 1 1  0.000352222 1.06514e-05
1 2 1 2 2 1 1 1 1 1 1 2 1 2 1  0.00175269 9.9859e-05
1 2 2 2 2 1 1 2 2 1 2 1 1 2 1  0.000766746 4.36734e-05
1 1 2 2 2 1 2 1 2 1 2 1 1 2 1  0.000127028 4.97125e-06
1 1 2 2 2 1 2 2 2 1 2 1 1 2 1  0.000827191 1.48306e-05
1 1 1 1 1 1 1 1 2 1 2 2 1 2 1  0.00225959 0.000100363
1 1 1 1 2 1 2 1 2 1 2 1 1 1 1  0.00050821 3.62357e-05
1 1 1 1 1 1 2 1 2 1 2 2 1 2 1  0.00074487 2.68607e-05
1 2 1 2 1 1 1 2 1 1 2 1 1 1 1  0.00118484 5.20822e-05
1 1 1 2 1 1 1 1 2 1 2 2 1 2 1  0.000460787 3.10226e-05
1 2 2 2 1 1 2 1 1 1 2 2 1 2 1  0.00073268 3.33444e-05
1 1 1 1 1 1 1 2 2 1 2 2 1 2 1  0.00252175 0.000120357
1 1 1 1 2 1 2 2 2 1 1 2 1 1 1  0.00203866 8.90141e-05
1 2 1 2 1 1 1 2 2 1 2 2 1 2 1  0.000685489 1.98792e-05
1 2 1 2 1 1 2 1 1 1 2 2 1 2 1  0.000103003 1.59941e-05
1 2 2 1 2 1 1 2 1 1 1 2 1 1 1  0.000129717 1.27456e-05
1 2 2 2 1 1 1 2 2 1 1 2 1 1 1  0.000345427 1.80174e-05
1 2 2 1 2 1 1 2 2 1 2 1 1 1 1  0.000370711 2.09779e-05
1 2 2 1 1 1 1 2 2 1 1 2 1 2 1  0.000527526 3.5933e-05
1 1 2 2 2 1 2 2 1 1 2 1 1 1 1  0.00242712 0.00010183
1 1 1 1 2 1 2 1 1 1 2 1 1 2 1  0.00053019 3.8541e-05
1 2 2 1 2 1 2 1 1 1 2 2 1 2 1  0.000353508 1.89305e-05
1 2 2 1 1 1 1 2 2 1 2 2 1 1 1  0.000530186 3.14135e-05
1 2 2 1 2 1 1 2 2 1 1 1 1 1 1  0.000466794 1.20012e-05
1 2 1 1 1 1 2 1 2 1 1 2 1 2 1  0.000761369 3.74798e-05
1 1 1 1 1 1 2 1 1 1 1 2 1 2 1  0.00236897 0.000135347
1 1 1 1 2 1 2 2 1 1 2 2 1 2 1  0.000368388 2.15934e-05
1 2 2 1 2 1 2 1 2 1 2 1 1 1 1  0.000508814 2.95651e-05
1 2 2 2 2 1 2 2 1 1 1 1 1 1 1  0.00296937 7.2841e-05
1 2 2 2 1 1 2 1 2 1 2 1 1 1 1  0.000130045 1.58164e-05
1 1 2 2 1 1 1 1 1 1 2 1 1 1 1  0.00228029 0.000143369
1 1 1 2 2 1 2 2 1 1 1 2 1 2 1  0.000352649 2.30224e-05
1 1 1 2 1 1 2 2 1 1 1 2 1 1 1  0.00054543 3.43575e-05
1 1 2 2 2 1 1 2 2 1 1 2 1 2 1  0.00255796 6.04278e-05
1 2 2 2 2 1 1 2 1 1 2 1 1 2 1  0.000454074 2.21646e-05
1 2 2 2 1 1 1 2 2 1 2 1 1 2 1  0.000114026 8.63468e-06
1 1 1 1 2 1 1 1 2 1 2 2 1 1 1  0.00215072 8.83859e-05
1 2 2 1 1 1 2 1 1 1 2 1 1 2 1  0.000503358 3.11809e-05
1 1 2 2 2 1 1 1 1 1 2 1 1 2 1  0.000777714 3.66693e-05
1 1 1 2 2 1 1 1 2 1 2 1 1 2 1  0.000495372 7.93734e-06
1 1 2 2 2 1 1 1 2 1 2 1 1 2 1  0.000378023 1.68706e-05
1 1 1 1 2 1 2 2 2 1 2 1 1 1 1  0.00112185 4.6965e-05
1 1 1 2 2 1 1 2 1 1 2 2 1 2 1  0.00076136 1.99095e-05
1 2 1 2 2 1 1 1 2 1 2 1 1 2 1  0.000367932 1.03167e-05
1 1 1 2 2 1 1 1 1 1 1 2 1 1 1  0.00239819 0.000110625
1 1 2 2 2 1 2 1 2 1 2 2 1 2 1  0.000696488 2.65637e-05
1 1 2 1 1 1 1 2 2 1 1 1 1 2 1  0.00108596 5.96093e-05
1 2 1 2 1 1 1 1 2 1 1 2 1 1 1  0.00108546 4.95688e-05
1 1 1 2 2 1 1 1 1 1 1 1 1 2 1  0.00244561 0.000161639
1 2 1 2 2 1 2 1 2 1 2 1 1 1 1  0.000112465 1.54404e-05
1 2 1 1 1 1 2 1 1 1 2 2 1 2 1  0.000514661 3.84677e-05
1 2 1 2 2 1 2 1 1 1 2 1 1 1 1  0.000141919 1.13308e-05
1 1 1 2 2 1 2 1 1 1 2 1 1 1 1  0.000597919 3.32572e-05
1 1 1 2 2 1 2 1 2 1 2 1 1 1 1  0.000325324 2.451e-05
1 2 2 2 1 1 1 2 2 1 1 1 1 1 1  0.000466051 1.89411e-05
1 2 2 2 2 1 1 2 2 1 1 2 1 1 1  0.00241464 5.97372e-05
1 1 2 2 2 1 2 2 2 1 1 2 1 2 1  0.0031719 2.86311e-05
1 2 1 1 1 1 2 1 2 1 1 2 1 1 1  0.0010683 9.45e-05
1 2 1 1 2 1 1 2 2 1 2 1 1 2 1  0.000363236 2.42302e-05
1 1 2 2 2 1 2 2 2 1 2 1 1 1 1  0.00331878 8.65398e-05
1 2 1 1 1 1 1 2 1 1 2 1 1 2 1  0.000489616 3.01835e-05
1 1 1 2 2 1 2 1 2 1 1 1 1 2 1  0.000737324 4.99776e-05
1 2 1 1 1 1 2 2 1 1 2 1 1 2 1  0.000313326 2.362e-05
1 2 1 1 1 1 2 2 1 1 1 1 1 2 1  0.00054789 5.33275e-05
1 2 1 1 1 1 2 2 1 1 1 2 1 2 1  0.00034055 2.55073e-05
1 2 1 2 1 1 2 2 1 1 1 2 1 2 1  0.00014714 9.84314e-06
1 2 1 1 2 1 1 1 1 1 2 1 1 2 1  0.00107793 4.00466e-05
1 2 2 1 1 1 1 2 2 1 2 1 1 1 1  0.000290976 2.07099e-05
1 1 1 2 2 1 1 1 2 1 2 2 1 1 1  0.00259588 6.97671e-05
1 2 1 1 1 1 1 2 1 1 2 1 1 1 1  0.00257342 0.000221131
1 2 1 2 1 1 2 2 2 1 1 2 1 1 1  0.000364058 2.49431e-05
1 1 1 1 2 1 2 1 2 1 1 1 1 1 1  0.00223135 9.37588e-05
1 1 2 1 1 1 2 2 2 1 1 2 1 1 1  0.00119355 3.92167e-05
1 2 1 2 1 1 2 2 1 1 2 2 1 2 1  0.000121942 1.23823e-05
1 2 1 1 2 1 2 1 2 1 1 1 1 2 1  0.000753284 3.76226e-05
1 2 2 1 1 1 2 2 2 1 2 2 1 2 1  0.00042681 2.33289e-05
1 2 1 2 2 1 2 1 2 1 1 1 1 1 1  0.000441581 2.41692e-05
1 2 2 2 1 1 2 1 2 1 1 1 1 1 1  0.000495695 4.37754e-05
1 2 1 1 2 1 1 1 2 1 1 1 1 2 1  0.00218881 4.42927e-05
1 2 1 2 1 1 1 1 2 1 1 2 1 2 1  0.000440471 2.75151e-05
1 2 1 1 1 1 1 1 2 1 1 2 1 1 1  0.0023027 0.000139439
1 1 2 1 2 1 1 1 1 1 2 2 1 2 1  0.000809053 4.43736e-05
1 2 1 2 2 1 1 2 1 1 2 1 1 2 1  0.000407306 2.41576e-05
1 1 2 1 1 1 2 2 1 1 1 2 1 2 1  0.0011635 4.84635e-05
1 1 1 2 1 1 2 2 1 1 1 2 1 2 1  0.000340946 2.31473e-05
1 1 2 2 1 1 2 2 1 1 1 2 1 2 1  0.000526448 3.38122e-05
1 2 2 2 1 1 1 1 2 1 2 1 1 2 1  0.000113004 1.63674e-05
1 2 2 2 1 1 1 1 2 1 2 1 1 1 1  0.000147275 9.3743e-06
1 1 2 2 2 1 2 1 1 1 2 2 1 1 1  0.000484963 2.8312e-05
1 2 2 1 1 1 1 2 1 1 2 1 1 2 1  0.000321063 3.4944e-05
1 2 2 1 2 1 2 2 1 1 1 1 1 1 1  0.000467332 2.68896e-05
1 1 2 2 1 1 1 2 1 1 2 1 1 1 1  0.00212737 3.86965e-05
1 2 1 1 2 1 2 1 2 1 1 2 1 1 1  0.000765703 3.52621e-05
1 2 1 2 1 1 1 2 2 1 1 2 1 1 1  0.00111378 5.08216e-05
1 2 2 2 2 1 2 1 1 1 1 1 1 2 1  0.00246573 7.53287e-05
1 1 2 2 1 1 2 1 2 1 1 2 1 1 1  0.000329058 8.42623e-06
1 1 1 2 1 1 1 2 2 1 1 2 1 2 1  0.000493464 3.02707e-05
1 2 2 2 1 1 1 1 2 1 1 2 1 2 1  0.000820419 2.85804e-05
1 1 1 1 2 1 2 2 1 1 2 1 1 2 1  0.000345636 2.42121e-05
1 1 2 2 2 1 1 2 1 1 2 2 1 2 1  0.000683099 2.34404e-05
1 1 2 1 2 1 2 2 1 1 2 1 1 2 1  0.000121364 1.15186e-05
1 2 2 1 2 1 1 2 2 1 1 1 1 2 1  0.00037696 1.10903e-05
1 1 2 1 2 1 2 1 1 1 2 1 1 2 1  0.000133609 1.57296e-05
1 2 2 2 2 1 2 1 1 1 1 1 1 1 1  0.00293508 0.000189042
1 1 2 1 1 1 2 2 1 1 2 2 1 1 1  0.000326825 2.5106e-05
1 1 2 1 1 1 2 2 2 1 1 1 1 1 1  0.0023809 0.000104247
1 2 2 1 1 1 2 2 2 1 1 2 1 2 1  0.00072067 2.80944e-05
1 2 2 1 1 1 2 1 1 1 1 2 1 2 1  0.0025848 0.000110589
1 2 1 2 1 1 1 2 2 1 1 2 1 2 1  0.000379739 2.61026e-05
1 2 1 2 1 1 1 2 1 1 1 2 1 1 1  0.00113352 6.56795e-05
1 1 1 1 1 1 2 1 2 1 1 2 1 1 1  0.0024332 0.000158706
1 2 2 2 1 1 1 1 1 1 1 1 1 2 1  0.00228109 0.000116458
1 1 2 2 1 1 1 2 2 1 1 1 1 2 1  0.00113542 3.1678e-05
1 2 1 2 1 1 2 2 2 1 1 2 1 2 1  0.000133969 8.11268e-06
1 2 2 1 2 1 2 1 1 1 2 1 1 2 1  0.000367847 2.6444e-05
1 1 2 2 1 1 2 1 1 1 2 2 1 1 1  0.000377932 3.82384e-05
1 1 2 1 1 1 1 2 2 1 2 2 1 1 1  0.000255723 1.53223e-05
