ZigZag Square 8 Types
0 0 1 1 2 2 3 3 4 4 5 5 6 6 7 7
0.01 0.01 0.01 10 0.01 0.01 0.01 0.01
0.01 1000 0.01 0.01 0.01 0.01 0.01 
0.01 0.01 0.01 10 0.01 0.01
0.01 1000 0.01 0.01 0.01
0.01 0.01 0.01 10
0.01 1000 0.01
0.01 0.01
0.01

171.36 0.1 0.1 10000 0.1 0.362659 0.1 0.130808
 1058.36 10000 0.1 0.163407 0.195182 0.1 6582.1
 1.77085 0.195651 0.284389 10000 326.704 0.206789
 489.45 10000 0.553708 2313.2 0.1
 4.78182 0.75622 0.127886 10000
 29.777 3996.88 0.1
 10000 0.12772
 3935.7 

Zig Zag Square 5 Types
2 3 3 1 0 1 1 4 1 3 0 1 2 1 1 3
86.3324 10000 8.91852 0.1 0.1 0.1 0.1 10000 10000 0.597264 0.1 876.997 241.479 0.1 220.581 higher rate
0.1 10000 6.55967 0.1 0.1 0.1 0.1 1521.93 0.1 1070.27 0.1 438.499 1.54919 0.1 110.291 lower rate

