6
8
0 1 0 0 0 0 1 0 1 0 0 0 0 1 0 1 0 0 0 0 1 0 1 0 0 0 0 1 0 1 0 0 0 0 1 0 0.383031 5 0 0 1 0 2 0 3 0 4 0 5 0 Y 5.83651 0.0477405 5 1 202750 4 147068 3 203986 2 23154 7 23042 
0 0 0 0 0 0 0 0 0 0 0 0 0 0 0 0 0 0 0 0 0 0 0 0 0 0 0 0 0 0 0 0 1 0 0 0 0.128682 6 0 0 1 0 2 0 3 0 3 -1 2 -1 Y 9.49905 0.0428646 2 6 301178 2 298822 
0 0 0 0 0 0 0 0 0 0 0 0 0 0 0 0 0 0 0 0 0 0 0 0 0 0 0 0 0 0 1 0 1 0 0 0 0.0552469 7 3 1 2 1 2 0 2 -1 3 -1 3 0 Y 0 0 0 
0 0 0 0 0 0 0 0 0 0 0 0 0 0 0 0 0 0 1 0 0 0 0 0 0 0 0 0 0 0 0 0 0 0 0 0 0.128288 6 3 1 2 1 2 0 3 0 3 -1 4 -1 Y 9.50044 0.0347019 2 6 300185 7 299815 
0 0 0 0 0 0 0 0 0 0 0 0 0 0 0 0 0 0 0 0 0 0 0 0 0 1 0 0 0 0 0 0 0 0 0 0 0.102074 6 3 1 3 0 2 0 2 -1 3 -1 4 -1 Y 5.00001 0.0219536 1 5 600000 
0 0 0 0 0 0 0 0 0 0 0 0 0 0 0 0 0 0 0 0 0 0 0 0 0 1 0 0 0 0 1 0 0 0 0 0 0.0933976 7 4 0 3 0 2 0 2 -1 3 -1 4 -1 Y 0 0 0 
0 0 0 0 0 0 0 0 0 0 0 0 0 0 0 0 0 0 1 0 0 0 0 0 0 0 0 0 0 0 0 0 1 0 0 0 0.0543071 7 3 -1 3 0 2 0 2 -1 1 -1 1 0 Y 0 0 0 
0 0 0 0 0 0 0 0 0 0 0 0 0 0 0 0 0 0 1 0 0 0 0 0 0 0 0 0 0 0 1 0 0 0 0 0 0.0549726 7 3 1 3 0 2 0 2 1 2 2 3 2 Y 0 0 0 
