8
41
0 1 0 0 0 0 0 0 1 0 1 0 0 0 0 0 0 1 0 1 0 0 0 0 0 0 1 0 1 0 0 0 0 0 0 1 0 1 0 0 0 0 0 0 1 0 1 0 0 0 0 0 0 1 0 1 0 0 0 0 0 0 1 0 0.191008 7 0 0 1 0 2 0 3 0 4 0 5 0 6 0 7 0 Y 5.08561 0.0519009 14 14 122581 9 92224 16 2947 11 102574 2 90803 5 18431 7 16533 13 16989 1 122218 23 2911 35 2954 37 2946 3 2927 24 2962 
0 0 0 0 0 0 0 0 0 0 0 0 0 0 0 0 0 0 0 0 0 0 0 0 1 0 0 0 0 0 0 0 0 0 0 0 0 0 0 0 0 0 0 0 0 0 0 0 0 0 0 0 0 0 0 0 0 0 0 0 0 0 0 0 0.065333 8 1 -1 1 0 2 0 2 -1 3 -1 4 -1 5 -1 6 -1 Y 7.5837 0.123062 7 21 107287 9 107396 33 149388 24 53738 7 109802 40 36855 12 35534 
0 0 0 0 0 0 0 0 0 0 0 0 0 0 0 0 0 0 0 0 0 0 0 0 0 0 0 0 0 0 0 0 0 1 0 0 0 0 0 0 0 0 0 0 0 0 0 0 0 0 0 0 0 0 0 0 0 0 0 0 0 0 0 0 0.0483374 8 1 -1 2 -1 2 0 3 0 3 -1 4 -1 5 -1 6 -1 Y 5.2361 0.0287946 7 35 39362 30 299532 3 52685 38 39491 4 28876 10 70014 14 70040 
0 0 0 0 0 0 0 0 0 0 0 0 0 0 0 0 0 0 0 0 0 0 0 0 0 0 0 0 0 0 0 0 0 1 0 0 0 0 0 0 0 0 0 0 0 0 0 0 0 0 0 0 0 0 0 0 0 0 0 0 1 0 0 0 0.0103931 9 1 -1 2 -1 2 0 3 0 3 -1 4 -1 4 -2 3 -2 Y 4.4893 0.0104912 1 4 600000 
0 0 0 0 0 0 0 0 0 0 0 0 0 0 0 0 0 0 0 0 0 0 0 0 0 0 0 0 0 0 0 0 0 1 0 0 0 0 0 0 0 0 0 0 0 0 0 0 0 0 0 0 0 0 0 0 1 0 0 0 1 0 0 0 0.0146137 10 2 -2 2 -1 2 0 3 0 3 -1 4 -1 4 -2 3 -2 Y 0 0 0 
0 0 0 0 0 0 0 0 0 0 0 0 0 0 0 0 0 0 0 0 0 0 0 0 0 0 0 0 0 0 0 0 0 0 0 0 0 0 0 0 0 0 0 0 0 0 0 0 0 0 0 0 0 0 0 0 1 0 0 0 0 0 0 0 0.00432704 8 2 -2 2 -1 2 0 3 0 4 0 4 -1 4 -2 3 -2 Y 1.6439 0.0050392 4 6 85958 17 171396 4 171086 36 171560 
0 0 0 0 0 0 0 0 0 0 0 0 0 0 0 0 0 0 0 0 0 0 0 0 1 0 0 0 0 0 0 0 0 0 0 0 0 0 0 0 1 0 0 0 0 0 0 0 0 0 0 0 0 0 0 0 1 0 0 0 0 0 0 0 0.00906722 10 3 -1 2 -1 2 0 3 0 4 0 4 -1 4 -2 3 -2 Y 0 0 0 
0 0 0 0 0 0 0 0 0 0 0 0 0 0 0 0 0 0 0 0 0 0 0 0 1 0 0 0 0 0 0 0 0 0 0 0 0 0 0 0 1 0 0 0 0 0 0 0 0 0 0 0 0 0 0 0 0 0 0 0 0 0 0 0 0.0212329 9 3 -1 2 -1 2 0 3 0 4 0 4 -1 4 -2 4 -3 Y 12.5096 0.0687801 2 6 251224 8 248385 
0 0 0 0 0 0 0 0 0 0 0 0 0 0 0 0 0 0 0 0 0 0 0 0 1 0 0 0 0 0 0 0 0 0 0 0 0 0 0 0 1 0 0 0 0 0 0 0 0 0 0 0 0 0 0 0 0 0 0 0 1 0 0 0 0.00903373 10 3 -1 2 -1 2 0 3 0 4 0 4 -1 5 -1 5 0 Y 0 0 0 
0 0 0 0 0 0 0 0 0 0 0 0 0 0 0 0 0 0 0 0 0 0 0 0 0 0 0 0 0 0 0 0 0 0 0 0 0 0 0 0 0 0 0 0 0 0 0 0 0 0 0 1 0 0 0 0 0 0 0 0 0 0 0 0 0.048288 8 1 -1 2 -1 3 -1 4 -1 4 0 5 0 5 -1 6 -1 Y 5.21997 0.0383055 7 24 52581 15 300993 28 29514 1 69415 10 69184 26 38902 37 39411 
0 0 0 0 0 0 0 0 0 0 0 0 0 0 0 0 0 0 0 0 0 0 0 0 0 0 0 0 0 0 0 0 0 1 0 0 0 0 0 0 0 0 0 0 0 0 0 0 0 0 0 1 0 0 0 0 0 0 0 0 0 0 0 0 0.0258462 9 2 0 3 0 3 -1 4 -1 4 0 5 0 5 -1 5 -2 Y 0 0 0 
0 0 0 0 0 0 0 0 0 0 0 0 0 0 0 0 0 0 0 0 0 0 0 0 0 0 0 0 0 0 0 0 0 0 0 0 0 0 0 0 0 0 1 0 0 0 0 0 0 0 0 0 0 0 0 0 0 0 0 0 0 0 0 0 0.0444011 8 3 -3 3 -2 3 -1 3 0 4 0 4 -1 5 -1 5 -2 Y 5.00091 0.0223826 7 17 25159 31 150159 16 49727 21 149254 19 149760 23 50893 29 25048 
0 0 0 0 0 0 0 0 0 0 0 0 0 0 0 0 0 0 0 0 0 0 0 0 1 0 0 0 0 0 0 0 0 0 0 0 0 0 0 0 0 0 0 0 0 0 0 0 0 0 0 0 0 0 0 0 0 0 1 0 1 0 0 0 0.00906188 10 2 0 2 -1 3 -1 3 0 4 0 5 0 5 -1 4 -1 Y 0 0 0 
0 0 0 0 0 0 0 0 0 0 0 0 0 0 0 0 0 0 0 0 0 0 0 0 0 0 0 0 0 0 0 0 0 0 0 0 0 0 0 0 0 0 0 0 0 0 0 0 0 0 0 0 0 0 0 0 0 0 1 0 1 0 0 0 0.0212828 9 1 -1 2 -1 3 -1 3 0 4 0 5 0 5 -1 4 -1 Y 12.5132 0.0648337 2 27 250682 12 248761 
0 0 0 0 0 0 0 0 0 0 0 0 0 0 0 0 0 0 0 0 0 0 0 0 0 0 0 0 0 0 0 0 0 0 0 0 0 0 0 0 0 0 0 0 0 0 0 0 0 0 0 0 0 0 0 0 0 0 0 0 1 0 0 0 0.0654328 8 1 -1 2 -1 2 0 3 0 4 0 5 0 5 -1 4 -1 Y 7.54908 0.15217 7 13 107928 40 35743 3 52550 33 148532 19 109642 2 109197 8 36408 
0 0 0 0 0 0 0 0 0 0 0 0 0 0 0 0 0 0 0 0 0 0 0 0 0 0 0 0 0 0 0 0 0 0 0 0 0 0 0 0 0 0 0 0 0 0 0 0 0 0 0 1 0 0 0 0 0 0 1 0 0 0 0 0 0.0365721 9 2 -2 3 -2 4 -2 4 -1 4 0 5 0 5 -1 5 -2 Y 12.5166 0.0646875 2 26 250011 25 249302 
0 0 0 0 0 0 0 0 0 0 0 0 0 0 0 0 0 0 0 0 0 0 0 0 0 0 0 0 0 0 0 0 0 0 0 0 0 0 0 0 0 0 1 0 0 0 0 0 0 0 0 0 0 0 0 0 0 0 1 0 0 0 0 0 0.00851938 9 1 -1 2 -1 3 -1 3 0 4 0 4 -1 4 -2 3 -2 Y 4.50193 0.0146191 2 17 300115 18 299885 
0 0 0 0 0 0 0 0 0 0 0 0 0 0 0 0 0 0 0 0 0 0 0 0 0 0 0 0 0 0 0 0 0 0 0 0 0 0 0 0 0 0 1 0 0 0 0 0 0 0 0 0 0 0 0 0 1 0 1 0 0 0 0 0 0.0127073 10 2 -2 2 -1 3 -1 3 0 4 0 4 -1 4 -2 3 -2 Y 0 0 0 
0 0 0 0 0 0 0 0 0 0 0 0 0 0 0 0 0 0 0 0 0 0 0 0 1 0 0 0 0 0 0 0 0 0 0 0 0 0 0 0 0 0 1 0 0 0 0 0 0 0 0 0 0 0 0 0 0 0 1 0 0 0 0 0 0.0117093 10 2 0 2 -1 3 -1 3 0 4 0 4 -1 4 -2 3 -2 Y 0 0 0 
0 0 0 0 0 0 0 0 0 0 0 0 0 0 0 0 0 0 0 0 0 0 0 0 0 0 0 0 0 0 0 0 0 0 0 0 0 0 0 0 0 0 1 0 0 0 0 0 0 0 0 0 0 0 0 0 0 0 0 0 1 0 0 0 0.0253292 9 1 -1 2 -1 3 -1 3 0 4 0 4 -1 5 -1 5 0 Y 12.4826 0.0724186 2 22 249368 20 251363 
0 0 0 0 0 0 0 0 0 0 0 0 0 0 0 0 0 0 0 0 0 0 0 0 1 0 0 0 0 0 0 0 0 0 0 0 0 0 0 0 0 0 1 0 0 0 0 0 0 0 0 0 0 0 0 0 0 0 0 0 1 0 0 0 0.0104977 10 2 0 2 -1 3 -1 3 0 4 0 4 -1 5 -1 5 0 Y 0 0 0 
0 0 0 0 0 0 0 0 0 0 0 0 0 0 0 0 0 0 0 0 0 0 0 0 1 0 0 0 0 0 0 0 0 0 0 0 0 0 0 0 0 0 1 0 0 0 0 0 0 0 0 0 0 0 0 0 0 0 0 0 0 0 0 0 0.0253912 9 2 0 2 -1 3 -1 3 0 4 0 4 -1 5 -1 6 -1 Y 12.4642 0.0611029 2 18 251291 20 250205 
0 0 0 0 0 0 0 0 0 0 0 0 0 0 0 0 0 0 0 0 0 0 0 0 0 0 0 0 0 0 0 0 0 0 0 0 0 0 0 0 1 0 1 0 0 0 0 0 0 0 0 0 0 0 0 0 0 0 0 0 1 0 0 0 0.0116886 10 4 -2 3 -2 3 -1 3 0 4 0 4 -1 5 -1 5 0 Y 0 0 0 
0 0 0 0 0 0 0 0 0 0 0 0 0 0 0 0 0 0 0 0 0 0 0 0 0 0 0 0 0 0 0 0 0 0 0 0 0 0 0 0 1 0 1 0 0 0 0 0 0 0 0 0 0 0 0 0 0 0 0 0 0 0 0 0 0.00852854 9 4 -2 3 -2 3 -1 3 0 4 0 4 -1 5 -1 6 -1 Y 4.49617 0.016908 2 29 299642 22 300358 
0 0 0 0 0 0 0 0 0 0 0 0 0 0 0 0 0 0 0 0 0 0 0 0 1 0 0 0 0 0 0 0 0 0 0 0 0 0 0 0 0 0 0 0 0 0 0 0 0 0 0 1 0 0 0 0 0 0 0 0 0 0 0 0 0.0104362 9 3 -1 3 0 4 0 4 -1 4 -2 5 -2 5 -1 6 -1 Y 4.50764 0.0191699 1 25 600000 
0 0 0 0 0 0 0 0 0 0 0 0 0 0 0 0 0 0 0 0 0 0 0 0 1 0 0 0 0 0 0 0 0 0 0 0 0 0 0 0 0 0 0 0 0 0 0 0 0 0 0 1 0 0 0 0 0 0 1 0 0 0 0 0 0.0140984 10 3 -1 3 0 4 0 4 -1 4 -2 5 -2 5 -1 5 0 Y 0 0 0 
0 0 0 0 0 0 0 0 0 0 0 0 0 0 0 0 0 0 0 0 0 0 0 0 0 0 0 0 0 0 0 0 0 0 0 0 0 0 0 0 0 0 0 0 0 0 0 0 0 0 0 1 0 0 0 0 1 0 1 0 0 0 0 0 0.0172429 10 5 1 4 1 4 0 4 -1 4 -2 5 -2 5 -1 5 0 Y 0 0 0 
0 0 0 0 0 0 0 0 0 0 0 0 0 0 0 0 0 0 0 0 0 0 0 0 0 0 0 0 0 0 0 0 0 0 0 0 0 0 0 0 0 0 0 0 0 0 0 0 0 0 0 0 0 0 0 0 1 0 1 0 1 0 0 0 0.00910805 10 4 0 3 0 3 -1 3 -2 4 -2 5 -2 5 -1 4 -1 Y 0 0 0 
0 0 0 0 0 0 0 0 0 0 0 0 0 0 0 0 0 0 0 0 0 0 0 0 1 0 0 0 0 0 0 0 0 0 0 0 0 0 0 0 0 0 0 0 0 0 0 0 0 0 0 1 0 0 0 0 1 0 0 0 0 0 0 0 0.014648 10 4 0 3 0 3 -1 4 -1 4 -2 5 -2 5 -1 5 0 Y 0 0 0 
0 0 0 0 0 0 0 0 0 0 0 0 0 0 0 0 0 0 0 0 0 0 0 0 0 0 0 0 0 0 0 0 0 0 0 0 0 0 0 0 1 0 1 0 0 0 0 0 0 0 0 0 0 0 0 0 1 0 0 0 0 0 0 0 0.0127202 10 4 0 3 0 3 -1 3 -2 4 -2 4 -1 5 -1 5 0 Y 0 0 0 
0 0 0 0 0 0 0 0 0 0 0 0 0 0 0 0 0 0 0 0 0 0 0 0 0 0 0 0 0 0 0 0 0 1 0 0 0 0 0 0 1 0 0 0 0 0 0 0 0 0 0 0 0 0 0 0 0 0 0 0 0 0 0 0 0.0366407 9 3 -3 3 -2 3 -1 4 -1 4 -2 4 -3 5 -3 5 -4 Y 12.5022 0.0560043 2 39 250236 38 249663 
0 0 0 0 0 0 0 0 0 0 0 0 0 0 0 0 0 0 0 0 0 0 0 0 0 0 0 0 0 0 0 0 0 0 0 0 0 0 0 0 0 0 1 0 0 0 0 0 0 1 0 0 0 0 0 0 0 0 0 0 0 0 0 0 0.0227126 9 3 -3 4 -3 4 -2 4 -1 5 -1 5 -2 5 -3 5 -4 Y 6.51279 0.0251354 1 32 600000 
0 0 0 0 0 0 0 0 0 0 0 0 0 0 0 0 0 0 0 0 0 0 0 0 0 0 0 0 0 0 0 0 0 0 0 0 0 0 0 0 0 0 1 0 0 0 0 0 0 1 0 0 0 0 0 0 1 0 0 0 0 0 0 0 0.0211225 10 4 -4 4 -3 4 -2 4 -1 5 -1 5 -2 5 -3 5 -4 Y 0 0 0 
0 0 0 0 0 0 0 0 0 0 0 0 0 0 0 0 0 0 0 0 0 0 0 0 1 0 0 0 0 0 0 0 0 0 0 0 0 0 0 0 0 0 0 0 0 0 0 0 0 0 0 0 0 0 0 0 0 0 0 0 1 0 0 0 0.0188309 9 2 -2 2 -1 3 -1 3 -2 4 -2 5 -2 5 -3 4 -3 Y 0 0 0 
0 0 0 0 0 0 0 0 0 0 0 0 0 0 0 0 0 0 0 0 0 0 0 0 0 0 0 0 0 0 0 0 0 1 0 0 0 0 0 0 0 0 0 0 0 0 0 0 0 1 0 0 0 0 0 0 1 0 0 0 0 0 0 0 0.0161979 10 3 -1 4 -1 4 0 5 0 5 -1 5 -2 4 -2 3 -2 Y 0 0 0 
0 0 0 0 0 0 0 0 0 0 0 0 0 0 0 0 0 0 0 0 0 0 0 0 0 0 0 0 0 0 0 0 0 1 0 0 0 0 0 0 0 0 0 0 0 0 0 0 0 1 0 0 0 0 0 0 0 0 0 0 0 0 0 0 0.00599293 9 3 -1 4 -1 4 0 5 0 5 -1 5 -2 4 -2 4 -3 Y 4.50476 0.0182172 1 34 600000 
0 0 0 0 0 0 0 0 0 0 0 0 0 0 0 0 0 0 0 0 0 0 0 0 0 0 0 0 0 0 0 0 0 0 0 0 0 0 0 0 0 0 0 0 0 0 0 0 0 1 0 1 0 0 0 0 1 0 0 0 0 0 0 0 0.0161522 10 6 -2 5 -2 4 -2 4 -3 4 -4 5 -4 5 -3 6 -3 Y 0 0 0 
0 0 0 0 0 0 0 0 0 0 0 0 0 0 0 0 0 0 0 0 0 0 0 0 0 0 0 0 0 0 0 0 0 0 0 0 0 0 0 0 0 0 0 0 0 0 0 0 0 1 0 1 0 0 0 0 0 0 0 0 0 0 0 0 0.00598222 9 5 -1 5 -2 4 -2 4 -3 4 -4 5 -4 5 -3 6 -3 Y 4.5005 0.011257 1 36 600000 
0 0 0 0 0 0 0 0 0 0 0 0 0 0 0 0 0 0 0 0 0 0 0 0 0 0 0 0 0 0 0 0 0 1 0 0 0 0 0 0 1 0 0 0 0 0 0 0 0 0 0 0 0 0 0 0 1 0 0 0 0 0 0 0 0.0172936 10 5 -3 5 -4 5 -5 4 -5 4 -4 4 -3 4 -2 5 -2 Y 0 0 0 
0 0 0 0 0 0 0 0 0 0 0 0 0 0 0 0 0 0 0 0 0 0 0 0 0 0 0 0 0 0 0 0 0 1 0 0 0 0 0 0 1 0 0 0 0 0 0 0 0 0 0 0 0 0 0 0 0 0 0 0 1 0 0 0 0.0141004 10 3 -5 4 -5 5 -5 5 -4 4 -4 3 -4 3 -3 4 -3 Y 0 0 0 
0 0 0 0 0 0 0 0 0 0 0 0 0 0 0 0 0 0 0 0 0 0 0 0 1 0 0 0 0 0 0 0 0 0 0 0 0 0 0 0 0 0 0 0 0 0 0 0 0 0 0 0 0 0 0 0 1 0 0 0 1 0 0 0 0.00811838 10 2 -4 2 -3 3 -3 3 -4 3 -5 3 -6 2 -6 2 -5 Y 0 0 0 
